Date,Open,High,Low,Close,Volume,Dividends,Stock Splits
2018-12-11 00:00:00+01:00,127.18485260009766,127.18485260009766,127.18485260009766,127.18485260009766,0,0.0,0.0
2018-12-12 00:00:00+01:00,130.2767791748047,130.2767791748047,130.2767791748047,130.2767791748047,0,0.0,0.0
2018-12-13 00:00:00+01:00,129.90762329101562,129.90762329101562,129.90762329101562,129.90762329101562,0,0.0,0.0
2018-12-14 00:00:00+01:00,127.78477478027344,127.78477478027344,127.78477478027344,127.78477478027344,0,0.0,0.0
2018-12-17 00:00:00+01:00,128.5972137451172,128.5972137451172,128.5972137451172,128.5972137451172,0,0.825,0.0
2018-12-18 00:00:00+01:00,128.45794677734375,128.45794677734375,128.45794677734375,128.45794677734375,0,0.0,0.0
2018-12-19 00:00:00+01:00,128.41151428222656,128.41151428222656,128.41151428222656,128.41151428222656,0,0.0,0.0
2018-12-20 00:00:00+01:00,126.55450439453125,126.55450439453125,126.55450439453125,126.55450439453125,0,0.0,0.0
2018-12-21 00:00:00+01:00,125.25460815429688,125.25460815429688,125.25460815429688,125.25460815429688,0,0.0,0.0
2018-12-27 00:00:00+01:00,126.8794937133789,126.8794937133789,126.8794937133789,126.8794937133789,0,0.0,0.0
2018-12-28 00:00:00+01:00,125.71885681152345,125.71885681152345,125.71885681152345,125.71885681152344,0,0.0,0.0
2019-01-02 00:00:00+01:00,126.74018096923828,126.74018096923828,126.74018096923828,126.74018096923828,0,0.0,0.0
2019-01-03 00:00:00+01:00,126.74018096923828,126.74018096923828,126.74018096923828,126.74018096923828,0,0.0,0.0
2019-01-04 00:00:00+01:00,124.60466003417969,124.60466003417969,124.60466003417969,124.60466003417969,0,0.0,0.0
2019-01-07 00:00:00+01:00,126.97235870361328,126.97235870361328,126.97235870361328,126.97235870361328,0,0.0,0.0
2019-01-08 00:00:00+01:00,127.11161804199219,127.11161804199219,127.11161804199219,127.11161804199219,0,0.0,0.0
2019-01-09 00:00:00+01:00,127.76155853271484,127.76155853271484,127.76155853271484,127.76155853271484,0,0.0,0.0
2019-01-10 00:00:00+01:00,126.36880493164062,126.36880493164062,126.36880493164062,126.36880493164062,0,0.0,0.0
2019-01-11 00:00:00+01:00,129.0614694153599,129.29359436035156,129.0614694153599,129.29359436035156,35,0.0,0.0
2019-01-14 00:00:00+01:00,128.5972137451172,128.5972137451172,128.5972137451172,128.5972137451172,0,0.0,0.0
2019-01-15 00:00:00+01:00,129.1079028683288,129.1079028683288,127.20447540283203,127.20447540283203,100,0.0,0.0
2019-01-16 00:00:00+01:00,127.94725036621094,127.94725036621094,127.94725036621094,127.94725036621094,0,0.0,0.0
2019-01-17 00:00:00+01:00,127.76155853271484,127.76155853271484,127.76155853271484,127.76155853271484,0,0.0,0.0
2019-01-18 00:00:00+01:00,128.31866455078125,128.31866455078125,128.31866455078125,128.31866455078125,0,0.0,0.0
2019-01-21 00:00:00+01:00,130.8256072998047,130.8256072998047,130.8256072998047,130.8256072998047,0,0.0,0.0
2019-01-22 00:00:00+01:00,131.70768158175704,132.45046997070312,131.70768158175704,132.45046997070312,240,0.0,0.0
2019-01-23 00:00:00+01:00,130.7327469741809,130.7327469741809,129.9899444580078,129.9899444580078,10,0.0,0.0
2019-01-24 00:00:00+01:00,129.47926330566406,129.47926330566406,129.47926330566406,129.47926330566406,0,0.0,0.0
2019-01-25 00:00:00+01:00,128.9686279296875,128.9686279296875,128.9686279296875,128.9686279296875,0,0.0,0.0
2019-01-28 00:00:00+01:00,129.06146240234375,129.06146240234375,129.06146240234375,129.06146240234375,0,0.0,0.0
2019-01-29 00:00:00+01:00,127.80796813964844,127.80796813964844,127.80796813964844,127.80796813964844,0,0.0,0.0
2019-01-30 00:00:00+01:00,130.03639221191406,130.03639221191406,130.03639221191406,130.03639221191406,0,0.0,0.0
2019-01-31 00:00:00+01:00,132.0326739185873,132.0326739185873,131.2898712158203,131.2898712158203,22,0.0,0.0
2019-02-01 00:00:00+01:00,131.15060424804688,131.15060424804688,131.15060424804688,131.15060424804688,0,0.0,0.0
2019-02-04 00:00:00+01:00,133.37899780273438,133.37899780273438,133.37899780273438,133.37899780273438,0,0.0,0.0
2019-02-05 00:00:00+01:00,132.9147255416003,134.72531127929688,132.9147255416003,134.72531127929688,34,0.0,0.0
2019-02-06 00:00:00+01:00,133.88966602901283,133.88966602901283,133.75039672851562,133.75039672851562,345,0.0,0.0
2019-02-07 00:00:00+01:00,132.91473388671875,132.91473388671875,132.91473388671875,132.91473388671875,0,0.0,0.0
2019-02-08 00:00:00+01:00,130.1292266845703,130.1292266845703,130.1292266845703,130.1292266845703,0,0.0,0.0
2019-02-11 00:00:00+01:00,130.96490478515625,130.96490478515625,130.96490478515625,130.96490478515625,0,0.0,0.0
2019-02-12 00:00:00+01:00,132.45046997070312,132.45046997070312,132.45046997070312,132.45046997070312,0,0.0,0.0
2019-02-13 00:00:00+01:00,136.53590393066406,136.53590393066406,136.53590393066406,136.53590393066406,0,0.0,0.0
2019-02-14 00:00:00+01:00,137.32509784362622,138.5321502685547,137.32509784362622,138.5321502685547,30,0.0,0.0
2019-02-15 00:00:00+01:00,136.39662170410156,136.39662170410156,136.39662170410156,136.39662170410156,0,0.0,0.0
2019-02-18 00:00:00+01:00,138.76426696777344,138.76426696777344,138.76426696777344,138.76426696777344,0,0.0,0.0
2019-02-19 00:00:00+01:00,139.32138061523438,139.32138061523438,139.32138061523438,139.32138061523438,0,0.0,0.0
2019-02-20 00:00:00+01:00,137.46441650390625,137.46441650390625,137.46441650390625,137.46441650390625,0,0.0,0.0
2019-02-21 00:00:00+01:00,139.50709533691406,139.50709533691406,139.50709533691406,139.50709533691406,32,0.0,0.0
2019-02-22 00:00:00+01:00,140.2498779296875,140.2498779296875,140.2498779296875,140.2498779296875,0,0.0,0.0
2019-02-25 00:00:00+01:00,142.5247121079526,143.08181762695312,142.5247121079526,143.08181762695312,64,0.0,0.0
2019-02-26 00:00:00+01:00,141.59622192382812,141.59622192382812,141.59622192382812,141.59622192382812,0,0.0,0.0
2019-02-27 00:00:00+01:00,141.59622192382812,141.59622192382812,141.59622192382812,141.59622192382812,0,0.0,0.0
2019-02-28 00:00:00+01:00,140.99267473579044,143.08179890704187,140.99267473579044,142.89608764648438,187,0.0,0.0
2019-03-01 00:00:00+01:00,142.01402282714844,142.01402282714844,142.01402282714844,142.01402282714844,0,0.0,0.0
2019-03-04 00:00:00+01:00,140.667724609375,140.667724609375,140.667724609375,140.667724609375,100,0.0,0.0
2019-03-05 00:00:00+01:00,137.74295043945312,137.74295043945312,137.74295043945312,137.74295043945312,0,0.0,0.0
2019-03-06 00:00:00+01:00,138.5321502685547,138.5321502685547,138.5321502685547,138.5321502685547,0,0.0,0.0
2019-03-07 00:00:00+01:00,138.50881228882415,139.5361785888672,138.50881228882415,139.5361785888672,41,0.875,0.0
2019-03-08 00:00:00+01:00,138.64889526367188,138.64889526367188,138.64889526367188,138.64889526367188,0,0.0,0.0
2019-03-11 00:00:00+01:00,140.09654235839844,140.09654235839844,140.09654235839844,140.09654235839844,0,0.0,0.0
2019-03-12 00:00:00+01:00,141.96449279785156,141.96449279785156,141.96449279785156,141.96449279785156,0,0.0,0.0
2019-03-13 00:00:00+01:00,142.4315185546875,142.4315185546875,142.4315185546875,142.4315185546875,0,0.0,0.0
2019-03-14 00:00:00+01:00,143.4589080810547,143.4589080810547,143.4589080810547,143.4589080810547,0,0.0,0.0
2019-03-15 00:00:00+01:00,143.6456756591797,143.6456756591797,143.6456756591797,143.6456756591797,0,0.0,0.0
2019-03-18 00:00:00+01:00,144.43954467773438,144.43954467773438,144.43954467773438,144.43954467773438,0,0.0,0.0
2019-03-19 00:00:00+01:00,143.31878662109375,143.31878662109375,143.31878662109375,143.31878662109375,0,0.0,0.0
2019-03-20 00:00:00+01:00,142.89847305445997,144.2994384765625,142.89847305445997,144.2994384765625,7,0.0,0.0
2019-03-21 00:00:00+01:00,143.6923828125,143.6923828125,143.6923828125,143.6923828125,0,0.0,0.0
2019-03-22 00:00:00+01:00,143.8324799732764,143.8324799732764,142.66500854492188,142.66500854492188,15,0.0,0.0
2019-03-25 00:00:00+01:00,139.62960815429688,139.62960815429688,139.62960815429688,139.62960815429688,0,0.0,0.0
2019-03-26 00:00:00+01:00,141.26405334472656,141.26405334472656,141.26405334472656,141.26405334472656,0,0.0,0.0
2019-03-27 00:00:00+01:00,141.2173309326172,141.2173309326172,141.2173309326172,141.2173309326172,0,0.0,0.0
2019-03-28 00:00:00+01:00,141.2173309326172,141.2173309326172,141.2173309326172,141.2173309326172,0,0.0,0.0
2019-03-29 00:00:00+01:00,143.87916564941406,143.87916564941406,143.87916564941406,143.87916564941406,0,0.0,0.0
2019-04-01 00:00:00+02:00,146.68111986022538,147.61509704589844,146.58771644111374,147.61509704589844,182,0.0,0.0
2019-04-02 00:00:00+02:00,147.61509704589844,147.61509704589844,147.61509704589844,147.61509704589844,0,0.0,0.0
2019-04-03 00:00:00+02:00,148.8292694091797,148.8292694091797,148.8292694091797,148.8292694091797,0,0.0,0.0
2019-04-04 00:00:00+02:00,151.8647003173828,151.8647003173828,151.8647003173828,151.8647003173828,0,0.0,0.0
2019-04-05 00:00:00+02:00,152.56520080566406,152.56520080566406,152.56520080566406,152.56520080566406,0,0.0,0.0
2019-04-08 00:00:00+02:00,153.4524688720703,153.4524688720703,153.4524688720703,153.4524688720703,0,0.0,0.0
2019-04-09 00:00:00+02:00,152.5184783935547,152.5184783935547,152.5184783935547,152.5184783935547,0,0.0,0.0
2019-04-10 00:00:00+02:00,151.53781127929688,151.53781127929688,151.53781127929688,151.53781127929688,0,0.0,0.0
2019-04-11 00:00:00+02:00,150.37030582797723,150.55709838867188,150.37030582797723,150.55709838867188,30,0.0,0.0
2019-04-12 00:00:00+02:00,149.85665893554688,149.85665893554688,149.85665893554688,149.85665893554688,0,0.0,0.0
2019-04-15 00:00:00+02:00,150.69722383674878,150.69722383674878,148.9693603515625,148.9693603515625,78,0.0,0.0
2019-04-16 00:00:00+02:00,148.78257751464844,148.78257751464844,148.78257751464844,148.78257751464844,100,0.0,0.0
2019-04-17 00:00:00+02:00,149.389646021062,149.389646021062,148.549072265625,148.549072265625,125,0.0,0.0
2019-04-18 00:00:00+02:00,148.0353994850266,149.38966369628906,148.0353994850266,149.38966369628906,100,0.0,0.0
2019-04-23 00:00:00+02:00,151.11752319335938,151.11752319335938,151.11752319335938,151.11752319335938,13,0.0,0.0
2019-04-24 00:00:00+02:00,148.9693603515625,148.9693603515625,148.9693603515625,148.9693603515625,31,0.0,0.0
2019-04-25 00:00:00+02:00,148.73585510253906,148.73585510253906,148.73585510253906,148.73585510253906,0,0.0,0.0
2019-04-26 00:00:00+02:00,147.61509704589844,147.61509704589844,147.61509704589844,147.61509704589844,0,0.0,0.0
2019-04-29 00:00:00+02:00,148.5957794189453,148.5957794189453,148.5957794189453,148.5957794189453,0,0.0,0.0
2019-04-30 00:00:00+02:00,147.5216827392578,147.5216827392578,147.5216827392578,147.5216827392578,0,0.0,0.0
2019-05-02 00:00:00+02:00,149.62314152791163,149.62314152791163,148.92265864224598,148.9693603515625,34,0.0,0.0
2019-05-03 00:00:00+02:00,149.38966369628906,149.38966369628906,149.38966369628906,149.38966369628906,0,0.0,0.0
2019-05-06 00:00:00+02:00,148.1287843155762,148.40896606445312,148.1287843155762,148.40896606445312,192,0.0,0.0
2019-05-07 00:00:00+02:00,148.5023651123047,148.5023651123047,148.5023651123047,148.5023651123047,0,0.0,0.0
2019-05-08 00:00:00+02:00,144.7664794921875,144.7664794921875,144.7664794921875,144.7664794921875,0,0.0,0.0
2019-05-09 00:00:00+02:00,145.74715269696168,145.74715269696168,142.94522094726562,142.94522094726562,32,0.0,0.0
2019-05-10 00:00:00+02:00,143.5989990234375,143.5989990234375,143.5989990234375,143.5989990234375,0,0.0,0.0
2019-05-13 00:00:00+02:00,148.9693603515625,148.9693603515625,148.9693603515625,148.9693603515625,66,0.0,0.0
2019-05-14 00:00:00+02:00,150.79061889648438,150.79061889648438,150.79061889648438,150.79061889648438,0,0.0,0.0
2019-05-15 00:00:00+02:00,150.74388122558594,150.74388122558594,150.74388122558594,150.74388122558594,0,0.0,0.0
2019-05-16 00:00:00+02:00,150.55709838867188,150.55709838867188,150.55709838867188,150.55709838867188,0,0.0,0.0
2019-05-17 00:00:00+02:00,156.8147735595703,156.8147735595703,156.8147735595703,156.8147735595703,1,0.0,0.0
2019-05-20 00:00:00+02:00,157.7487335205078,157.7487335205078,157.7487335205078,157.7487335205078,0,0.0,0.0
2019-05-21 00:00:00+02:00,155.69398498535156,155.69398498535156,155.69398498535156,155.69398498535156,0,0.0,0.0
2019-05-22 00:00:00+02:00,155.8808135986328,155.8808135986328,155.8808135986328,155.8808135986328,0,0.0,0.0
2019-05-23 00:00:00+02:00,157.32848133754374,157.32848133754374,155.8808135986328,155.8808135986328,428,0.0,0.0
2019-05-24 00:00:00+02:00,155.92747381197478,155.92747381197478,155.64727783203125,155.64727783203125,30,0.0,0.0
2019-05-27 00:00:00+02:00,156.53460693359375,156.53460693359375,156.53460693359375,156.53460693359375,0,0.0,0.0
2019-05-28 00:00:00+02:00,158.40252685546875,158.40252685546875,158.40252685546875,158.40252685546875,0,0.0,0.0
2019-05-29 00:00:00+02:00,153.91944766247914,153.91944766247914,153.49916076660156,153.49916076660156,153,0.0,0.0
2019-05-30 00:00:00+02:00,152.7986602783203,152.7986602783203,152.7986602783203,152.7986602783203,0,0.0,0.0
2019-05-31 00:00:00+02:00,153.05691528320312,153.05691528320312,153.05691528320312,153.05691528320312,0,0.875,0.0
2019-06-03 00:00:00+02:00,151.17886352539062,151.17886352539062,151.17886352539062,151.17886352539062,0,0.0,0.0
2019-06-04 00:00:00+02:00,154.18365478515625,154.18365478515625,154.18365478515625,154.18365478515625,0,0.0,0.0
2019-06-05 00:00:00+02:00,157.28237915039062,157.28237915039062,157.28237915039062,157.28237915039062,0,0.0,0.0
2019-06-06 00:00:00+02:00,159.8176727294922,159.8176727294922,159.8176727294922,159.8176727294922,17,0.0,0.0
2019-06-07 00:00:00+02:00,164.13710021972656,164.13710021972656,164.13710021972656,164.13710021972656,0,0.0,0.0
2019-06-11 00:00:00+02:00,166.43761194326154,166.7193145751953,166.43761194326154,166.7193145751953,100,0.0,0.0
2019-06-12 00:00:00+02:00,165.3577880859375,165.3577880859375,165.3577880859375,165.3577880859375,0,0.0,0.0
2019-06-13 00:00:00+02:00,166.76626586914062,166.76626586914062,166.76626586914062,166.76626586914062,0,0.0,0.0
2019-06-14 00:00:00+02:00,168.5503692626953,168.5503692626953,168.5503692626953,168.5503692626953,0,0.0,0.0
2019-06-17 00:00:00+02:00,169.16070556640625,169.16070556640625,169.16070556640625,169.16070556640625,0,0.0,0.0
2019-06-18 00:00:00+02:00,168.26870727539062,168.26870727539062,168.26870727539062,168.26870727539062,0,0.0,0.0
2019-06-19 00:00:00+02:00,170.85089111328125,170.85089111328125,170.85089111328125,170.85089111328125,0,0.0,0.0
2019-06-20 00:00:00+02:00,167.51744079589844,167.51744079589844,167.51744079589844,167.51744079589844,0,0.0,0.0
2019-06-21 00:00:00+02:00,167.1418688332249,169.0198673594409,167.1418688332249,168.59732055664062,130,0.0,0.0
2019-06-24 00:00:00+02:00,167.28271484375,167.28271484375,167.28271484375,167.28271484375,0,0.0,0.0
2019-06-25 00:00:00+02:00,167.3766326904297,167.3766326904297,167.3766326904297,167.3766326904297,0,0.0,0.0
2019-06-26 00:00:00+02:00,167.23577880859375,167.23577880859375,167.23577880859375,167.23577880859375,0,0.0,0.0
2019-06-27 00:00:00+02:00,165.6394500732422,165.6394500732422,165.6394500732422,165.6394500732422,0,0.0,0.0
2019-06-28 00:00:00+02:00,164.27792358398438,164.27792358398438,164.27792358398438,164.27792358398438,0,0.0,0.0
2019-07-01 00:00:00+02:00,169.8649444580078,169.8649444580078,169.8649444580078,169.8649444580078,11,0.0,0.0
2019-07-02 00:00:00+02:00,167.9869842529297,167.9869842529297,167.9869842529297,167.9869842529297,0,0.0,0.0
2019-07-03 00:00:00+02:00,168.87906244359706,168.87906244359706,168.36260986328125,168.36260986328125,6,0.0,0.0
2019-07-04 00:00:00+02:00,168.36258396118902,168.36258396118902,168.2217254638672,168.2217254638672,38,0.0,0.0
2019-07-05 00:00:00+02:00,167.47052237403935,169.0668182373047,167.47052237403935,169.0668182373047,25,0.0,0.0
2019-07-08 00:00:00+02:00,167.51744079589844,167.51744079589844,167.51744079589844,167.51744079589844,0,0.0,0.0
2019-07-09 00:00:00+02:00,168.4564666748047,168.4564666748047,168.4564666748047,168.4564666748047,0,0.0,0.0
2019-07-10 00:00:00+02:00,168.31564331054688,168.31564331054688,168.31564331054688,168.31564331054688,0,0.0,0.0
2019-07-11 00:00:00+02:00,169.0198516845703,169.0198516845703,169.0198516845703,169.0198516845703,0,0.0,0.0
2019-07-12 00:00:00+02:00,167.61135864257812,167.61135864257812,167.61135864257812,167.61135864257812,0,0.0,0.0
2019-07-15 00:00:00+02:00,170.75701904296875,170.75701904296875,170.75701904296875,170.75701904296875,100,0.0,0.0
2019-07-16 00:00:00+02:00,170.00582885742188,170.00582885742188,170.00582885742188,170.00582885742188,0,0.0,0.0
2019-07-17 00:00:00+02:00,169.67713928222656,169.67713928222656,169.67713928222656,169.67713928222656,0,0.0,0.0
2019-07-18 00:00:00+02:00,167.70529252168038,170.56922912597656,167.70529252168038,170.56922912597656,30,0.0,0.0
2019-07-19 00:00:00+02:00,169.58326721191406,169.58326721191406,169.58326721191406,169.58326721191406,0,0.0,0.0
2019-07-22 00:00:00+02:00,169.58326721191406,169.58326721191406,169.58326721191406,169.58326721191406,0,0.0,0.0
2019-07-23 00:00:00+02:00,170.66310119628906,170.66310119628906,170.66310119628906,170.66310119628906,0,0.0,0.0
2019-07-24 00:00:00+02:00,173.5740203857422,173.5740203857422,173.5740203857422,173.5740203857422,0,0.0,0.0
2019-07-25 00:00:00+02:00,171.08567810058594,171.08567810058594,171.08567810058594,171.08567810058594,0,0.0,0.0
2019-07-26 00:00:00+02:00,167.61137194074067,168.08087158203125,167.61137194074067,168.08087158203125,1500,0.0,0.0
2019-07-29 00:00:00+02:00,168.8321075439453,168.8321075439453,168.8321075439453,168.8321075439453,0,0.0,0.0
2019-07-30 00:00:00+02:00,167.75223524500396,167.75223524500396,165.0760955810547,165.0760955810547,100,0.0,0.0
2019-07-31 00:00:00+02:00,166.1559295654297,166.1559295654297,166.1559295654297,166.1559295654297,0,0.0,0.0
2019-08-01 00:00:00+02:00,162.3060228082,162.91636657714844,162.3060228082,162.91636657714844,50,0.0,0.0
2019-08-02 00:00:00+02:00,160.4749800028029,160.4749800028029,159.11343383789062,159.11343383789062,246,0.0,0.0
2019-08-05 00:00:00+02:00,156.71900939941406,156.71900939941406,156.71900939941406,156.71900939941406,0,0.0,0.0
2019-08-06 00:00:00+02:00,161.22618103027344,161.22618103027344,161.22618103027344,161.22618103027344,0,0.0,0.0
2019-08-07 00:00:00+02:00,156.81289273216612,157.75189208984375,156.81289273216612,157.75189208984375,4,0.0,0.0
2019-08-08 00:00:00+02:00,159.53598980193337,159.53598980193337,158.45614624023438,158.45614624023438,14,0.0,0.0
2019-08-09 00:00:00+02:00,160.5688588985092,160.5688588985092,159.01951599121094,159.01951599121094,200,0.0,0.0
2019-08-12 00:00:00+02:00,160.24023897886036,161.7895965576172,160.24023897886036,161.7895965576172,1500,0.0,0.0
2019-08-13 00:00:00+02:00,161.60179138183594,161.60179138183594,161.60179138183594,161.60179138183594,0,0.0,0.0
2019-08-14 00:00:00+02:00,161.97738647460938,161.97738647460938,161.97738647460938,161.97738647460938,0,0.0,0.0
2019-08-15 00:00:00+02:00,157.0945576854811,157.0945576854811,155.45130920410156,155.45130920410156,30,0.0,0.0
2019-08-16 00:00:00+02:00,157.75189009759828,158.2213897705078,157.75189009759828,158.2213897705078,50,0.0,0.0
2019-08-19 00:00:00+02:00,159.8646403786777,161.08534240722656,158.9256410225621,161.08534240722656,100,0.0,0.0
2019-08-20 00:00:00+02:00,159.91154996722406,160.19325256347656,159.91154996722406,160.19325256347656,800,0.0,0.0
2019-08-21 00:00:00+02:00,159.489013671875,159.489013671875,159.489013671875,159.489013671875,0,0.0,0.0
2019-08-22 00:00:00+02:00,159.95856578596812,159.95856578596812,159.72381591796875,159.72381591796875,100,0.0,0.0
2019-08-23 00:00:00+02:00,159.1603546142578,159.1603546142578,159.1603546142578,159.1603546142578,0,0.0,0.0
2019-08-26 00:00:00+02:00,153.99588012695312,153.99588012695312,153.99588012695312,153.99588012695312,0,0.0,0.0
2019-08-27 00:00:00+02:00,155.54522705078125,155.54522705078125,155.54522705078125,155.54522705078125,0,0.0,0.0
2019-08-28 00:00:00+02:00,156.43728637695312,156.43728637695312,156.43728637695312,156.43728637695312,0,0.0,0.0
2019-08-29 00:00:00+02:00,156.5311737060547,156.5311737060547,156.5311737060547,156.5311737060547,0,0.0,0.0
2019-08-30 00:00:00+02:00,159.9058074951172,159.9058074951172,159.9058074951172,159.9058074951172,0,0.875,0.0
2019-09-02 00:00:00+02:00,161.03857421875,161.03857421875,161.03857421875,161.03857421875,0,0.0,0.0
2019-09-03 00:00:00+02:00,161.08578103422744,161.08578103422744,160.84979248046875,160.84979248046875,20,0.0,0.0
2019-09-04 00:00:00+02:00,161.793701171875,161.793701171875,161.793701171875,161.793701171875,0,0.0,0.0
2019-09-05 00:00:00+02:00,161.18016052246094,161.18016052246094,161.18016052246094,161.18016052246094,0,0.0,0.0
2019-09-06 00:00:00+02:00,160.0946044921875,160.0946044921875,160.0946044921875,160.0946044921875,0,0.0,0.0
2019-09-09 00:00:00+02:00,161.79374669550342,161.79374669550342,160.84979248046875,160.84979248046875,154,0.0,0.0
2019-09-10 00:00:00+02:00,158.72588172749641,158.72588172749641,157.5931396484375,157.5931396484375,50,0.0,0.0
2019-09-11 00:00:00+02:00,157.6875457763672,157.6875457763672,157.6875457763672,157.6875457763672,0,0.0,0.0
2019-09-12 00:00:00+02:00,160.47216796875,160.47216796875,160.47216796875,160.47216796875,0,0.0,0.0
2019-09-13 00:00:00+02:00,163.2568359375,163.2568359375,163.2568359375,163.2568359375,0,0.0,0.0
2019-09-16 00:00:00+02:00,163.2096710205078,163.2096710205078,163.2096710205078,163.2096710205078,0,0.0,0.0
2019-09-17 00:00:00+02:00,161.46336364746094,161.46336364746094,161.46336364746094,161.46336364746094,0,0.0,0.0
2019-09-18 00:00:00+02:00,163.77601623535156,163.77601623535156,163.77601623535156,163.77601623535156,0,0.0,0.0
2019-09-19 00:00:00+02:00,164.38958740234375,164.38958740234375,164.38958740234375,164.38958740234375,0,0.0,0.0
2019-09-20 00:00:00+02:00,165.99432373046875,165.99432373046875,165.99432373046875,165.99432373046875,0,0.0,0.0
2019-09-23 00:00:00+02:00,166.8910675048828,166.8910675048828,166.8910675048828,166.8910675048828,0,0.0,0.0
2019-09-24 00:00:00+02:00,165.6167449951172,165.6167449951172,165.6167449951172,165.6167449951172,0,0.0,0.0
2019-09-25 00:00:00+02:00,164.15359031961316,165.14474487304688,164.15359031961316,165.14474487304688,40,0.0,0.0
2019-09-26 00:00:00+02:00,165.05038452148438,165.05038452148438,165.05038452148438,165.05038452148438,0,0.0,0.0
2019-09-27 00:00:00+02:00,165.9471435546875,165.9471435546875,165.9471435546875,165.9471435546875,0,0.0,0.0
2019-09-30 00:00:00+02:00,164.9087677001953,164.9087677001953,164.9087677001953,164.9087677001953,0,0.0,0.0
2019-10-01 00:00:00+02:00,168.11822509765625,168.11822509765625,168.11822509765625,168.11822509765625,0,0.0,0.0
2019-10-02 00:00:00+02:00,163.02085876464844,163.02085876464844,163.02085876464844,163.02085876464844,0,0.0,0.0
2019-10-04 00:00:00+02:00,158.01791381835938,158.01791381835938,158.01791381835938,158.01791381835938,0,0.0,0.0
2019-10-07 00:00:00+02:00,159.3394775390625,159.3394775390625,159.3394775390625,159.3394775390625,0,0.0,0.0
2019-10-08 00:00:00+02:00,162.40731811523438,162.40731811523438,162.40731811523438,162.40731811523438,0,0.0,0.0
2019-10-09 00:00:00+02:00,158.584273533392,159.81141662597656,158.584273533392,159.81141662597656,20,0.0,0.0
2019-10-10 00:00:00+02:00,160.14181518554688,160.14181518554688,160.14181518554688,160.14181518554688,0,0.0,0.0
2019-10-11 00:00:00+02:00,164.62557983398438,164.62557983398438,164.62557983398438,164.62557983398438,0,0.0,0.0
2019-10-14 00:00:00+02:00,166.74945068359375,166.74945068359375,166.74945068359375,166.74945068359375,0,0.0,0.0
2019-10-15 00:00:00+02:00,166.13590191327876,167.83502197265625,166.13590191327876,167.83502197265625,50,0.0,0.0
2019-10-16 00:00:00+02:00,167.4574432373047,167.4574432373047,167.4574432373047,167.4574432373047,0,0.0,0.0
2019-10-17 00:00:00+02:00,168.11822509765625,168.11822509765625,168.11822509765625,168.11822509765625,0,0.0,0.0
2019-10-18 00:00:00+02:00,166.46629333496094,166.46629333496094,166.46629333496094,166.46629333496094,0,0.0,0.0
2019-10-21 00:00:00+02:00,165.6167449951172,165.6167449951172,165.6167449951172,165.6167449951172,0,0.0,0.0
2019-10-22 00:00:00+02:00,164.62557983398438,164.62557983398438,164.62557983398438,164.62557983398438,84,0.0,0.0
2019-10-23 00:00:00+02:00,161.8881378173828,161.8881378173828,161.8881378173828,161.8881378173828,0,0.0,0.0
2019-10-24 00:00:00+02:00,164.62557983398438,164.62557983398438,164.62557983398438,164.62557983398438,0,0.0,0.0
2019-10-25 00:00:00+02:00,164.29519653320312,164.29519653320312,164.29519653320312,164.29519653320312,0,0.0,0.0
2019-10-28 00:00:00+01:00,165.66392517089844,165.66392517089844,165.66392517089844,165.66392517089844,0,0.0,0.0
2019-10-29 00:00:00+01:00,166.7022705078125,166.7022705078125,166.7022705078125,166.7022705078125,0,0.0,0.0
2019-10-30 00:00:00+01:00,169.34537570571212,169.34537570571212,167.78785705566406,167.78785705566406,56,0.0,0.0
2019-10-31 00:00:00+01:00,168.4958038330078,168.4958038330078,168.4958038330078,168.4958038330078,0,0.0,0.0
2019-11-01 00:00:00+01:00,167.50466918945312,167.50466918945312,167.50466918945312,167.50466918945312,0,0.0,0.0
2019-11-04 00:00:00+01:00,168.59022521972656,168.59022521972656,168.59022521972656,168.59022521972656,0,0.0,0.0
2019-11-05 00:00:00+01:00,169.8173370361328,169.8173370361328,169.8173370361328,169.8173370361328,0,0.0,0.0
2019-11-06 00:00:00+01:00,170.00611877441406,170.00611877441406,170.00611877441406,170.00611877441406,0,0.0,0.0
2019-11-07 00:00:00+01:00,171.28044008675508,171.56362915039062,171.28044008675508,171.56362915039062,33,0.0,0.0
2019-11-08 00:00:00+01:00,172.46038916028996,174.34829711914062,172.46038916028996,174.34829711914062,81,0.0,0.0
2019-11-11 00:00:00+01:00,173.35719277557638,173.49879455566406,173.35719277557638,173.49879455566406,27,0.0,0.0
2019-11-12 00:00:00+01:00,173.7347875596722,176.566650390625,173.7347875596722,176.566650390625,25,0.0,0.0
2019-11-13 00:00:00+01:00,175.00906372070312,175.00906372070312,175.00906372070312,175.00906372070312,0,0.0,0.0
2019-11-14 00:00:00+01:00,178.12411499023438,178.12411499023438,178.12411499023438,178.12411499023438,0,0.0,0.0
2019-11-15 00:00:00+01:00,179.82325744628906,179.82325744628906,179.82325744628906,179.82325744628906,0,0.0,0.0
2019-11-18 00:00:00+01:00,178.643310546875,178.643310546875,178.643310546875,178.643310546875,0,0.0,0.0
2019-11-19 00:00:00+01:00,178.21856689453125,178.21856689453125,178.21856689453125,178.21856689453125,0,0.0,0.0
2019-11-20 00:00:00+01:00,176.70820973604472,176.70820973604472,176.000244140625,176.000244140625,1,0.0,0.0
2019-11-21 00:00:00+01:00,175.6226806640625,175.6226806640625,175.6226806640625,175.6226806640625,0,0.0,0.0
2019-11-22 00:00:00+01:00,176.28341674804688,176.28341674804688,176.28341674804688,176.28341674804688,0,0.0,0.0
2019-11-25 00:00:00+01:00,176.7554168701172,176.7554168701172,176.7554168701172,176.7554168701172,0,0.0,0.0
2019-11-26 00:00:00+01:00,176.3306427001953,176.3306427001953,176.3306427001953,176.3306427001953,0,0.0,0.0
2019-11-27 00:00:00+01:00,175.90582275390625,175.90582275390625,175.90582275390625,175.90582275390625,0,0.0,0.0
2019-11-28 00:00:00+01:00,175.6698760986328,175.6698760986328,175.6698760986328,175.6698760986328,0,0.0,0.0
2019-11-29 00:00:00+01:00,175.1506797102753,176.37782287597656,175.1506797102753,176.37782287597656,31,0.0,0.0
2019-12-02 00:00:00+01:00,177.34993096428948,177.34993096428948,175.45314025878906,175.45314025878906,10,0.875,0.0
2019-12-03 00:00:00+01:00,171.13792204913779,172.0388946533203,171.13792204913779,172.0388946533203,28,0.0,0.0
2019-12-04 00:00:00+01:00,172.46572875976562,172.46572875976562,172.46572875976562,172.46572875976562,0,0.0,0.0
2019-12-05 00:00:00+01:00,174.45733642578125,174.45733642578125,174.45733642578125,174.45733642578125,0,0.0,0.0
2019-12-06 00:00:00+01:00,173.5563201904297,173.5563201904297,173.5563201904297,173.5563201904297,0,0.0,0.0
2019-12-09 00:00:00+01:00,175.8324737548828,175.8324737548828,175.8324737548828,175.8324737548828,0,0.0,0.0
2019-12-10 00:00:00+01:00,175.54795837402344,175.54795837402344,175.54795837402344,175.54795837402344,0,0.0,0.0
2019-12-11 00:00:00+01:00,174.88409423828125,174.88409423828125,174.88409423828125,174.88409423828125,0,0.0,0.0
2019-12-12 00:00:00+01:00,175.73765563964844,175.73765563964844,175.73765563964844,175.73765563964844,0,0.0,0.0
2019-12-13 00:00:00+01:00,180.1951102251048,181.19092820220058,179.5786590576172,179.5786590576172,115,0.0,0.0
2019-12-16 00:00:00+01:00,178.6776628105784,179.29412841796875,178.6776628105784,179.29412841796875,200,0.0,0.0
2019-12-17 00:00:00+01:00,178.77252197265625,178.77252197265625,178.77252197265625,178.77252197265625,0,0.0,0.0
2019-12-18 00:00:00+01:00,177.8241191727232,178.53541564941406,177.8241191727232,178.53541564941406,10,0.0,0.0
2019-12-19 00:00:00+01:00,176.6860809326172,176.6860809326172,176.6860809326172,176.6860809326172,0,0.0,0.0
2019-12-20 00:00:00+01:00,177.49217224121094,177.49217224121094,177.49217224121094,177.49217224121094,0,0.0,0.0
2019-12-23 00:00:00+01:00,181.19091796875,181.19091796875,181.19091796875,181.19091796875,0,0.0,0.0
2019-12-27 00:00:00+01:00,180.62189188236667,181.75996341041966,180.62189188236667,181.2383575439453,20,0.0,0.0
2019-12-30 00:00:00+01:00,180.9538116455078,180.9538116455078,180.9538116455078,180.9538116455078,0,0.0,0.0
2020-01-02 00:00:00+01:00,180.52706909179688,180.52706909179688,180.52706909179688,180.52706909179688,0,0.0,0.0
2020-01-03 00:00:00+01:00,178.53541564941406,178.53541564941406,178.53541564941406,178.53541564941406,0,0.0,0.0
2020-01-06 00:00:00+01:00,174.12534324555443,174.36244201660156,174.12534324555443,174.36244201660156,50,0.0,0.0
2020-01-07 00:00:00+01:00,174.59954833984375,174.59954833984375,174.59954833984375,174.59954833984375,0,0.0,0.0
2020-01-08 00:00:00+01:00,173.88829400217753,174.97894287109375,173.88829400217753,174.97894287109375,50,0.0,0.0
2020-01-09 00:00:00+01:00,177.53955983428503,178.29827880859375,177.53955983428503,178.29827880859375,54,0.0,0.0
2020-01-10 00:00:00+01:00,178.91477966308594,178.91477966308594,178.91477966308594,178.91477966308594,0,0.0,0.0
2020-01-13 00:00:00+01:00,179.00961303710938,179.00961303710938,179.00961303710938,179.00961303710938,0,0.0,0.0
2020-01-14 00:00:00+01:00,180.00543933126764,180.71673583984375,180.00543933126764,180.71673583984375,60,0.0,0.0
2020-01-15 00:00:00+01:00,179.6735076904297,179.6735076904297,179.6735076904297,179.6735076904297,0,0.0,0.0
2020-01-16 00:00:00+01:00,180.1951141357422,180.1951141357422,180.1951141357422,180.1951141357422,0,0.0,0.0
2020-01-17 00:00:00+01:00,181.00124181034064,181.52284762812553,181.00124181034064,181.19091796875,411,0.0,0.0
2020-01-20 00:00:00+01:00,182.2815528459389,182.2815528459389,181.7125244140625,181.7125244140625,13,0.0,0.0
2020-01-21 00:00:00+01:00,180.14768981933594,180.14768981933594,180.14768981933594,180.14768981933594,0,0.0,0.0
2020-01-22 00:00:00+01:00,181.47543334960938,181.47543334960938,181.47543334960938,181.47543334960938,0,0.0,0.0
2020-01-23 00:00:00+01:00,178.86738770124254,179.91061401367188,178.86738770124254,179.91061401367188,30,0.0,0.0
2020-01-24 00:00:00+01:00,179.2467041015625,179.2467041015625,179.2467041015625,179.2467041015625,0,0.0,0.0
2020-01-27 00:00:00+01:00,179.62606978011843,179.62606978011843,176.7808837890625,176.7808837890625,308,0.0,0.0
2020-01-28 00:00:00+01:00,176.4015350341797,176.4015350341797,176.4015350341797,176.4015350341797,0,0.0,0.0
2020-01-29 00:00:00+01:00,178.2983165614652,179.00961303710938,178.2983165614652,179.00961303710938,50,0.0,0.0
2020-01-30 00:00:00+01:00,178.39315934129553,178.39315934129553,177.49217224121094,177.49217224121094,20,0.0,0.0
2020-01-31 00:00:00+01:00,178.44057983140638,178.44057983140638,175.45314025878906,175.45314025878906,50,0.0,0.0
2020-02-03 00:00:00+01:00,174.50474548339844,174.50474548339844,174.50474548339844,174.50474548339844,0,0.0,0.0
2020-02-04 00:00:00+01:00,178.01377868652344,178.01377868652344,178.01377868652344,178.01377868652344,0,0.0,0.0
2020-02-05 00:00:00+01:00,182.70836383187824,186.73904418945312,182.70836383187824,186.73904418945312,51,0.0,0.0
2020-02-06 00:00:00+01:00,186.21740810004968,186.73901389638112,186.21740810004968,186.2648162841797,51,0.0,0.0
2020-02-07 00:00:00+01:00,186.59677124023438,186.59677124023438,186.59677124023438,186.59677124023438,0,0.0,0.0
2020-02-10 00:00:00+01:00,186.02772521972656,186.02772521972656,186.02772521972656,186.02772521972656,0,0.0,0.0
2020-02-11 00:00:00+01:00,187.97194139614066,189.9635772705078,187.97194139614066,189.9635772705078,27,0.0,0.0
2020-02-12 00:00:00+01:00,188.82554193901507,190.15328979492188,188.82554193901507,190.15328979492188,20,0.0,0.0
2020-02-13 00:00:00+01:00,188.44610952422806,194.80035400390625,188.44610952422806,194.80035400390625,60,0.0,0.0
2020-02-14 00:00:00+01:00,194.6107119316133,194.6107119316133,194.42103576660156,194.42103576660156,12,0.0,0.0
2020-02-17 00:00:00+01:00,195.27461050293243,198.1197967529297,195.27461050293243,198.1197967529297,240,0.0,0.0
2020-02-18 00:00:00+01:00,196.4126739501953,196.4126739501953,196.4126739501953,196.4126739501953,0,0.0,0.0
2020-02-19 00:00:00+01:00,196.5075225830078,196.5075225830078,196.5075225830078,196.5075225830078,0,0.0,0.0
2020-02-20 00:00:00+01:00,194.80035400390625,194.80035400390625,194.80035400390625,194.80035400390625,100,0.0,0.0
2020-02-21 00:00:00+01:00,191.67071533203125,191.67071533203125,191.67071533203125,191.67071533203125,0,0.0,0.0
2020-02-24 00:00:00+01:00,186.59676865907963,186.83386747567312,185.07933044433594,185.07933044433594,32,0.0,0.0
2020-02-25 00:00:00+01:00,185.41128508416762,185.41128508416762,180.1002655029297,180.1002655029297,61,0.0,0.0
2020-02-26 00:00:00+01:00,177.39737483262172,177.39737483262172,172.22862243652344,172.22862243652344,41,0.0,0.0
2020-02-27 00:00:00+01:00,176.30667672876638,176.8757196851998,172.1337432861328,172.1337432861328,339,0.0,0.0
2020-02-28 00:00:00+01:00,167.3917915119756,167.3917915119756,162.2704620361328,162.2704620361328,33,0.0,0.0
2020-03-02 00:00:00+01:00,165.73207092285156,165.73207092285156,165.73207092285156,165.73207092285156,0,0.0,0.0
2020-03-03 00:00:00+01:00,165.25786776988167,168.5298283981692,165.25786776988167,168.43499755859375,137,0.0,0.0
2020-03-04 00:00:00+01:00,167.48659241110587,170.04725646972656,167.48659241110587,170.04725646972656,10,0.0,0.0
2020-03-05 00:00:00+01:00,172.1097412109375,172.1097412109375,172.1097412109375,172.1097412109375,0,0.963,0.0
2020-03-06 00:00:00+01:00,165.43510750278696,165.43510750278696,162.90829467773438,162.90829467773438,6,0.0,0.0
2020-03-09 00:00:00+01:00,147.79506438817734,148.7485809326172,143.9809982104179,148.7485809326172,891,0.0,0.0
2020-03-10 00:00:00+01:00,150.65561340332033,150.84631380152425,143.02748107910156,143.02748107910156,289,0.0,0.0
2020-03-11 00:00:00+01:00,142.07393935326488,146.9845428466797,142.07393935326488,146.9845428466797,299,0.0,0.0
2020-03-12 00:00:00+01:00,139.7855530425752,140.69139099121094,139.7855530425752,140.69139099121094,34,0.0,0.0
2020-03-13 00:00:00+01:00,137.30639534270856,149.3683749471081,137.30639534270856,139.4041290283203,102,0.0,0.0
2020-03-16 00:00:00+01:00,133.49231693771418,133.49231693771418,125.91186327865272,133.1109161376953,955,0.0,0.0
2020-03-17 00:00:00+01:00,137.3064166891164,139.11809275618208,137.115716242506,138.2599334716797,96,0.0,0.0
2020-03-18 00:00:00+01:00,135.8761325207093,139.97625732421875,133.30164028811373,139.97625732421875,89,0.0,0.0
2020-03-19 00:00:00+01:00,134.92257550627548,141.21578979492188,134.92257550627548,141.21578979492188,20,0.0,0.0
2020-03-20 00:00:00+01:00,138.73665330871947,140.30994974293293,135.39934549716952,137.8784942626953,302,0.0,0.0
2020-03-23 00:00:00+01:00,133.96908712257328,139.4041290283203,131.34691637818128,139.4041290283203,181,0.0,0.0
2020-03-24 00:00:00+01:00,139.21341743342504,144.88683804221438,139.21341743342504,143.50424194335938,88,0.0,0.0
2020-03-25 00:00:00+01:00,147.7950594398092,148.70089721679688,147.7950594398092,148.70089721679688,22,0.0,0.0
2020-03-26 00:00:00+01:00,145.60198974609375,145.60198974609375,145.60198974609375,145.60198974609375,10,0.0,0.0
2020-03-27 00:00:00+01:00,146.8415678153668,148.79627990722656,146.8415678153668,148.79627990722656,15,0.0,0.0
2020-03-30 00:00:00+02:00,144.93451880324702,151.79983520507812,144.93451880324702,151.79983520507812,220,0.0,0.0
2020-03-31 00:00:00+02:00,150.46492172720576,153.75455107281545,150.22654257825565,151.99053955078125,157,0.0,0.0
2020-04-01 00:00:00+02:00,146.46017204990267,146.46017204990267,145.98341369628906,145.98341369628906,32,0.0,0.0
2020-04-02 00:00:00+02:00,144.0286865234375,144.0286865234375,144.0286865234375,144.0286865234375,0,0.0,0.0
2020-04-03 00:00:00+02:00,143.98101414078903,143.98101414078903,143.79031372070312,143.79031372070312,20,0.0,0.0
2020-04-06 00:00:00+02:00,151.60916312478972,151.60916312478972,149.36839294433594,149.36839294433594,15,0.0,0.0
2020-04-07 00:00:00+02:00,156.1860349679864,158.18841126466617,156.1860349679864,158.1407470703125,165,0.0,0.0
2020-04-08 00:00:00+02:00,159.18959514347978,159.18959514347978,157.42559814453125,157.42559814453125,526,0.0,0.0
2020-04-09 00:00:00+02:00,160.66754168702147,161.57337951660156,157.3302336994572,161.57337951660156,60,0.0,0.0
2020-04-14 00:00:00+02:00,164.9583431961899,166.15023873951498,164.05250549316406,164.05250549316406,149,0.0,0.0
2020-04-15 00:00:00+02:00,163.1943663361512,163.1943663361512,162.00247054184828,162.2885284423828,32,0.0,0.0
2020-04-16 00:00:00+02:00,158.7128143310547,158.7128143310547,158.7128143310547,158.7128143310547,0,0.0,0.0
2020-04-17 00:00:00+02:00,163.05133056640625,163.05133056640625,163.05133056640625,163.05133056640625,0,0.0,0.0
2020-04-20 00:00:00+02:00,165.81654975461717,165.81654975461717,161.95481872558594,161.95481872558594,181,0.0,0.0
2020-04-21 00:00:00+02:00,160.19077701051503,161.33499393640292,159.85704040527344,159.85704040527344,18,0.0,0.0
2020-04-22 00:00:00+02:00,158.61749267578125,158.61749267578125,158.61749267578125,158.61749267578125,0,0.0,0.0
2020-04-23 00:00:00+02:00,159.9047015726973,162.38385009765625,159.9047015726973,162.38385009765625,5,0.0,0.0
2020-04-24 00:00:00+02:00,158.37911770119652,160.619873046875,158.37911770119652,160.619873046875,5,0.0,0.0
2020-04-27 00:00:00+02:00,161.6210505766027,162.09780883789062,161.6210505766027,162.09780883789062,298,0.0,0.0
2020-04-28 00:00:00+02:00,161.23965226051283,163.62344360351562,161.23965226051283,163.62344360351562,1,0.0,0.0
2020-04-29 00:00:00+02:00,164.14785766601562,164.14785766601562,164.14785766601562,164.14785766601562,0,0.0,0.0
2020-04-30 00:00:00+02:00,168.10496520996094,168.10496520996094,168.10496520996094,168.10496520996094,0,0.0,0.0
2020-05-04 00:00:00+02:00,154.46966738896543,157.04415893554688,154.46966738896543,157.04415893554688,37,0.0,0.0
2020-05-05 00:00:00+02:00,159.28492821368056,162.00244140625,159.28492821368056,162.00244140625,47,0.0,0.0
2020-05-06 00:00:00+02:00,161.14430236816406,161.14430236816406,161.14430236816406,161.14430236816406,0,0.0,0.0
2020-05-07 00:00:00+02:00,159.427978515625,159.427978515625,159.427978515625,159.427978515625,0,0.0,0.0
2020-05-08 00:00:00+02:00,163.09898376464844,163.09898376464844,163.09898376464844,163.09898376464844,0,0.0,0.0
2020-05-11 00:00:00+02:00,164.81533927501704,164.81533927501704,163.62344360351562,163.62344360351562,100,0.0,0.0
2020-05-12 00:00:00+02:00,162.57456970214844,162.57456970214844,162.57456970214844,162.57456970214844,0,0.0,0.0
2020-05-13 00:00:00+02:00,160.52452240962833,161.14430236816406,160.52452240962833,161.14430236816406,30,0.0,0.0
2020-05-14 00:00:00+02:00,156.23370520127085,156.23370520127085,154.89877319335938,154.89877319335938,198,0.0,0.0
2020-05-15 00:00:00+02:00,155.42320251464844,155.42320251464844,155.42320251464844,155.42320251464844,0,0.0,0.0
2020-05-18 00:00:00+02:00,161.14430236816406,161.14430236816406,161.14430236816406,161.14430236816406,10,0.0,0.0
2020-05-19 00:00:00+02:00,168.86780433709993,169.34456266154174,166.67471313476562,166.67471313476562,16,0.0,0.0
2020-05-20 00:00:00+02:00,166.10256958007812,166.10256958007812,166.10256958007812,166.10256958007812,0,0.0,0.0
2020-05-21 00:00:00+02:00,169.0107879638672,169.0107879638672,169.0107879638672,169.0107879638672,0,0.0,0.0
2020-05-22 00:00:00+02:00,165.81651306152344,165.81651306152344,165.81651306152344,165.81651306152344,10,0.0,0.0
2020-05-25 00:00:00+02:00,168.1526444001362,169.91664123535156,168.1526444001362,169.91664123535156,190,0.0,0.0
2020-05-26 00:00:00+02:00,171.25159358689635,171.25159358689635,168.00962829589844,168.00962829589844,37,0.0,0.0
2020-05-27 00:00:00+02:00,168.4863739013672,168.4863739013672,168.4863739013672,168.4863739013672,0,0.0,0.0
2020-05-28 00:00:00+02:00,169.3445587158203,169.3445587158203,169.3445587158203,169.3445587158203,0,0.0,0.0
2020-05-29 00:00:00+02:00,171.44227384890567,172.77719116210938,171.44227384890567,172.77719116210938,5,0.0,0.0
2020-06-02 00:00:00+02:00,177.3909873523466,177.67857360839844,176.19272347483445,177.67857360839844,72,0.963,0.0
2020-06-03 00:00:00+02:00,178.87686157226562,178.87686157226562,178.87686157226562,178.87686157226562,0,0.0,0.0
2020-06-04 00:00:00+02:00,181.5130530636576,182.0882110595703,181.5130530636576,182.0882110595703,15,0.0,0.0
2020-06-05 00:00:00+02:00,182.37578868116728,188.51089477539062,182.37578868116728,188.51089477539062,154,0.0,0.0
2020-06-08 00:00:00+02:00,189.46949768066406,189.46949768066406,189.46949768066406,189.46949768066406,50,0.0,0.0
2020-06-09 00:00:00+02:00,184.82022646308954,184.82022646308954,182.2319793701172,182.2319793701172,57,0.0,0.0
2020-06-10 00:00:00+02:00,183.43025459726832,183.43025459726832,181.4171652743691,182.13612365722656,314,0.0,0.0
2020-06-11 00:00:00+02:00,175.32998497687385,176.5282489929193,172.55001831054688,172.55001831054688,117,0.0,0.0
2020-06-12 00:00:00+02:00,172.2144775390625,172.2144775390625,172.2144775390625,172.2144775390625,18,0.0,0.0
2020-06-15 00:00:00+02:00,167.61318843035497,171.68728637695312,167.61318843035497,171.68728637695312,37,0.0,0.0
2020-06-16 00:00:00+02:00,174.46722412109375,174.46722412109375,174.46722412109375,174.46722412109375,0,0.0,0.0
2020-06-17 00:00:00+02:00,177.10340796176465,178.2537384033203,177.10340796176465,178.2537384033203,100,0.0,0.0
2020-06-18 00:00:00+02:00,176.624092533156,178.97268676757812,176.624092533156,178.97268676757812,55,0.0,0.0
2020-06-19 00:00:00+02:00,178.58929443359375,178.58929443359375,178.58929443359375,178.58929443359375,0,0.0,0.0
2020-06-22 00:00:00+02:00,175.7134246826172,175.7134246826172,175.7134246826172,175.7134246826172,0,0.0,0.0
2020-06-23 00:00:00+02:00,178.82892395437648,181.32130432128906,178.82892395437648,181.32130432128906,50,0.0,0.0
2020-06-24 00:00:00+02:00,180.79406397491744,180.79406397491744,176.6240997314453,176.6240997314453,10,0.0,0.0
2020-06-25 00:00:00+02:00,174.56312561035156,174.56312561035156,174.56312561035156,174.56312561035156,0,0.0,0.0
2020-06-26 00:00:00+02:00,178.1099451991703,178.1099451991703,178.06201171875,178.06201171875,80,0.0,0.0
2020-06-29 00:00:00+02:00,174.5151799667013,180.50650024414062,174.5151799667013,180.50650024414062,50,0.0,0.0
2020-06-30 00:00:00+02:00,180.123046875,180.123046875,180.123046875,180.123046875,0,0.0,0.0
2020-07-01 00:00:00+02:00,179.40405188005175,181.70472717285156,179.40405188005175,181.70472717285156,5,0.0,0.0
2020-07-02 00:00:00+02:00,181.51305375637284,188.94229125976562,181.51305375637284,188.94229125976562,250,0.0,0.0
2020-07-03 00:00:00+02:00,188.2233123779297,188.2233123779297,188.2233123779297,188.2233123779297,2,0.0,0.0
2020-07-06 00:00:00+02:00,190.76364135742188,191.67431913191996,190.76364135742188,190.76364135742188,160,0.0,0.0
2020-07-07 00:00:00+02:00,189.2777909741634,190.76364135742188,189.2777909741634,190.76364135742188,13,0.0,0.0
2020-07-08 00:00:00+02:00,189.2298492363817,193.44774738650884,189.2298492363817,191.7222442626953,551,0.0,0.0
2020-07-09 00:00:00+02:00,189.22985318107644,191.818115234375,189.22985318107644,191.818115234375,35,0.0,0.0
2020-07-10 00:00:00+02:00,187.1688234550438,190.09259033203125,187.1688234550438,190.09259033203125,230,0.0,0.0
2020-07-13 00:00:00+02:00,193.63945394867886,194.59806510684064,193.16014836959798,193.35186767578125,170,0.0,0.0
2020-07-14 00:00:00+02:00,190.28432011289365,191.530517578125,190.28432011289365,191.530517578125,100,0.0,0.0
2020-07-15 00:00:00+02:00,196.7070201755011,201.5000762939453,196.7070201755011,201.5000762939453,60,0.0,0.0
2020-07-16 00:00:00+02:00,198.72009250898705,204.56761169433594,198.72009250898705,204.56761169433594,2560,0.0,0.0
2020-07-17 00:00:00+02:00,201.3083521653606,202.93798828125,201.3083521653606,202.93798828125,16,0.0,0.0
2020-07-20 00:00:00+02:00,202.74628274972093,204.855224609375,202.74628274972093,204.855224609375,6,0.0,0.0
2020-07-21 00:00:00+02:00,205.14282170033303,205.52626037597656,205.14282170033303,205.52626037597656,130,0.0,0.0
2020-07-22 00:00:00+02:00,203.32144512357542,203.80075073242188,203.32144512357542,203.80075073242188,12,0.0,0.0
2020-07-23 00:00:00+02:00,202.93798828125,202.93798828125,202.93798828125,202.93798828125,0,0.0,0.0
2020-07-24 00:00:00+02:00,201.5959432672128,201.5959432672128,201.5000762939453,201.5000762939453,15,0.0,0.0
2020-07-27 00:00:00+02:00,201.40423130270474,201.8835369320522,200.7331917198207,201.69180297851562,184,0.0,0.0
2020-07-28 00:00:00+02:00,201.5000762939453,201.5000762939453,201.5000762939453,201.5000762939453,0,0.0,0.0
2020-07-29 00:00:00+02:00,200.15801177132826,201.1166229248047,200.15801177132826,201.1166229248047,48,0.0,0.0
2020-07-30 00:00:00+02:00,199.39111328125,199.39111328125,199.39111328125,199.39111328125,0,0.0,0.0
2020-07-31 00:00:00+02:00,195.65254780593594,198.52838134765625,195.65254780593594,198.52838134765625,10,0.0,0.0
2020-08-03 00:00:00+02:00,199.19939629978558,201.7876434326172,199.19939629978558,201.7876434326172,24,0.0,0.0
2020-08-04 00:00:00+02:00,201.7876434326172,201.7876434326172,201.7876434326172,201.7876434326172,0,0.0,0.0
2020-08-05 00:00:00+02:00,200.0621337890625,200.0621337890625,200.0621337890625,200.0621337890625,0,0.0,0.0
2020-08-06 00:00:00+02:00,200.8290252685547,200.8290252685547,200.8290252685547,200.8290252685547,0,0.0,0.0
2020-08-07 00:00:00+02:00,198.91180419921875,198.91180419921875,198.91180419921875,198.91180419921875,0,0.0,0.0
2020-08-10 00:00:00+02:00,200.73316955566406,200.73316955566406,200.73316955566406,200.73316955566406,0,0.0,0.0
2020-08-11 00:00:00+02:00,199.67872811160444,201.69180297851562,199.67872811160444,201.69180297851562,170,0.0,0.0
2020-08-12 00:00:00+02:00,200.2538604736328,200.2538604736328,200.2538604736328,200.2538604736328,0,0.0,0.0
2020-08-13 00:00:00+02:00,202.2669677734375,202.2669677734375,202.2669677734375,202.2669677734375,0,0.0,0.0
2020-08-14 00:00:00+02:00,201.69180297851562,201.69180297851562,201.69180297851562,201.69180297851562,0,0.0,0.0
2020-08-17 00:00:00+02:00,201.69180297851562,201.69180297851562,201.69180297851562,201.69180297851562,0,0.0,0.0
2020-08-18 00:00:00+02:00,200.63729858398438,200.63729858398438,200.63729858398438,200.63729858398438,0,0.0,0.0
2020-08-19 00:00:00+02:00,198.43252563476562,198.43252563476562,198.43252563476562,198.43252563476562,0,0.0,0.0
2020-08-20 00:00:00+02:00,197.4738997165233,198.049072265625,197.4738997165233,198.049072265625,100,0.0,0.0
2020-08-21 00:00:00+02:00,198.43252904102957,198.91183466673255,194.2146453857422,194.2146453857422,29,0.0,0.0
2020-08-24 00:00:00+02:00,198.52838564380195,203.32144165039062,198.52838564380195,203.32144165039062,2,0.0,0.0
2020-08-25 00:00:00+02:00,204.0883331298828,204.0883331298828,204.0883331298828,204.0883331298828,2,0.0,0.0
2020-08-26 00:00:00+02:00,202.2669677734375,202.2669677734375,202.2669677734375,202.2669677734375,0,0.0,0.0
2020-08-27 00:00:00+02:00,204.28004455566406,204.28004455566406,204.28004455566406,204.28004455566406,0,0.0,0.0
2020-08-28 00:00:00+02:00,204.855224609375,204.855224609375,204.855224609375,204.855224609375,0,0.0,0.0
2020-08-31 00:00:00+02:00,205.52626037597656,205.52626037597656,205.52626037597656,205.52626037597656,0,0.0,0.0
2020-09-01 00:00:00+02:00,202.55453491210938,202.55453491210938,202.55453491210938,202.55453491210938,0,0.0,0.0
2020-09-02 00:00:00+02:00,205.21530151367188,205.21530151367188,205.21530151367188,205.21530151367188,0,0.963,0.0
2020-09-03 00:00:00+02:00,211.0896211608484,211.5711212158203,211.0896211608484,211.5711212158203,55,0.0,0.0
2020-09-04 00:00:00+02:00,204.6375274658203,204.6375274658203,204.6375274658203,204.6375274658203,0,0.0,0.0
2020-09-07 00:00:00+02:00,201.07440185546875,201.07440185546875,201.07440185546875,201.07440185546875,0,0.0,0.0
2020-09-08 00:00:00+02:00,205.21530151367188,205.21530151367188,205.21530151367188,205.21530151367188,0,0.0,0.0
2020-09-09 00:00:00+02:00,198.66693115234375,198.66693115234375,198.66693115234375,198.66693115234375,0,0.0,0.0
2020-09-10 00:00:00+02:00,205.407922809963,205.407922809963,204.73382568359375,204.73382568359375,15,0.0,0.0
2020-09-11 00:00:00+02:00,203.67449951171875,203.67449951171875,203.67449951171875,203.67449951171875,0,0.0,0.0
2020-09-14 00:00:00+02:00,205.60049438476562,205.60049438476562,205.60049438476562,205.60049438476562,0,0.0,0.0
2020-09-15 00:00:00+02:00,204.05970764160156,204.05970764160156,204.05970764160156,204.05970764160156,0,0.0,0.0
2020-09-16 00:00:00+02:00,205.02272033691406,205.02272033691406,205.02272033691406,205.02272033691406,0,0.0,0.0
2020-09-17 00:00:00+02:00,201.45962524414062,201.45962524414062,201.45962524414062,201.45962524414062,0,0.0,0.0
2020-09-18 00:00:00+02:00,203.00041396702372,203.00041396702372,202.23001098632812,202.23001098632812,10,0.0,0.0
2020-09-21 00:00:00+02:00,199.9188232421875,199.9188232421875,199.9188232421875,199.9188232421875,0,0.0,0.0
2020-09-22 00:00:00+02:00,193.85191776618296,195.10382080078125,193.85191776618296,195.10382080078125,20,0.0,0.0
2020-09-23 00:00:00+02:00,196.45201110839844,196.45201110839844,196.45201110839844,196.45201110839844,0,0.0,0.0
2020-09-24 00:00:00+02:00,192.5036837417846,192.9851837158203,192.5036837417846,192.9851837158203,99,0.0,0.0
2020-09-25 00:00:00+02:00,193.56301590477096,193.56301590477096,190.52957153320312,190.52957153320312,300,0.0,0.0
2020-09-28 00:00:00+02:00,193.37041387299197,196.45201110839844,193.37041387299197,196.45201110839844,38,0.0,0.0
2020-09-29 00:00:00+02:00,196.25940329257202,196.25940329257202,194.52600035060502,194.71859741210938,130,0.0,0.0
2020-09-30 00:00:00+02:00,192.69631958007812,192.69631958007812,192.69631958007812,192.69631958007812,0,0.0,0.0
2020-10-01 00:00:00+02:00,195.10381581935866,195.10381581935866,194.0445098876953,194.0445098876953,531,0.0,0.0
2020-10-02 00:00:00+02:00,190.5295518380812,190.5295518380812,189.27764892578125,189.27764892578125,20,0.0,0.0
2020-10-05 00:00:00+02:00,193.37042236328125,193.37042236328125,193.37042236328125,193.37042236328125,0,0.0,0.0
2020-10-06 00:00:00+02:00,192.69630500619243,192.69630500619243,190.52955501599183,192.31109619140625,115,0.0,0.0
2020-10-07 00:00:00+02:00,192.4074249267578,192.4074249267578,192.4074249267578,192.4074249267578,0,0.0,0.0
2020-10-08 00:00:00+02:00,195.00750097897972,195.00750097897972,194.5260009765625,194.5260009765625,4,0.0,0.0
2020-10-09 00:00:00+02:00,194.52603633169406,195.58534240722656,194.52603633169406,195.58534240722656,15,0.0,0.0
2020-10-12 00:00:00+02:00,196.93350789229643,197.60760498046875,196.93350789229643,197.60760498046875,10,0.0,0.0
2020-10-13 00:00:00+02:00,196.54833984375,196.54833984375,196.54833984375,196.54833984375,0,0.0,0.0
2020-10-14 00:00:00+02:00,194.0445098876953,194.0445098876953,194.0445098876953,194.0445098876953,0,0.0,0.0
2020-10-15 00:00:00+02:00,191.63700373722955,191.63700373722955,187.6886977825457,187.78500366210938,161,0.0,0.0
2020-10-16 00:00:00+02:00,188.21836177099678,192.11851501464844,188.21836177099678,192.11851501464844,30,0.0,0.0
2020-10-19 00:00:00+02:00,191.6370391845703,191.6370391845703,191.6370391845703,191.6370391845703,0,0.0,0.0
2020-10-20 00:00:00+02:00,187.8331756591797,187.8331756591797,187.8331756591797,187.8331756591797,0,0.0,0.0
2020-10-21 00:00:00+02:00,188.94060259470987,188.94060259470987,188.6035614013672,188.6035614013672,770,0.0,0.0
2020-10-22 00:00:00+02:00,186.9664613253794,186.9664613253794,185.5701141357422,185.5701141357422,26,0.0,0.0
2020-10-23 00:00:00+02:00,188.31466674804688,188.31466674804688,188.31466674804688,188.31466674804688,0,0.0,0.0
2020-10-26 00:00:00+01:00,189.42211244819873,189.42211244819873,186.34051513671875,186.34051513671875,75,0.0,0.0
2020-10-27 00:00:00+01:00,185.52196628206497,185.52196628206497,184.41452202747138,185.2330780029297,65,0.0,0.0
2020-10-28 00:00:00+01:00,181.5255,181.5255,180.5625,180.5625,21,0.0,0.0
2020-10-29 00:00:00+01:00,178.63649687401448,183.11444091796875,178.63649687401448,183.11444091796875,30,0.0,0.0
2020-10-30 00:00:00+01:00,177.67351946529092,180.2254638671875,177.67351946529092,180.2254638671875,5,0.0,0.0
2020-11-02 00:00:00+01:00,180.89955693063544,188.7480010986328,180.89955693063544,188.7480010986328,64,0.0,0.0
2020-11-03 00:00:00+01:00,189.6147157910846,192.4074249267578,189.6147157910846,192.4074249267578,4,0.0,0.0
2020-11-04 00:00:00+01:00,191.63700550007368,191.63700550007368,191.39625549316406,191.39625549316406,100,0.0,0.0
2020-11-05 00:00:00+01:00,195.20009291012235,205.21530151367188,195.20009291012235,205.21530151367188,65,0.0,0.0
2020-11-06 00:00:00+01:00,203.19302368164062,203.19302368164062,203.19302368164062,203.19302368164062,12,0.0,0.0
2020-11-09 00:00:00+01:00,206.37090349630546,214.65269470214844,206.37090349630546,214.65269470214844,69,0.0,0.0
2020-11-10 00:00:00+01:00,211.37853730562864,212.34153747558594,211.37853730562864,212.34153747558594,18,0.0,0.0
2020-11-11 00:00:00+01:00,213.11192321777344,213.11192321777344,213.11192321777344,213.11192321777344,0,0.0,0.0
2020-11-12 00:00:00+01:00,212.0526123046875,212.0526123046875,212.0526123046875,212.0526123046875,0,0.0,0.0
2020-11-13 00:00:00+01:00,208.58581283409455,209.54881286621094,208.58581283409455,209.54881286621094,46,0.0,0.0
2020-11-16 00:00:00+01:00,210.8970184326172,210.8970184326172,210.8970184326172,210.8970184326172,0,0.0,0.0
2020-11-17 00:00:00+01:00,207.14130022036963,207.14130022036963,205.60049438476562,205.60049438476562,2,0.0,0.0
2020-11-18 00:00:00+01:00,204.44489735516933,205.60049438476562,204.44489735516933,205.60049438476562,40,0.0,0.0
2020-11-19 00:00:00+01:00,204.15602249408306,204.15602249408306,203.57821655273438,203.57821655273438,1,0.0,0.0
2020-11-20 00:00:00+01:00,203.9634246826172,203.9634246826172,203.9634246826172,203.9634246826172,0,0.0,0.0
2020-11-23 00:00:00+01:00,207.0449981689453,207.0449981689453,207.0449981689453,207.0449981689453,25,0.0,0.0
2020-11-24 00:00:00+01:00,207.0449981689453,207.0449981689453,207.0449981689453,207.0449981689453,50,0.0,0.0
2020-11-25 00:00:00+01:00,210.22291150381045,210.22291150381045,205.98570251464844,205.98570251464844,23,0.0,0.0
2020-11-26 00:00:00+01:00,205.79312492647844,207.2376251220703,205.79312492647844,207.2376251220703,40,0.0,0.0
2020-11-27 00:00:00+01:00,207.815411824061,208.77841186523438,207.815411824061,208.77841186523438,230,0.0,0.0
2020-11-30 00:00:00+01:00,206.8524161454618,209.83770751953125,206.8524161454618,209.83770751953125,60,0.0,0.0
2020-12-01 00:00:00+01:00,208.1043243408203,208.1043243408203,208.1043243408203,208.1043243408203,0,0.0,0.0
2020-12-02 00:00:00+01:00,207.00449561421112,207.00449561421112,202.26467895507812,202.26467895507812,2,0.963,0.0
2020-12-03 00:00:00+01:00,201.78102111816406,201.78102111816406,201.78102111816406,201.78102111816406,0,0.0,0.0
2020-12-04 00:00:00+01:00,197.7182934830198,197.7182934830198,196.26732748947515,197.3313751220703,67,0.0,0.0
2020-12-07 00:00:00+01:00,198.49214846057097,200.33004760742188,198.49214846057097,200.33004760742188,15,0.0,0.0
2020-12-08 00:00:00+01:00,201.2006291726961,201.2006291726961,198.87908935546875,198.87908935546875,25,0.0,0.0
2020-12-09 00:00:00+01:00,199.65292358398438,199.65292358398438,199.65292358398438,199.65292358398438,0,0.0,0.0
2020-12-10 00:00:00+01:00,198.7823573100159,199.84640502929688,198.7823573100159,199.84640502929688,20,0.0,0.0
2020-12-11 00:00:00+01:00,199.16928100585938,199.16928100585938,199.16928100585938,199.16928100585938,0,0.0,0.0
2020-12-14 00:00:00+01:00,200.81369542030012,200.81369542030012,200.0398439537886,200.13656616210938,272,0.0,0.0
2020-12-15 00:00:00+01:00,198.78231811523438,198.78231811523438,198.78231811523438,198.78231811523438,34,0.0,0.0
2020-12-16 00:00:00+01:00,199.7496337890625,199.7496337890625,199.7496337890625,199.7496337890625,0,0.0,0.0
2020-12-17 00:00:00+01:00,199.65292448438615,202.16793823242188,199.65292448438615,202.16793823242188,20,0.0,0.0
2020-12-18 00:00:00+01:00,201.87775062071677,204.48948669433594,201.87775062071677,204.48948669433594,5,0.0,0.0
2020-12-21 00:00:00+01:00,199.7496337890625,199.7496337890625,199.7496337890625,199.7496337890625,0,0.0,0.0
2020-12-22 00:00:00+01:00,197.91175655219868,200.62021445004834,197.91175655219868,199.94309997558594,80,0.0,0.0
2020-12-23 00:00:00+01:00,201.6842738964205,202.74832153320312,201.6842738964205,202.74832153320312,5,0.0,0.0
2020-12-28 00:00:00+01:00,206.3273468017578,206.3273468017578,206.3273468017578,206.3273468017578,37,0.0,0.0
2020-12-29 00:00:00+01:00,207.97177948094972,207.97177948094972,207.7783203125,207.7783203125,138,0.0,0.0
2020-12-30 00:00:00+01:00,206.1339111328125,206.1339111328125,206.1339111328125,206.1339111328125,20,0.0,0.0
2021-01-04 00:00:00+01:00,207.48812727464087,209.5194854736328,207.48812727464087,209.5194854736328,29,0.0,0.0
2021-01-05 00:00:00+01:00,205.06985671693423,205.06985671693423,204.29600524902344,204.29600524902344,9,0.0,0.0
2021-01-06 00:00:00+01:00,206.42408714040266,212.2279510498047,206.42408714040266,212.2279510498047,45,0.0,0.0
2021-01-07 00:00:00+01:00,213.7756435931706,214.83969116210938,212.32467768642962,214.83969116210938,80,0.0,0.0
2021-01-08 00:00:00+01:00,216.19392207206218,216.19392207206218,214.0658416748047,214.0658416748047,230,0.0,0.0
2021-01-11 00:00:00+01:00,212.22793640298573,213.48544311523438,210.0998560684047,213.48544311523438,165,0.0,0.0
2021-01-12 00:00:00+01:00,213.09854275159867,213.09854275159867,211.0671844482422,211.0671844482422,46,0.0,0.0
2021-01-13 00:00:00+01:00,211.06720011961352,212.32470703125,211.06720011961352,212.32470703125,10,0.0,0.0
2021-01-14 00:00:00+01:00,213.19528572502506,213.29202270507812,212.51817114462617,213.29202270507812,25,0.0,0.0
2021-01-15 00:00:00+01:00,209.7129526018537,209.7129526018537,206.42408752441406,206.42408752441406,108,0.0,0.0
2021-01-18 00:00:00+01:00,206.23062003567313,206.23062003567313,204.97311328497008,205.36004638671875,131,0.0,0.0
2021-01-19 00:00:00+01:00,209.42277822761892,209.42277822761892,207.00450134277344,207.00450134277344,10,0.0,0.0
2021-01-20 00:00:00+01:00,207.58489241461427,207.58489241461427,207.39141845703125,207.39141845703125,54,0.0,0.0
2021-01-21 00:00:00+01:00,206.61756018938166,206.61756018938166,205.5535125732422,205.5535125732422,60,0.0,0.0
2021-01-22 00:00:00+01:00,201.9744612759636,201.9744612759636,201.68426513671875,201.68426513671875,5,0.0,0.0
2021-01-25 00:00:00+01:00,202.3613809896263,202.3613809896263,198.39541625976562,198.39541625976562,20,0.0,0.0
2021-01-26 00:00:00+01:00,201.6842731642388,204.58620515221347,201.6842731642388,204.3927459716797,186,0.0,0.0
2021-01-27 00:00:00+01:00,203.71562934659153,203.71562934659153,198.105224609375,198.105224609375,5,0.0,0.0
2021-01-28 00:00:00+01:00,195.2032965977109,196.55752563476562,195.2032965977109,196.55752563476562,5,0.0,0.0
2021-01-29 00:00:00+01:00,197.71829847981698,198.29869079589844,197.71829847981698,198.29869079589844,101,0.0,0.0
2021-02-01 00:00:00+01:00,197.71829847981698,199.4594606680716,197.71829847981698,198.29869079589844,34,0.0,0.0
2021-02-02 00:00:00+01:00,200.7169733714859,203.03851318359375,200.7169733714859,203.03851318359375,35,0.0,0.0
2021-02-03 00:00:00+01:00,203.3286895751953,203.3286895751953,203.3286895751953,203.3286895751953,0,0.0,0.0
2021-02-04 00:00:00+01:00,201.8777186029605,202.3613739013672,201.8777186029605,202.3613739013672,50,0.0,0.0
2021-02-05 00:00:00+01:00,203.71561122401158,206.42406900242224,202.55482673613514,206.3273468017578,77,0.0,0.0
2021-02-08 00:00:00+01:00,208.0685164451688,208.0685164451688,206.23061744492546,207.7783203125,50,0.0,0.0
2021-02-09 00:00:00+01:00,206.52081166707362,207.10120392704198,205.65023803710938,205.65023803710938,67,0.0,0.0
2021-02-10 00:00:00+01:00,204.97313338523935,204.97313338523935,201.20062752317583,202.16793823242188,60,0.0,0.0
2021-02-11 00:00:00+01:00,201.39407599436043,201.8777313232422,201.39407599436043,201.8777313232422,55,0.0,0.0
2021-02-12 00:00:00+01:00,201.68426513671875,201.68426513671875,201.68426513671875,201.68426513671875,0,0.0,0.0
2021-02-15 00:00:00+01:00,204.10253141489687,204.10253141489687,202.6515655517578,202.6515655517578,70,0.0,0.0
2021-02-16 00:00:00+01:00,203.13525270553427,203.13525270553427,202.26467895507812,202.26467895507812,50,0.0,0.0
2021-02-17 00:00:00+01:00,200.42676981936793,200.42676981936793,200.33004760742188,200.33004760742188,8,0.0,0.0
2021-02-18 00:00:00+01:00,199.65292358398438,199.65292358398438,199.65292358398438,199.65292358398438,0,0.0,0.0
2021-02-19 00:00:00+01:00,199.652913322152,199.652913322152,199.36273193359375,199.36273193359375,1,0.0,0.0
2021-02-22 00:00:00+01:00,198.29867739730713,200.4267578125,198.29867739730713,200.4267578125,10,0.0,0.0
2021-02-23 00:00:00+01:00,200.426776003781,202.16793823242188,198.0084992306659,202.16793823242188,300,0.0,0.0
2021-02-24 00:00:00+01:00,202.26468330087525,207.39141845703125,202.26468330087525,207.39141845703125,10,0.0,0.0
2021-02-25 00:00:00+01:00,204.6829376220703,204.6829376220703,204.6829376220703,204.6829376220703,0,0.0,0.0
2021-02-26 00:00:00+01:00,194.91309650371826,198.105224609375,194.91309650371826,198.105224609375,211,0.0,0.0
2021-03-01 00:00:00+01:00,198.9757843017578,198.9757843017578,198.9757843017578,198.9757843017578,0,0.0,0.0
2021-03-02 00:00:00+01:00,201.49081420898438,201.49081420898438,201.49081420898438,201.49081420898438,0,0.0,0.0
2021-03-03 00:00:00+01:00,204.586181640625,204.586181640625,204.586181640625,204.586181640625,0,0.0,0.0
2021-03-04 00:00:00+01:00,197.83922918895001,199.68637084960938,197.83922918895001,199.68637084960938,5,1.06,0.0
2021-03-05 00:00:00+01:00,198.71419291259815,200.7557830810547,198.71419291259815,200.7557830810547,6,0.0,0.0
2021-03-08 00:00:00+01:00,199.78362542863374,208.7277069091797,199.78362542863374,208.7277069091797,25,0.0,0.0
2021-03-09 00:00:00+01:00,209.21381260551402,212.90811157226562,209.21381260551402,212.90811157226562,180,0.0,0.0
2021-03-10 00:00:00+01:00,212.71365291425138,216.89404296875,212.71365291425138,216.89404296875,10,0.0,0.0
2021-03-11 00:00:00+01:00,216.6023807337942,218.74118041992188,216.6023807337942,218.74118041992188,25,0.0,0.0
2021-03-12 00:00:00+01:00,217.47735595703125,217.47735595703125,217.47735595703125,217.47735595703125,11,0.0,0.0
2021-03-15 00:00:00+01:00,217.5745587888892,217.67176818847656,217.5745587888892,217.67176818847656,10,0.0,0.0
2021-03-16 00:00:00+01:00,217.86622163197646,218.74118041992188,217.86622163197646,218.74118041992188,34,0.0,0.0
2021-03-17 00:00:00+01:00,220.199462890625,220.199462890625,220.199462890625,220.199462890625,0,0.0,0.0
2021-03-18 00:00:00+01:00,221.07443084227626,221.07443084227626,215.8246480399052,220.39390563964844,272,0.0,0.0
2021-03-19 00:00:00+01:00,218.7411893593289,220.58833124685094,217.96343994140625,217.96343994140625,24,0.0,0.0
2021-03-22 00:00:00+01:00,217.38013640921872,219.51893615722656,217.38013640921872,219.51893615722656,246,0.0,0.0
2021-03-23 00:00:00+01:00,219.81059140297674,223.01878356933594,218.83840836242283,223.01878356933594,73,0.0,0.0
2021-03-24 00:00:00+01:00,220.6855572146515,220.6855572146515,219.61614990234375,219.61614990234375,50,0.0,0.0
2021-03-25 00:00:00+01:00,221.46330158142754,223.69932556152344,221.46330158142754,223.69932556152344,10,0.0,0.0
2021-03-26 00:00:00+01:00,226.0325561055583,226.22698974609375,226.0325561055583,226.22698974609375,80,0.0,0.0
2021-03-29 00:00:00+02:00,229.82407401385572,231.2823486328125,229.82407401385572,231.2823486328125,50,0.0,0.0
2021-03-30 00:00:00+02:00,231.86566441412984,231.86566441412984,231.2823486328125,231.2823486328125,25,0.0,0.0
2021-03-31 00:00:00+02:00,230.5046049597781,231.08790588378906,230.5046049597781,231.08790588378906,431,0.0,0.0
2021-04-01 00:00:00+02:00,232.7892303466797,232.7892303466797,232.7892303466797,232.7892303466797,20,0.0,0.0
2021-04-06 00:00:00+02:00,232.83783831054896,233.66419982910156,232.83783831054896,233.66419982910156,1,0.0,0.0
2021-04-07 00:00:00+02:00,232.30313110351562,232.30313110351562,232.30313110351562,232.30313110351562,0,0.0,0.0
2021-04-08 00:00:00+02:00,231.76843104563645,231.76843104563645,231.08790588378906,231.08790588378906,7,0.0,0.0
2021-04-09 00:00:00+02:00,230.40737915039062,230.40737915039062,230.40737915039062,230.40737915039062,0,0.0,0.0
2021-04-12 00:00:00+02:00,231.1851043701172,231.1851043701172,231.1851043701172,231.1851043701172,0,0.0,0.0
2021-04-13 00:00:00+02:00,232.49758911132812,232.49758911132812,232.49758911132812,232.49758911132812,0,0.0,0.0
2021-04-14 00:00:00+02:00,234.10166931152344,234.10166931152344,234.10166931152344,234.10166931152344,10,0.0,0.0
2021-04-15 00:00:00+02:00,231.7684326171875,231.7684326171875,231.7684326171875,231.7684326171875,0,0.0,0.0
2021-04-16 00:00:00+02:00,232.8378448486328,232.8378448486328,232.8378448486328,232.8378448486328,0,0.0,0.0
2021-04-19 00:00:00+02:00,234.9766387939453,234.9766387939453,234.9766387939453,234.9766387939453,25,0.0,0.0
2021-04-20 00:00:00+02:00,232.64341764830763,232.64341764830763,231.039306640625,231.039306640625,25,0.0,0.0
2021-04-21 00:00:00+02:00,230.69903564453125,230.69903564453125,230.69903564453125,230.69903564453125,0,0.0,0.0
2021-04-22 00:00:00+02:00,235.5599545541443,235.5599545541443,234.9766387939453,234.9766387939453,50,0.0,0.0
2021-04-23 00:00:00+02:00,234.3933563232422,234.3933563232422,234.3933563232422,234.3933563232422,0,0.0,0.0
2021-04-26 00:00:00+02:00,234.0044708251953,234.0044708251953,234.0044708251953,234.0044708251953,5,0.0,0.0
2021-04-27 00:00:00+02:00,233.37252807617188,233.37252807617188,233.37252807617188,233.37252807617188,0,0.0,0.0
2021-04-28 00:00:00+02:00,232.4003743908563,232.4003743908563,232.0601043701172,232.0601043701172,2,0.0,0.0
2021-04-29 00:00:00+02:00,231.9142608642578,231.9142608642578,231.9142608642578,231.9142608642578,0,0.0,0.0
2021-04-30 00:00:00+02:00,230.06712341308594,230.06712341308594,230.06712341308594,230.06712341308594,0,0.0,0.0
2021-05-03 00:00:00+02:00,230.74765014648438,230.74765014648438,230.74765014648438,230.74765014648438,0,0.0,0.0
2021-05-04 00:00:00+02:00,232.011474609375,232.011474609375,232.011474609375,232.011474609375,0,0.0,0.0
2021-05-05 00:00:00+02:00,230.4559897050004,236.82379150390625,230.4559897050004,236.82379150390625,50,0.0,0.0
2021-05-06 00:00:00+02:00,235.26830843608076,238.42790348739175,235.26830843608076,237.1640625,52,0.0,0.0
2021-05-07 00:00:00+02:00,240.8583526611328,240.8583526611328,240.8583526611328,240.8583526611328,60,0.0,0.0
2021-05-10 00:00:00+02:00,239.7403642305121,241.19863891601562,239.7403642305121,241.19863891601562,12,0.0,0.0
2021-05-11 00:00:00+02:00,238.3792875694154,238.3792875694154,237.4071044921875,237.4071044921875,41,0.0,0.0
2021-05-12 00:00:00+02:00,236.92101171712227,238.6709442138672,236.62935382860869,238.6709442138672,60,0.0,0.0
2021-05-13 00:00:00+02:00,235.9974365234375,235.9974365234375,235.9974365234375,235.9974365234375,0,0.0,0.0
2021-05-14 00:00:00+02:00,239.7889404296875,239.7889404296875,239.7889404296875,239.7889404296875,0,0.0,0.0
2021-05-17 00:00:00+02:00,242.07357510744333,242.07357510744333,240.08059692382812,240.08059692382812,9,0.0,0.0
2021-05-18 00:00:00+02:00,241.1986191543211,241.1986191543211,237.5529327392578,237.5529327392578,50,0.0,0.0
2021-05-19 00:00:00+02:00,236.240478515625,236.240478515625,236.240478515625,236.240478515625,125,0.0,0.0
2021-05-20 00:00:00+02:00,235.4627685546875,235.4627685546875,235.4627685546875,235.4627685546875,0,0.0,0.0
2021-05-21 00:00:00+02:00,239.1570448625172,239.1570448625172,238.18486175331998,238.86538696289062,29,0.0,0.0
2021-05-25 00:00:00+02:00,241.7819366455078,241.7819366455078,241.7819366455078,241.7819366455078,8,0.0,0.0
2021-05-26 00:00:00+02:00,240.1292098505983,240.1292098505983,239.4486846923828,239.4486846923828,25,0.0,0.0
2021-05-27 00:00:00+02:00,238.23345947265625,238.23345947265625,238.23345947265625,238.23345947265625,0,0.0,0.0
2021-05-28 00:00:00+02:00,239.4486740151212,240.61529063923228,239.4486740151212,240.51806640625,46,0.0,0.0
2021-05-31 00:00:00+02:00,238.86538719766327,241.0041870731319,238.86538719766327,240.80975341796875,70,0.0,0.0
2021-06-01 00:00:00+02:00,239.59451547499765,243.1915898797469,239.59451547499765,240.6153106689453,200,0.0,0.0
2021-06-02 00:00:00+02:00,240.47860717773438,240.47860717773438,240.47860717773438,240.47860717773438,0,1.06,0.0
2021-06-03 00:00:00+02:00,240.1368865966797,240.1368865966797,240.1368865966797,240.1368865966797,0,0.0,0.0
2021-06-04 00:00:00+02:00,239.11170959472656,239.11170959472656,239.11170959472656,239.11170959472656,1,0.0,0.0
2021-06-07 00:00:00+02:00,241.16207885742188,241.16207885742188,241.16207885742188,241.16207885742188,14,0.0,0.0
2021-06-08 00:00:00+02:00,233.88814887612182,236.03614807128906,233.88814887612182,236.03614807128906,40,0.0,0.0
2021-06-09 00:00:00+02:00,234.7180572594008,235.30388201204875,234.7180572594008,235.10861206054688,497,0.0,0.0
2021-06-10 00:00:00+02:00,234.3275146484375,234.3275146484375,234.3275146484375,234.3275146484375,0,0.0,0.0
2021-06-11 00:00:00+02:00,233.30230806955942,235.15740966796875,233.30230806955942,235.15740966796875,25,0.0,0.0
2021-06-14 00:00:00+02:00,234.7180633544922,234.7180633544922,234.7180633544922,234.7180633544922,0,0.0,0.0
2021-06-15 00:00:00+02:00,233.79054260253906,233.79054260253906,233.79054260253906,233.79054260253906,0,0.0,0.0
2021-06-16 00:00:00+02:00,234.08343505859375,234.08343505859375,234.08343505859375,234.08343505859375,0,0.0,0.0
2021-06-17 00:00:00+02:00,235.84088699095943,235.84088699095943,235.01097106933594,235.01097106933594,20,0.0,0.0
2021-06-18 00:00:00+02:00,234.57159423828125,234.57159423828125,234.57159423828125,234.57159423828125,0,0.0,0.0
2021-06-21 00:00:00+02:00,230.4220733642578,230.4220733642578,230.4220733642578,230.4220733642578,0,0.0,0.0
2021-06-22 00:00:00+02:00,236.03614807128906,236.03614807128906,236.03614807128906,236.03614807128906,0,0.0,0.0
2021-06-23 00:00:00+02:00,238.28179931640625,238.28179931640625,238.28179931640625,238.28179931640625,0,0.0,0.0
2021-06-24 00:00:00+02:00,234.32751608151742,234.32751608151742,234.22987365722656,234.22987365722656,15,0.0,0.0
2021-06-25 00:00:00+02:00,234.1322479248047,234.1322479248047,234.1322479248047,234.1322479248047,0,0.0,0.0
2021-06-28 00:00:00+02:00,232.37481477201848,236.71963500976562,232.37481477201848,236.71963500976562,20,0.0,0.0
2021-06-29 00:00:00+02:00,235.93850467964052,237.98887634277344,235.93850467964052,237.98887634277344,40,0.0,0.0
2021-06-30 00:00:00+02:00,237.74481201171875,237.74481201171875,237.74481201171875,237.74481201171875,0,0.0,0.0
2021-07-01 00:00:00+02:00,237.354248046875,237.354248046875,237.354248046875,237.354248046875,0,0.0,0.0
2021-07-02 00:00:00+02:00,238.67234478829715,238.86761474609375,238.67234478829715,238.86761474609375,1,0.0,0.0
2021-07-05 00:00:00+02:00,240.03925816153827,240.03925816153827,239.25816345214844,239.25816345214844,4,0.0,0.0
2021-07-06 00:00:00+02:00,240.13688050739532,240.52743530273438,240.13688050739532,240.52743530273438,50,0.0,0.0
2021-07-07 00:00:00+02:00,237.74481201171875,237.74481201171875,237.74481201171875,237.74481201171875,0,0.0,0.0
2021-07-08 00:00:00+02:00,239.9416088345725,240.67388231016122,235.79205913956972,237.79360961914062,310,0.0,0.0
2021-07-09 00:00:00+02:00,235.8896942138672,235.8896942138672,235.8896942138672,235.8896942138672,0,0.0,0.0
2021-07-12 00:00:00+02:00,241.06443786621094,241.06443786621094,241.06443786621094,241.06443786621094,24,0.0,0.0
2021-07-13 00:00:00+02:00,240.7715301513672,240.7715301513672,240.7715301513672,240.7715301513672,0,0.0,0.0
2021-07-14 00:00:00+02:00,239.45344319973262,239.45344319973262,239.11170959472656,239.11170959472656,8,0.0,0.0
2021-07-15 00:00:00+02:00,239.30699157714844,239.30699157714844,239.30699157714844,239.30699157714844,0,0.0,0.0
2021-07-16 00:00:00+02:00,241.30852605807755,242.67544555664062,241.30852605807755,242.67544555664062,59,0.0,0.0
2021-07-19 00:00:00+02:00,238.6723258376417,238.6723258376417,234.37632751464844,234.37632751464844,78,0.0,0.0
2021-07-20 00:00:00+02:00,235.74322372553831,237.256591796875,235.74322372553831,237.256591796875,41,0.0,0.0
2021-07-21 00:00:00+02:00,239.84398844445022,240.6739044189453,239.84398844445022,240.6739044189453,12,0.0,0.0
2021-07-22 00:00:00+02:00,243.11480657958984,244.43290486367604,243.11480657958984,244.09117126464844,79,0.0,0.0
2021-07-23 00:00:00+02:00,245.06753895172784,246.72735595703125,245.06753895172784,246.72735595703125,173,0.0,0.0
2021-07-26 00:00:00+02:00,246.434443568297,247.41080826531586,246.434443568297,246.72735595703125,10,0.0,0.0
2021-07-27 00:00:00+02:00,245.3116176537508,247.50843811035156,245.3116176537508,247.50843811035156,20,0.0,0.0
2021-07-28 00:00:00+02:00,246.67850472261944,247.16668701171875,246.67850472261944,247.16668701171875,1,0.0,0.0
2021-07-29 00:00:00+02:00,244.57933044433594,244.57933044433594,244.57933044433594,244.57933044433594,0,0.0,0.0
2021-07-30 00:00:00+02:00,243.35890197753906,243.35890197753906,243.35890197753906,243.35890197753906,0,0.0,0.0
2021-08-02 00:00:00+02:00,253.1713409423828,253.1713409423828,253.1713409423828,253.1713409423828,40,0.0,0.0
2021-08-03 00:00:00+02:00,249.36352173328046,249.36352173328046,247.70370483398438,247.70370483398438,2,0.0,0.0
2021-08-04 00:00:00+02:00,249.65643679280666,249.90052795410156,248.92416330892192,249.90052795410156,45,0.0,0.0
2021-08-05 00:00:00+02:00,251.90207312702339,253.56190490722656,251.90207312702339,253.56190490722656,290,0.0,0.0
2021-08-06 00:00:00+02:00,252.8784448006303,252.8784448006303,252.6343536376953,252.6343536376953,8,0.0,0.0
2021-08-09 00:00:00+02:00,252.34146685171743,253.9524626360849,251.5115509033203,251.5115509033203,88,0.0,0.0
2021-08-10 00:00:00+02:00,251.07215547193556,252.24380493164062,250.9257067385433,252.24380493164062,17,0.0,0.0
2021-08-11 00:00:00+02:00,251.1210174560547,251.1210174560547,251.1210174560547,251.1210174560547,0,0.0,0.0
2021-08-12 00:00:00+02:00,253.51309204101562,253.51309204101562,253.51309204101562,253.51309204101562,0,0.0,0.0
2021-08-13 00:00:00+02:00,253.2201385498047,253.2201385498047,253.2201385498047,253.2201385498047,0,0.0,0.0
2021-08-16 00:00:00+02:00,254.73351769279125,257.76025390625,254.73351769279125,257.76025390625,40,0.0,0.0
2021-08-17 00:00:00+02:00,256.9791745240256,259.1759948730469,256.9791745240256,259.1759948730469,10,0.0,0.0
2021-08-18 00:00:00+02:00,258.83428200244487,261.17755126953125,258.83428200244487,261.17755126953125,374,0.0,0.0
2021-08-19 00:00:00+02:00,257.2232971191406,257.2232971191406,257.2232971191406,257.2232971191406,0,0.0,0.0
2021-08-20 00:00:00+02:00,258.83430075302135,261.4216613769531,258.83430075302135,261.4216613769531,25,0.0,0.0
2021-08-23 00:00:00+02:00,263.6184387207031,263.6184387207031,263.6184387207031,263.6184387207031,5,0.0,0.0
2021-08-24 00:00:00+02:00,260.8846435546875,260.8846435546875,260.8846435546875,260.8846435546875,0,0.0,0.0
2021-08-25 00:00:00+02:00,259.1271667480469,259.1271667480469,259.1271667480469,259.1271667480469,0,0.0,0.0
2021-08-26 00:00:00+02:00,258.1508075227919,260.6893615722656,258.1508075227919,260.6893615722656,52,0.0,0.0
2021-08-27 00:00:00+02:00,258.4925401955258,259.8106384277344,258.4925401955258,259.8106384277344,30,0.0,0.0
2021-08-30 00:00:00+02:00,259.46893310546875,259.46893310546875,259.46893310546875,259.46893310546875,0,0.0,0.0
2021-08-31 00:00:00+02:00,261.519287109375,261.519287109375,261.519287109375,261.519287109375,0,0.0,0.0
2021-09-01 00:00:00+02:00,261.519287109375,261.519287109375,261.519287109375,261.519287109375,0,0.0,0.0
2021-09-02 00:00:00+02:00,258.0002136230469,258.0002136230469,258.0002136230469,258.0002136230469,0,1.06,0.0
2021-09-03 00:00:00+02:00,260.25477174045704,260.30377197265625,260.25477174045704,260.30377197265625,60,0.0,0.0
2021-09-06 00:00:00+02:00,260.0097351074219,260.0097351074219,260.0097351074219,260.0097351074219,0,0.0,0.0
2021-09-07 00:00:00+02:00,266.1852111816406,266.1852111816406,266.1852111816406,266.1852111816406,180,0.0,0.0
2021-09-08 00:00:00+02:00,260.1567077636719,260.1567077636719,260.1567077636719,260.1567077636719,0,0.0,0.0
2021-09-09 00:00:00+02:00,256.0887037918907,260.69586181640625,256.0887037918907,260.69586181640625,12,0.0,0.0
2021-09-10 00:00:00+02:00,259.42156982421875,259.42156982421875,259.42156982421875,259.42156982421875,0,0.0,0.0
2021-09-13 00:00:00+02:00,258.39227294921875,258.39227294921875,258.39227294921875,258.39227294921875,0,0.0,0.0
2021-09-14 00:00:00+02:00,260.0586853027344,260.0586853027344,260.0586853027344,260.0586853027344,0,0.0,0.0
2021-09-15 00:00:00+02:00,258.7843933105469,258.7843933105469,258.7843933105469,258.7843933105469,0,0.0,0.0
2021-09-16 00:00:00+02:00,259.0294494628906,259.0294494628906,259.0294494628906,259.0294494628906,0,0.0,0.0
2021-09-17 00:00:00+02:00,260.00967205795087,260.84288528404835,257.6080627441406,257.6080627441406,11,0.0,0.0
2021-09-20 00:00:00+02:00,253.29502560172523,254.47133028393094,253.1479949951172,253.1479949951172,38,0.0,0.0
2021-09-21 00:00:00+02:00,253.00095290467397,255.8926544189453,253.00095290467397,255.8926544189453,8,0.0,0.0
2021-09-22 00:00:00+02:00,255.25550842285156,255.25550842285156,255.1084778191463,255.25550842285156,24,0.0,0.0
2021-09-23 00:00:00+02:00,258.882428517461,258.882428517461,258.5393371582031,258.5393371582031,60,0.0,0.0
2021-09-24 00:00:00+02:00,260.6468505859375,260.6468505859375,260.6468505859375,260.6468505859375,10,0.0,0.0
2021-09-27 00:00:00+02:00,261.7251281738281,261.7251281738281,261.7251281738281,261.7251281738281,0,0.0,0.0
2021-09-28 00:00:00+02:00,259.32353270847136,259.32353270847136,255.59861755371094,255.59861755371094,60,0.0,0.0
2021-09-29 00:00:00+02:00,251.67763713799542,253.98121643066406,251.67763713799542,253.98121643066406,24,0.0,0.0
2021-09-30 00:00:00+02:00,253.39306640625,253.39306640625,253.39306640625,253.39306640625,0,0.0,0.0
2021-10-01 00:00:00+02:00,246.48232486302481,247.85467529296875,246.48232486302481,247.85467529296875,100,0.0,0.0
2021-10-04 00:00:00+02:00,248.78591918945312,248.78591918945312,248.78591918945312,248.78591918945312,8,0.0,0.0
2021-10-05 00:00:00+02:00,247.1685015956671,252.95193481445312,247.1685015956671,252.95193481445312,136,0.0,0.0
2021-10-06 00:00:00+02:00,250.50133784106373,250.6483684467715,246.2372707875143,248.88392639160156,44,0.0,0.0
2021-10-07 00:00:00+02:00,249.22704781367761,256.13775634765625,249.22704781367761,256.13775634765625,10,0.0,0.0
2021-10-08 00:00:00+02:00,254.47134399414062,254.47134399414062,254.47134399414062,254.47134399414062,0,0.0,0.0
2021-10-11 00:00:00+02:00,251.4325714111328,251.4325714111328,251.4325714111328,251.4325714111328,0,0.0,0.0
2021-10-12 00:00:00+02:00,248.7368807100855,251.6776123046875,248.7368807100855,251.6776123046875,16,0.0,0.0
2021-10-13 00:00:00+02:00,249.52108764648438,249.52108764648438,249.52108764648438,249.52108764648438,0,0.0,0.0
2021-10-14 00:00:00+02:00,254.17722877716295,255.69662475585938,254.17722877716295,255.69662475585938,35,0.0,0.0
2021-10-15 00:00:00+02:00,261.38201904296875,261.38201904296875,261.38201904296875,261.38201904296875,9,0.0,0.0
2021-10-18 00:00:00+02:00,259.323486328125,259.323486328125,259.323486328125,259.323486328125,0,0.0,0.0
2021-10-19 00:00:00+02:00,259.5195953615584,259.6666259765625,259.5195953615584,259.6666259765625,12,0.0,0.0
2021-10-20 00:00:00+02:00,260.30377197265625,260.30377197265625,260.30377197265625,260.30377197265625,0,0.0,0.0
2021-10-21 00:00:00+02:00,260.4508600359984,261.0880126953125,260.4508600359984,261.0880126953125,5,0.0,0.0
2021-10-22 00:00:00+02:00,261.92119676516194,264.4208068847656,261.92119676516194,264.4208068847656,34,0.0,0.0
2021-10-25 00:00:00+02:00,264.1757507324219,264.1757507324219,264.1757507324219,264.1757507324219,0,0.0,0.0
2021-10-26 00:00:00+02:00,266.72434912851224,269.7140808105469,266.72434912851224,269.7140808105469,38,0.0,0.0
2021-10-27 00:00:00+02:00,267.90065080179403,268.6358337402344,267.90065080179403,268.6358337402344,9,0.0,0.0
2021-10-28 00:00:00+02:00,268.83190131143533,268.83190131143533,265.1069862946841,266.13623046875,5,0.0,0.0
2021-10-29 00:00:00+02:00,264.91093744335626,272.311767578125,264.91093744335626,272.311767578125,35,0.0,0.0
2021-11-01 00:00:00+01:00,272.9979134670449,273.880126953125,272.9979134670449,273.880126953125,14,0.0,0.0
2021-11-02 00:00:00+01:00,273.29197147949145,277.4580078125,273.29197147949145,277.4580078125,45,0.0,0.0
2021-11-03 00:00:00+01:00,277.65409270589663,279.02642822265625,277.65409270589663,279.02642822265625,1394,0.0,0.0
2021-11-04 00:00:00+01:00,277.50706229651973,279.9576721191406,277.50706229651973,279.9576721191406,13,0.0,0.0
2021-11-05 00:00:00+01:00,279.41851806640625,279.41851806640625,279.41851806640625,279.41851806640625,0,0.0,0.0
2021-11-08 00:00:00+01:00,282.8984229607272,283.63360595703125,282.8984229607272,283.63360595703125,146,0.0,0.0
2021-11-09 00:00:00+01:00,285.74109219969256,286.8193664550781,285.74109219969256,286.8193664550781,23,0.0,0.0
2021-11-10 00:00:00+01:00,285.44704675622125,286.6233215332031,285.44704675622125,286.6233215332031,19,0.0,0.0
2021-11-11 00:00:00+01:00,286.0841979980469,286.0841979980469,286.0841979980469,286.0841979980469,0,0.0,0.0
2021-11-12 00:00:00+01:00,287.554589313154,288.97592519366236,287.5055591633391,288.1917419433594,133,0.0,0.0
2021-11-15 00:00:00+01:00,288.1916888511344,288.1916888511344,286.231201171875,286.231201171875,20,0.0,0.0
2021-11-16 00:00:00+01:00,287.2604675292969,287.2604675292969,287.2604675292969,287.2604675292969,0,0.0,0.0
2021-11-17 00:00:00+01:00,288.828857421875,288.828857421875,288.828857421875,288.828857421875,0,0.0,0.0
2021-11-18 00:00:00+01:00,287.064453125,287.064453125,287.064453125,287.064453125,0,0.0,0.0
2021-11-19 00:00:00+01:00,284.8588752660754,287.6035461425781,284.8588752660754,287.6035461425781,19,0.0,0.0
2021-11-22 00:00:00+01:00,288.58379644834304,288.828857421875,288.58379644834304,288.828857421875,10,0.0,0.0
2021-11-23 00:00:00+01:00,287.7996196317327,287.7996196317327,287.2604675292969,287.2604675292969,24,0.0,0.0
2021-11-24 00:00:00+01:00,286.77035370823506,286.77035370823506,285.29998779296875,285.29998779296875,3,0.0,0.0
2021-11-25 00:00:00+01:00,287.3095397949219,287.3095397949219,287.3095397949219,287.3095397949219,0,0.0,0.0
2021-11-26 00:00:00+01:00,276.3307606986874,281.0359495594154,276.3307606986874,277.3110046386719,17,0.0,0.0
2021-11-29 00:00:00+01:00,277.3109998188203,280.3497619628906,277.3109998188203,280.3497619628906,50,0.0,0.0
2021-11-30 00:00:00+01:00,274.9093992300241,274.9093992300241,274.272216796875,274.272216796875,36,0.0,0.0
2021-12-01 00:00:00+01:00,277.9481460370575,280.34975555929,277.458024086779,279.12445068359375,22,0.0,0.0
2021-12-02 00:00:00+01:00,279.5770700482464,281.6432800292969,279.08511672068437,281.6432800292969,19,1.06,0.0
2021-12-03 00:00:00+01:00,281.5940856933594,281.5940856933594,281.5940856933594,281.5940856933594,0,0.0,0.0
2021-12-06 00:00:00+01:00,281.59406203651776,283.3650817871094,281.59406203651776,283.3650817871094,55,0.0,0.0
2021-12-07 00:00:00+01:00,284.34900085380815,289.7113037109375,284.34900085380815,289.7113037109375,2,0.0,0.0
2021-12-08 00:00:00+01:00,289.21936532889004,289.21936532889004,288.973388671875,288.973388671875,25,0.0,0.0
2021-12-09 00:00:00+01:00,287.94024658203125,287.94024658203125,287.94024658203125,287.94024658203125,0,0.0,0.0
2021-12-10 00:00:00+01:00,287.94024658203125,287.94024658203125,287.94024658203125,287.94024658203125,0,0.0,0.0
2021-12-13 00:00:00+01:00,291.48236083984375,291.48236083984375,291.48236083984375,291.48236083984375,4,0.0,0.0
2021-12-14 00:00:00+01:00,290.3016314608083,292.66303133124995,290.3016314608083,292.0234680175781,33,0.0,0.0
2021-12-15 00:00:00+01:00,290.20325724681356,294.5324401855469,290.20325724681356,294.5324401855469,31,0.0,0.0
2021-12-16 00:00:00+01:00,298.27126469081304,298.27126469081304,296.84461820887583,297.9761047363281,24,0.0,0.0
2021-12-17 00:00:00+01:00,295.61474609375,295.61474609375,295.61474609375,295.61474609375,0,0.0,0.0
2021-12-20 00:00:00+01:00,284.5458141690327,287.7926940917969,284.5458141690327,287.7926940917969,100,0.0,0.0
2021-12-21 00:00:00+01:00,289.4161071777344,289.4161071777344,289.4161071777344,289.4161071777344,0,0.0,0.0
2021-12-22 00:00:00+01:00,289.6128845214844,289.6128845214844,289.6128845214844,289.6128845214844,0,0.0,0.0
2021-12-23 00:00:00+01:00,290.6460266113281,290.6460266113281,290.6460266113281,290.6460266113281,0,0.0,0.0
2021-12-27 00:00:00+01:00,295.1719970703125,295.1719970703125,295.1719970703125,295.1719970703125,0,0.0,0.0
2021-12-28 00:00:00+01:00,297.2382039290328,299.8455505371094,297.2382039290328,299.8455505371094,42,0.0,0.0
2021-12-29 00:00:00+01:00,299.30438232421875,299.30438232421875,299.30438232421875,299.30438232421875,0,0.0,0.0
2021-12-30 00:00:00+01:00,299.00921630859375,299.00921630859375,299.00921630859375,299.00921630859375,0,0.0,0.0
2022-01-03 00:00:00+01:00,302.4528682473635,302.4528682473635,301.8625183105469,301.8625183105469,94,0.0,0.0
2022-01-04 00:00:00+01:00,296.4510192871094,296.4510192871094,296.4510192871094,296.4510192871094,0,0.0,0.0
2022-01-05 00:00:00+01:00,298.074501014285,301.3213806152344,298.074501014285,301.3213806152344,50,0.0,0.0
2022-01-06 00:00:00+01:00,299.6979675292969,299.6979675292969,299.6979675292969,299.6979675292969,0,0.0,0.0
2022-01-07 00:00:00+01:00,296.4510462572511,296.4510462572511,292.41705322265625,292.41705322265625,2,0.0,0.0
2022-01-10 00:00:00+01:00,291.7282816486626,291.7282816486626,287.89105224609375,287.89105224609375,40,0.0,0.0
2022-01-11 00:00:00+01:00,290.64599500178576,290.64599500178576,290.1048583984375,290.1048583984375,5,0.0,0.0
2022-01-12 00:00:00+01:00,291.8758823500368,291.8758823500368,290.7935791015625,290.7935791015625,54,0.0,0.0
2022-01-13 00:00:00+01:00,292.3678283691406,292.3678283691406,292.3678283691406,292.3678283691406,0,0.0,0.0
2022-01-14 00:00:00+01:00,286.5136242297376,286.5136242297376,285.2345275878906,285.2345275878906,20,0.0,0.0
2022-01-17 00:00:00+01:00,282.38117334164633,283.7586364746094,281.8400367621965,283.7586364746094,79,0.0,0.0
2022-01-18 00:00:00+01:00,281.93841552734375,281.93841552734375,281.93841552734375,281.93841552734375,0,0.0,0.0
2022-01-19 00:00:00+01:00,275.2970413404927,282.18438720703125,275.2970413404927,282.18438720703125,10,0.0,0.0
2022-01-20 00:00:00+01:00,281.7416687011719,281.7416687011719,281.7416687011719,281.7416687011719,0,0.0,0.0
2022-01-21 00:00:00+01:00,279.33108122110764,280.6101778329403,275.29705810546875,275.29705810546875,68,0.0,0.0
2022-01-24 00:00:00+01:00,275.44465488410617,275.44465488410617,265.0644226074219,265.0644226074219,23,0.0,0.0
2022-01-25 00:00:00+01:00,270.4267415637639,270.4267415637639,268.21295166015625,268.21295166015625,100,0.0,0.0
2022-01-26 00:00:00+01:00,271.90254084926875,276.3793029785156,271.90254084926875,276.3793029785156,114,0.0,0.0
2022-01-27 00:00:00+01:00,268.754072585878,273.2308654785156,268.754072585878,273.2308654785156,30,0.0,0.0
2022-01-28 00:00:00+01:00,274.1163635253906,274.1163635253906,274.1163635253906,274.1163635253906,0,0.0,0.0
2022-01-31 00:00:00+01:00,274.0179748535156,274.0179748535156,274.0179748535156,274.0179748535156,0,0.0,0.0
2022-02-01 00:00:00+01:00,277.7568054199219,277.7568054199219,277.7568054199219,277.7568054199219,20,0.0,0.0
2022-02-02 00:00:00+01:00,278.7899475097656,278.7899475097656,278.7899475097656,278.7899475097656,0,0.0,0.0
2022-02-03 00:00:00+01:00,279.62626260116303,279.62626260116303,277.5600527737759,278.74072265625,80,0.0,0.0
2022-02-04 00:00:00+01:00,272.9356858238577,272.9356858238577,256.40606689453125,256.40606689453125,49,0.0,0.0
2022-02-07 00:00:00+01:00,259.5545353390483,259.5545353390483,253.7987060546875,253.7987060546875,892,0.0,0.0
2022-02-08 00:00:00+01:00,255.56974395373757,260.53846036266356,255.56974395373757,258.0295104980469,70,0.0,0.0
2022-02-09 00:00:00+01:00,258.9642045524119,261.9159240722656,258.9642045524119,261.9159240722656,130,0.0,0.0
2022-02-10 00:00:00+01:00,260.9320189988314,270.62347412109375,259.9481124868093,270.62347412109375,30,0.0,0.0
2022-02-11 00:00:00+01:00,264.32647705078125,264.32647705078125,264.32647705078125,264.32647705078125,0,0.0,0.0
2022-02-14 00:00:00+01:00,254.9793812550248,255.22535789718216,252.47043151559802,254.29066467285156,301,0.0,0.0
2022-02-15 00:00:00+01:00,254.19227715563767,261.2272033691406,254.19227715563767,261.2272033691406,4,0.0,0.0
2022-02-16 00:00:00+01:00,261.8175437403539,261.8175437403539,259.4561739825308,260.784423828125,40,0.0,0.0
2022-02-17 00:00:00+01:00,259.50537109375,259.50537109375,259.50537109375,259.50537109375,0,0.0,0.0
2022-02-18 00:00:00+01:00,260.7352294921875,260.7352294921875,260.7352294921875,260.7352294921875,0,0.0,0.0
2022-02-21 00:00:00+01:00,264.42488204013716,264.42488204013716,249.37110900878906,249.37110900878906,323,0.0,0.0
2022-02-22 00:00:00+01:00,247.6000979626363,253.15916442871094,247.6000979626363,253.15916442871094,52,0.0,0.0
2022-02-23 00:00:00+01:00,253.7494983129512,257.43914794921875,253.7494983129512,257.43914794921875,10,0.0,0.0
2022-02-24 00:00:00+01:00,236.13756826506892,245.43548201286157,236.13756826506892,243.81204223632812,106,0.0,0.0
2022-02-25 00:00:00+01:00,249.6663033227654,254.14306640625,249.6663033227654,254.14306640625,22,0.0,0.0
2022-02-28 00:00:00+01:00,254.83182922055607,256.35687255859375,253.798739220782,256.35687255859375,140,0.0,0.0
2022-03-01 00:00:00+01:00,258.32465953446683,258.32465953446683,250.3550252762994,250.5518035888672,55,0.0,0.0
2022-03-02 00:00:00+01:00,247.45248720606946,256.7012023925781,247.45248720606946,256.7012023925781,35,0.0,0.0
2022-03-03 00:00:00+01:00,255.52055695661136,256.40606689453125,255.52055695661136,256.40606689453125,20,0.0,0.0
2022-03-04 00:00:00+01:00,251.338928057664,251.338928057664,248.92835998535156,248.92835998535156,40,0.0,0.0
2022-03-07 00:00:00+01:00,245.48467899023467,250.6993865966797,244.54997079031108,250.6993865966797,172,0.0,0.0
2022-03-08 00:00:00+01:00,242.33618382140995,251.92925757385126,242.33618382140995,248.4364013671875,119,0.0,0.0
2022-03-09 00:00:00+01:00,246.56697935330976,251.2897186279297,246.56697935330976,251.2897186279297,30,0.0,0.0
2022-03-10 00:00:00+01:00,260.7490234375,260.7490234375,260.7490234375,260.7490234375,10,1.17,0.0
2022-03-11 00:00:00+01:00,255.51034394719488,261.34210205078125,255.51034394719488,261.34210205078125,10,0.0,0.0
2022-03-14 00:00:00+01:00,257.98144129702916,263.12131349600264,257.98144129702916,262.9236145019531,17,0.0,0.0
2022-03-15 00:00:00+01:00,255.01612386345076,263.368408203125,255.01612386345076,263.368408203125,63,0.0,0.0
2022-03-16 00:00:00+01:00,267.86577214720023,273.0550537109375,267.86577214720023,273.0550537109375,100,0.0,0.0
2022-03-17 00:00:00+01:00,274.7848205566406,274.7848205566406,274.7848205566406,274.7848205566406,0,0.0,0.0
2022-03-18 00:00:00+01:00,273.1044858694685,279.08453369140625,273.1044858694685,279.08453369140625,103,0.0,0.0
2022-03-21 00:00:00+01:00,276.51458887084095,278.3926086425781,276.51458887084095,278.3926086425781,30,0.0,0.0
2022-03-22 00:00:00+01:00,277.3547668457031,277.3547668457031,277.3547668457031,277.3547668457031,0,0.0,0.0
2022-03-23 00:00:00+01:00,282.0992431640625,282.0992431640625,282.0992431640625,282.0992431640625,11,0.0,0.0
2022-03-24 00:00:00+01:00,277.79954182022936,284.1749572753906,277.79954182022936,284.1749572753906,160,0.0,0.0
2022-03-25 00:00:00+01:00,284.3726501464844,284.3726501464844,284.3726501464844,284.3726501464844,0,0.0,0.0
2022-03-28 00:00:00+02:00,286.0529559686525,289.6607360839844,286.0529559686525,289.6607360839844,125,0.0,0.0
2022-03-29 00:00:00+02:00,289.4630821321567,290.15496826171875,289.4630821321567,290.15496826171875,35,0.0,0.0
2022-03-30 00:00:00+02:00,287.5850484591936,287.5850484591936,286.744873046875,286.744873046875,307,0.0,0.0
2022-03-31 00:00:00+02:00,288.4746586197691,288.4746586197691,287.881591796875,287.881591796875,4,0.0,0.0
2022-04-01 00:00:00+02:00,286.39892578125,286.39892578125,286.39892578125,286.39892578125,0,0.0,0.0
2022-04-04 00:00:00+02:00,291.5882050962928,291.5882050962928,285.50933837890625,285.50933837890625,40,0.0,0.0
2022-04-05 00:00:00+02:00,288.8700014750163,290.5997619628906,288.8700014750163,290.5997619628906,10,0.0,0.0
2022-04-06 00:00:00+02:00,291.1928319197753,291.1928319197753,288.573486328125,288.573486328125,1,0.0,0.0
2022-04-07 00:00:00+02:00,282.19806721302905,289.6607360839844,282.19806721302905,289.6607360839844,89,0.0,0.0
2022-04-08 00:00:00+02:00,287.6344697955223,289.265380859375,287.6344697955223,289.265380859375,4,0.0,0.0
2022-04-11 00:00:00+02:00,286.6460266113281,286.6460266113281,286.6460266113281,286.6460266113281,0,0.0,0.0
2022-04-12 00:00:00+02:00,284.224365234375,284.224365234375,284.224365234375,284.224365234375,0,0.0,0.0
2022-04-13 00:00:00+02:00,287.18967377279625,288.1286987505288,287.18967377279625,287.9309997558594,253,0.0,0.0
2022-04-14 00:00:00+02:00,288.6228921146716,291.58819580078125,288.6228921146716,291.58819580078125,4,0.0,0.0
2022-04-19 00:00:00+02:00,290.7974853515625,290.7974853515625,290.7974853515625,290.7974853515625,0,0.0,0.0
2022-04-20 00:00:00+02:00,290.2044316253248,291.34112548828125,290.2044316253248,291.34112548828125,7,0.0,0.0
2022-04-21 00:00:00+02:00,297.5187950348837,300.53350830078125,297.5187950348837,300.53350830078125,90,0.0,0.0
2022-04-22 00:00:00+02:00,294.7512237651924,294.7512237651924,294.6523742675781,294.6523742675781,15,0.0,0.0
2022-04-25 00:00:00+02:00,294.6523742675781,294.6523742675781,294.6523742675781,294.6523742675781,0,0.0,0.0
2022-04-26 00:00:00+02:00,287.04140942331605,289.0677185058594,287.04140942331605,289.0677185058594,40,0.0,0.0
2022-04-27 00:00:00+02:00,282.29693603515625,282.29693603515625,282.29693603515625,282.29693603515625,0,0.0,0.0
2022-04-28 00:00:00+02:00,288.573486328125,288.573486328125,288.573486328125,288.573486328125,0,0.0,0.0
2022-04-29 00:00:00+02:00,294.5041151034726,294.6523742675781,294.5041151034726,294.6523742675781,18,0.0,0.0
2022-05-02 00:00:00+02:00,292.62602134728326,294.1086730957031,292.62602134728326,294.1086730957031,1,0.0,0.0
2022-05-03 00:00:00+02:00,296.48095703125,296.48095703125,296.48095703125,296.48095703125,0,0.0,0.0
2022-05-04 00:00:00+02:00,294.55352783203125,294.55352783203125,294.55352783203125,294.55352783203125,0,0.0,0.0
2022-05-05 00:00:00+02:00,299.5945321815828,299.5945321815828,292.2306823730469,292.2306823730469,63,0.0,0.0
2022-05-06 00:00:00+02:00,292.1318664550781,292.1318664550781,292.1318664550781,292.1318664550781,0,0.0,0.0
2022-05-09 00:00:00+02:00,281.20966669066684,282.7911682128906,281.20966669066684,282.7911682128906,10,0.0,0.0
2022-05-10 00:00:00+02:00,282.1980804054403,286.49777698044574,282.1980804054403,286.3495178222656,28,0.0,0.0
2022-05-11 00:00:00+02:00,282.988818963023,283.33477711212134,280.46832275390625,280.46832275390625,80,0.0,0.0
2022-05-12 00:00:00+02:00,279.7270202636719,279.7270202636719,279.7270202636719,279.7270202636719,0,0.0,0.0
2022-05-13 00:00:00+02:00,286.5966491699219,286.5966491699219,286.5966491699219,286.5966491699219,0,0.0,0.0
2022-05-16 00:00:00+02:00,294.4052694232707,294.4052694232707,291.63763427734375,291.63763427734375,169,0.0,0.0
2022-05-17 00:00:00+02:00,294.30639656645116,298.1612854003906,294.30639656645116,298.1612854003906,10,0.0,0.0
2022-05-18 00:00:00+02:00,296.53039945312827,297.3705749511719,296.53039945312827,297.3705749511719,9,0.0,0.0
2022-05-19 00:00:00+02:00,291.58819580078125,291.58819580078125,291.58819580078125,291.58819580078125,0,0.0,0.0
2022-05-20 00:00:00+02:00,292.97199430045873,294.6029052734375,292.97199430045873,294.6029052734375,10,0.0,0.0
2022-05-23 00:00:00+02:00,295.5419483117145,298.0624445006947,295.5419483117145,296.9257507324219,22,0.0,0.0
2022-05-24 00:00:00+02:00,294.0592956542969,294.0592956542969,294.0592956542969,294.0592956542969,0,0.0,0.0
2022-05-25 00:00:00+02:00,293.416801913375,294.6029052734375,293.416801913375,294.6029052734375,80,0.0,0.0
2022-05-26 00:00:00+02:00,291.7364658476622,295.0971374511719,291.7364658476622,295.0971374511719,0,0.0,0.0
2022-05-27 00:00:00+02:00,294.256997644093,297.8153381347656,294.256997644093,297.8153381347656,7,0.0,0.0
2022-05-30 00:00:00+02:00,304.1413269042969,304.1413269042969,304.1413269042969,304.1413269042969,0,0.0,0.0
2022-05-31 00:00:00+02:00,298.7543640136719,298.7543640136719,298.7543640136719,298.7543640136719,0,0.0,0.0
2022-06-01 00:00:00+02:00,299.00146484375,299.00146484375,299.00146484375,299.00146484375,0,0.0,0.0
2022-06-02 00:00:00+02:00,294.50643841910755,306.21527099609375,294.50643841910755,306.21527099609375,1,1.17,0.0
2022-06-03 00:00:00+02:00,305.02454216379874,306.1656494140625,305.02454216379874,306.1656494140625,16,0.0,0.0
2022-06-06 00:00:00+02:00,307.5052490234375,307.5052490234375,307.5052490234375,307.5052490234375,0,0.0,0.0
2022-06-07 00:00:00+02:00,308.4478759765625,308.4478759765625,308.4478759765625,308.4478759765625,0,0.0,0.0
2022-06-08 00:00:00+02:00,308.7455692276007,308.7455692276007,304.67724609375,304.67724609375,10,0.0,0.0
2022-06-09 00:00:00+02:00,303.13922593011887,303.13922593011887,301.7996520996094,301.7996520996094,12,0.0,0.0
2022-06-10 00:00:00+02:00,299.0709283803678,299.0709283803678,294.8041687011719,294.8041687011719,20,0.0,0.0
2022-06-13 00:00:00+02:00,285.5760192871094,285.5760192871094,285.5760192871094,285.5760192871094,0,0.0,0.0
2022-06-14 00:00:00+02:00,288.75128173828125,288.75128173828125,288.75128173828125,288.75128173828125,0,0.0,0.0
2022-06-15 00:00:00+02:00,282.0534538667207,285.6256408691406,282.0534538667207,285.6256408691406,98,0.0,0.0
2022-06-16 00:00:00+02:00,284.88141936609253,284.88141936609253,276.19903564453125,276.19903564453125,169,0.0,0.0
2022-06-17 00:00:00+02:00,272.7260981560097,274.5121765136719,272.7260981560097,274.5121765136719,20,0.0,0.0
2022-06-20 00:00:00+02:00,273.7679748535156,273.7679748535156,273.7679748535156,273.7679748535156,0,0.0,0.0
2022-06-21 00:00:00+02:00,274.26409912109375,274.26409912109375,274.26409912109375,274.26409912109375,0,0.0,0.0
2022-06-22 00:00:00+02:00,277.1913298563173,281.3588562011719,274.8594834171854,281.3588562011719,20,0.0,0.0
2022-06-23 00:00:00+02:00,278.48126431730753,281.25964541900214,277.8858947753906,277.8858947753906,37,0.0,0.0
2022-06-24 00:00:00+02:00,279.0270364247878,282.4007568359375,279.0270364247878,282.4007568359375,10,0.0,0.0
2022-06-27 00:00:00+02:00,282.8472595214844,282.8472595214844,282.8472595214844,282.8472595214844,0,0.0,0.0
2022-06-28 00:00:00+02:00,278.08437029980894,280.8627212088361,278.08437029980894,278.2828369140625,25,0.0,0.0
2022-06-29 00:00:00+02:00,276.99285888671875,276.99285888671875,276.99285888671875,276.99285888671875,0,0.0,0.0
2022-06-30 00:00:00+02:00,270.9896240234375,270.9896240234375,270.9896240234375,270.9896240234375,0,0.0,0.0
2022-07-01 00:00:00+02:00,269.3523640811293,271.9818799725275,269.3523640811293,269.8981018066406,106,0.0,0.0
2022-07-04 00:00:00+02:00,270.890380859375,270.890380859375,270.890380859375,270.890380859375,0,0.0,0.0
2022-07-05 00:00:00+02:00,270.8903688620065,270.8903688620065,259.9753723144531,259.9753723144531,75,0.0,0.0
2022-07-06 00:00:00+02:00,260.0249938964844,260.0249938964844,260.0249938964844,260.0249938964844,0,0.0,0.0
2022-07-07 00:00:00+02:00,268.9058488514391,268.9058488514391,267.3182067871094,267.3182067871094,60,0.0,0.0
2022-07-08 00:00:00+02:00,267.1693855531754,269.1539306640625,267.1693855531754,269.1539306640625,20,0.0,0.0
2022-07-11 00:00:00+02:00,264.2421569824219,264.2421569824219,264.2421569824219,264.2421569824219,0,0.0,0.0
2022-07-12 00:00:00+02:00,267.96319580078125,267.96319580078125,267.96319580078125,267.96319580078125,0,0.0,0.0
2022-07-13 00:00:00+02:00,269.94769287109375,269.94769287109375,269.94769287109375,269.94769287109375,9,0.0,0.0
2022-07-14 00:00:00+02:00,269.94770186677545,269.94770186677545,264.6390686035156,264.6390686035156,32,0.0,0.0
2022-07-15 00:00:00+02:00,266.07786287273404,268.21124267578125,266.07786287273404,268.21124267578125,20,0.0,0.0
2022-07-18 00:00:00+02:00,273.7183572233013,275.454833984375,273.7183572233013,275.454833984375,25,0.0,0.0
2022-07-19 00:00:00+02:00,271.38653564453125,271.38653564453125,271.38653564453125,271.38653564453125,0,0.0,0.0
2022-07-20 00:00:00+02:00,278.58051143239186,278.58051143239186,273.37108067541925,276.9432678222656,65,0.0,0.0
2022-07-21 00:00:00+02:00,277.43939208984375,277.43939208984375,277.43939208984375,277.43939208984375,0,0.0,0.0
2022-07-22 00:00:00+02:00,277.4889831542969,277.4889831542969,277.4889831542969,277.4889831542969,0,0.0,0.0
2022-07-25 00:00:00+02:00,277.68743896484375,277.68743896484375,277.68743896484375,277.68743896484375,0,0.0,0.0
2022-07-26 00:00:00+02:00,277.240919529587,279.0766296386719,277.240919529587,279.0766296386719,15,0.0,0.0
2022-07-27 00:00:00+02:00,280.61466165152984,281.4580993652344,280.61466165152984,281.4580993652344,10,0.0,0.0
2022-07-28 00:00:00+02:00,282.8472595214844,282.8472595214844,282.8472595214844,282.8472595214844,0,0.0,0.0
2022-07-29 00:00:00+02:00,288.50322137243097,289.4458923339844,288.50322137243097,289.4458923339844,30,0.0,0.0
2022-08-01 00:00:00+02:00,292.7203674316406,292.7203674316406,292.7203674316406,292.7203674316406,125,0.0,0.0
2022-08-02 00:00:00+02:00,288.85050914017427,290.3885192871094,288.85050914017427,290.3885192871094,1,0.0,0.0
2022-08-03 00:00:00+02:00,288.2551574707031,288.2551574707031,288.2551574707031,288.2551574707031,0,0.0,0.0
2022-08-04 00:00:00+02:00,293.1172612628762,295.2506408691406,293.1172612628762,295.2506408691406,17,0.0,0.0
2022-08-05 00:00:00+02:00,293.2165090937855,294.01031494140625,293.2165090937855,294.01031494140625,10,0.0,0.0
2022-08-08 00:00:00+02:00,294.15919857243824,294.5064697265625,294.15919857243824,294.5064697265625,10,0.0,0.0
2022-08-09 00:00:00+02:00,292.4723205566406,292.4723205566406,292.4723205566406,292.4723205566406,0,0.0,0.0
2022-08-10 00:00:00+02:00,292.02578271960795,296.14373779296875,292.02578271960795,296.14373779296875,10,0.0,0.0
2022-08-11 00:00:00+02:00,298.32672005997193,298.32672005997193,295.8460388183594,295.8460388183594,4,0.0,0.0
2022-08-12 00:00:00+02:00,293.712646484375,293.712646484375,293.712646484375,293.712646484375,0,0.0,0.0
2022-08-15 00:00:00+02:00,299.4182209886646,299.9639587402344,299.4182209886646,299.9639587402344,40,0.0,0.0
2022-08-16 00:00:00+02:00,302.14697265625,302.14697265625,302.14697265625,302.14697265625,0,0.0,0.0
2022-08-17 00:00:00+02:00,304.2803649902344,304.2803649902344,304.2803649902344,304.2803649902344,0,0.0,0.0
2022-08-18 00:00:00+02:00,300.46008600203663,302.4942626953125,300.46008600203663,302.4942626953125,8,0.0,0.0
2022-08-19 00:00:00+02:00,302.4446278897181,302.4446278897181,300.4600830078125,300.4600830078125,25,0.0,0.0
2022-08-22 00:00:00+02:00,296.6894836425781,296.6894836425781,296.6894836425781,296.6894836425781,0,0.0,0.0
2022-08-23 00:00:00+02:00,293.8614807128906,293.8614807128906,293.8614807128906,293.8614807128906,0,0.0,0.0
2022-08-24 00:00:00+02:00,292.1250305175781,292.1250305175781,292.1250305175781,292.1250305175781,8,0.0,0.0
2022-08-25 00:00:00+02:00,293.0676574707031,293.0676574707031,293.0676574707031,293.0676574707031,0,0.0,0.0
2022-08-26 00:00:00+02:00,293.6630554199219,293.6630554199219,293.6630554199219,293.6630554199219,0,0.0,0.0
2022-08-29 00:00:00+02:00,281.80535653299074,285.3279113769531,281.80535653299074,285.3279113769531,152,0.0,0.0
2022-08-30 00:00:00+02:00,285.5760192871094,285.5760192871094,285.5760192871094,285.5760192871094,0,0.0,0.0
2022-08-31 00:00:00+02:00,283.6410827636719,283.6410827636719,283.6410827636719,283.6410827636719,0,0.0,0.0
2022-09-01 00:00:00+02:00,277.03525480309185,277.03525480309185,276.4872741699219,276.4872741699219,50,1.17,0.0
2022-09-02 00:00:00+02:00,277.5832824707031,277.5832824707031,277.5832824707031,277.5832824707031,0,0.0,0.0
2022-09-05 00:00:00+02:00,276.4872741699219,276.4872741699219,276.4872741699219,276.4872741699219,0,0.0,0.0
2022-09-06 00:00:00+02:00,273.94659423828125,273.94659423828125,273.94659423828125,273.94659423828125,0,0.0,0.0
2022-09-07 00:00:00+02:00,276.28801033724125,282.21630859375,276.28801033724125,282.21630859375,15,0.0,0.0
2022-09-08 00:00:00+02:00,284.4580993652344,284.4580993652344,284.4580993652344,284.4580993652344,0,0.0,0.0
2022-09-09 00:00:00+02:00,283.0133623954756,285.7533264160156,283.0133623954756,285.7533264160156,87,0.0,0.0
2022-09-12 00:00:00+02:00,286.0522469011386,288.3936767578125,286.0522469011386,288.3936767578125,40,0.0,0.0
2022-09-13 00:00:00+02:00,289.4896545410156,289.4896545410156,289.4896545410156,289.4896545410156,0,0.0,0.0
2022-09-14 00:00:00+02:00,284.9064636230469,284.9064636230469,284.9064636230469,284.9064636230469,0,0.0,0.0
2022-09-15 00:00:00+02:00,285.6038818359375,285.6038818359375,285.6038818359375,285.6038818359375,0,0.0,0.0
2022-09-16 00:00:00+02:00,280.37306406462153,280.37306406462153,279.0279846191406,279.0279846191406,100,0.0,0.0
2022-09-19 00:00:00+02:00,278.2308878929206,281.2697448730469,278.2308878929206,281.2697448730469,10,0.0,0.0
2022-09-20 00:00:00+02:00,282.51519775390625,282.51519775390625,282.51519775390625,282.51519775390625,0,0.0,0.0
2022-09-21 00:00:00+02:00,279.57598876953125,279.57598876953125,279.57598876953125,279.57598876953125,0,0.0,0.0
2022-09-22 00:00:00+02:00,279.32690806260985,281.41925048828125,279.32690806260985,281.41925048828125,25,0.0,0.0
2022-09-23 00:00:00+02:00,277.18475341796875,277.18475341796875,277.18475341796875,277.18475341796875,0,0.0,0.0
2022-09-26 00:00:00+02:00,271.0073636781142,275.0924072265625,271.0073636781142,275.0924072265625,150,0.0,0.0
2022-09-27 00:00:00+02:00,275.7400207519531,275.7400207519531,275.7400207519531,275.7400207519531,0,0.0,0.0
2022-09-28 00:00:00+02:00,272.6015319824219,272.6015319824219,272.6015319824219,272.6015319824219,0,0.0,0.0
2022-09-29 00:00:00+02:00,276.1385644499678,276.1385644499678,274.9927673339844,274.9927673339844,75,0.0,0.0
2022-09-30 00:00:00+02:00,273.39858455150795,276.2381896972656,273.39858455150795,276.2381896972656,5,0.0,0.0
2022-10-03 00:00:00+02:00,273.99639892578125,273.99639892578125,273.99639892578125,273.99639892578125,0,0.0,0.0
2022-10-04 00:00:00+02:00,282.1665101244398,286.4508056640625,282.1665101244398,286.4508056640625,10,0.0,0.0
2022-10-05 00:00:00+02:00,284.3584430723458,285.6537170410156,284.3584430723458,285.6537170410156,8,0.0,0.0
2022-10-06 00:00:00+02:00,286.7995300292969,286.7995300292969,286.7995300292969,286.7995300292969,0,0.0,0.0
2022-10-07 00:00:00+02:00,282.16650390625,282.16650390625,282.16650390625,282.16650390625,0,0.0,0.0
2022-10-10 00:00:00+02:00,276.9356689453125,276.9356689453125,276.9356689453125,276.9356689453125,0,0.0,0.0
2022-10-11 00:00:00+02:00,277.6829292963125,277.6829292963125,277.1349182128906,277.1349182128906,175,0.0,0.0
2022-10-12 00:00:00+02:00,278.6294250488281,278.6294250488281,278.6294250488281,278.6294250488281,0,0.0,0.0
2022-10-13 00:00:00+02:00,277.68292236328125,277.68292236328125,277.68292236328125,277.68292236328125,0,0.0,0.0
2022-10-14 00:00:00+02:00,287.84568020651045,287.84568020651045,287.24786376953125,287.24786376953125,60,0.0,0.0
2022-10-17 00:00:00+02:00,283.9599304199219,283.9599304199219,283.9599304199219,283.9599304199219,0,0.0,0.0
2022-10-18 00:00:00+02:00,287.69622802734375,287.69622802734375,287.69622802734375,287.69622802734375,0,0.0,0.0
2022-10-19 00:00:00+02:00,287.4969394242418,288.19439697265625,287.4969394242418,288.19439697265625,35,0.0,0.0
2022-10-20 00:00:00+02:00,288.19439394482725,290.834716796875,288.19439394482725,290.834716796875,10,0.0,0.0
2022-10-21 00:00:00+02:00,286.7995300292969,286.7995300292969,286.7995300292969,286.7995300292969,0,0.0,0.0
2022-10-24 00:00:00+02:00,291.2831115033999,293.6743469238281,291.2831115033999,293.6743469238281,4,0.0,0.0
2022-10-25 00:00:00+02:00,279.2770546387043,282.8141174316406,279.2770546387043,282.8141174316406,21,0.0,0.0
2022-10-26 00:00:00+02:00,283.3122863769531,283.3122863769531,283.3122863769531,283.3122863769531,0,0.0,0.0
2022-10-27 00:00:00+02:00,291.93072509765625,291.93072509765625,291.93072509765625,291.93072509765625,0,0.0,0.0
2022-10-28 00:00:00+02:00,290.4859924316406,290.4859924316406,290.4859924316406,290.4859924316406,0,0.0,0.0
2022-10-31 00:00:00+01:00,300.3498840332031,300.3498840332031,300.3498840332031,300.3498840332031,7,0.0,0.0
2022-11-01 00:00:00+01:00,302.2927551269531,302.2927551269531,302.2927551269531,302.2927551269531,0,0.0,0.0
2022-11-02 00:00:00+01:00,300.10080719071595,301.89422607421875,300.10080719071595,301.89422607421875,40,0.0,0.0
2022-11-03 00:00:00+01:00,298.6062927246094,298.6062927246094,298.6062927246094,298.6062927246094,0,0.0,0.0
2022-11-04 00:00:00+01:00,302.89056396484375,302.89056396484375,302.89056396484375,302.89056396484375,0,0.0,0.0
2022-11-07 00:00:00+01:00,307.8723203270911,309.8152160644531,307.8723203270911,309.8152160644531,31,0.0,0.0
2022-11-08 00:00:00+01:00,311.0606689453125,311.0606689453125,311.0606689453125,311.0606689453125,11,0.0,0.0
2022-11-09 00:00:00+01:00,312.3558980257664,314.5976867675781,312.3558980257664,314.5976867675781,30,0.0,0.0
2022-11-10 00:00:00+01:00,311.1602746155586,313.8504333496094,311.1602746155586,313.8504333496094,12,0.0,0.0
2022-11-11 00:00:00+01:00,323.8139343261719,323.8139343261719,323.8139343261719,323.8139343261719,120,0.0,0.0
2022-11-14 00:00:00+01:00,318.334011778629,323.3655700683594,318.334011778629,323.3655700683594,34,0.0,0.0
2022-11-15 00:00:00+01:00,321.97068603205105,325.7070007324219,321.97068603205105,325.7070007324219,7,0.0,0.0
2022-11-16 00:00:00+01:00,320.5758056640625,320.5758056640625,320.5758056640625,320.5758056640625,0,0.0,0.0
2022-11-17 00:00:00+01:00,320.6754436136413,320.6754436136413,318.43365478515625,318.43365478515625,30,0.0,0.0
2022-11-18 00:00:00+01:00,318.6827443636911,320.6754455566406,318.6827443636911,320.6754455566406,5,0.0,0.0
2022-11-21 00:00:00+01:00,319.3303712232201,322.66815185546875,319.3303712232201,322.66815185546875,10,0.0,0.0
2022-11-22 00:00:00+01:00,323.81394894187025,327.0022830631655,323.81394894187025,325.05938720703125,63,0.0,0.0
2022-11-23 00:00:00+01:00,327.5004577636719,327.5004577636719,327.5004577636719,327.5004577636719,0,0.0,0.0
2022-11-24 00:00:00+01:00,329.3935228504718,331.8843994140625,329.3935228504718,331.8843994140625,10,0.0,0.0
2022-11-25 00:00:00+01:00,332.9803630587172,332.9803630587172,331.6850891113281,331.6850891113281,110,0.0,0.0
2022-11-28 00:00:00+01:00,326.4044448211965,326.4044448211965,324.3619079589844,324.3619079589844,76,0.0,0.0
2022-11-29 00:00:00+01:00,328.3971530163374,328.3971530163374,323.8139343261719,323.8139343261719,30,0.0,0.0
2022-11-30 00:00:00+01:00,320.4263432266064,320.4263432266064,319.42999267578125,319.42999267578125,4,0.0,0.0
2022-12-01 00:00:00+01:00,322.04998779296875,322.04998779296875,322.04998779296875,322.04998779296875,0,1.17,0.0
2022-12-02 00:00:00+01:00,319.1499938964844,319.1499938964844,319.1499938964844,319.1499938964844,0,0.0,0.0
2022-12-05 00:00:00+01:00,320.3999938964844,321.0,320.3999938964844,321.0,4,0.0,0.0
2022-12-06 00:00:00+01:00,317.6000061035156,319.6000061035156,315.0,315.0,30,0.0,0.0
2022-12-07 00:00:00+01:00,315.04998779296875,315.04998779296875,315.04998779296875,315.04998779296875,0,0.0,0.0
2022-12-08 00:00:00+01:00,315.1499938964844,315.1499938964844,315.1499938964844,315.1499938964844,0,0.0,0.0
2022-12-09 00:00:00+01:00,317.3500061035156,317.3500061035156,317.3500061035156,317.3500061035156,0,0.0,0.0
2022-12-12 00:00:00+01:00,316.29998779296875,316.29998779296875,316.29998779296875,316.29998779296875,0,0.0,0.0
2022-12-13 00:00:00+01:00,318.3999938964844,318.3999938964844,318.3999938964844,318.3999938964844,1,0.0,0.0
2022-12-14 00:00:00+01:00,322.5,322.5,320.70001220703125,320.70001220703125,17,0.0,0.0
2022-12-15 00:00:00+01:00,321.5,321.5,321.5,321.5,0,0.0,0.0
2022-12-16 00:00:00+01:00,311.6000061035156,311.6000061035156,311.6000061035156,311.6000061035156,0,0.0,0.0
2022-12-19 00:00:00+01:00,310.04998779296875,310.04998779296875,310.04998779296875,310.04998779296875,1,0.0,0.0
2022-12-20 00:00:00+01:00,306.79998779296875,306.79998779296875,306.79998779296875,306.79998779296875,0,0.0,0.0
2022-12-21 00:00:00+01:00,310.20001220703125,311.5,310.20001220703125,311.5,7,0.0,0.0
2022-12-22 00:00:00+01:00,310.54998779296875,310.54998779296875,310.54998779296875,310.54998779296875,0,0.0,0.0
2022-12-23 00:00:00+01:00,308.1000061035156,308.1000061035156,308.1000061035156,308.1000061035156,0,0.0,0.0
2022-12-27 00:00:00+01:00,308.75,311.3500061035156,308.75,311.3500061035156,3,0.0,0.0
2022-12-28 00:00:00+01:00,308.79998779296875,308.79998779296875,308.79998779296875,308.79998779296875,0,0.0,0.0
2022-12-29 00:00:00+01:00,306.54998779296875,306.54998779296875,306.54998779296875,306.54998779296875,0,0.0,0.0
2022-12-30 00:00:00+01:00,308.75,308.75,308.75,308.75,0,0.0,0.0
2023-01-02 00:00:00+01:00,305.75,305.75,299.6000061035156,299.8500061035156,52,0.0,0.0
2023-01-03 00:00:00+01:00,298.75,300.54998779296875,298.75,300.54998779296875,10,0.0,0.0
2023-01-04 00:00:00+01:00,300.95001220703125,300.95001220703125,300.95001220703125,300.95001220703125,0,0.0,0.0
2023-01-05 00:00:00+01:00,298.25,298.25,288.54998779296875,289.20001220703125,107,0.0,0.0
2023-01-06 00:00:00+01:00,289.8500061035156,297.6499938964844,289.8500061035156,297.6499938964844,10,0.0,0.0
2023-01-09 00:00:00+01:00,297.3999938964844,297.3999938964844,297.3999938964844,297.3999938964844,0,0.0,0.0
2023-01-10 00:00:00+01:00,299.04998779296875,299.04998779296875,299.04998779296875,299.04998779296875,0,0.0,0.0
2023-01-11 00:00:00+01:00,301.04998779296875,305.54998779296875,299.54998779296875,305.54998779296875,211,0.0,0.0
2023-01-12 00:00:00+01:00,305.5,305.5,302.95001220703125,302.95001220703125,110,0.0,0.0
2023-01-13 00:00:00+01:00,302.45001220703125,307.95001220703125,302.45001220703125,307.95001220703125,3,0.0,0.0
2023-01-16 00:00:00+01:00,307.3500061035156,307.3500061035156,307.3500061035156,307.3500061035156,0,0.0,0.0
2023-01-17 00:00:00+01:00,304.04998779296875,308.95001220703125,304.04998779296875,308.95001220703125,15,0.0,0.0
2023-01-18 00:00:00+01:00,306.70001220703125,306.70001220703125,305.75,305.75,83,0.0,0.0
2023-01-19 00:00:00+01:00,301.75,301.75,298.8999938964844,298.8999938964844,72,0.0,0.0
2023-01-20 00:00:00+01:00,299.5,301.1499938964844,298.25,301.1499938964844,30,0.0,0.0
2023-01-23 00:00:00+01:00,301.0,301.29998779296875,301.0,301.29998779296875,70,0.0,0.0
2023-01-24 00:00:00+01:00,301.0,301.0,301.0,301.0,0,0.0,0.0
2023-01-25 00:00:00+01:00,299.79998779296875,299.79998779296875,298.8999938964844,298.8999938964844,150,0.0,0.0
2023-01-26 00:00:00+01:00,299.79998779296875,299.79998779296875,299.79998779296875,299.79998779296875,0,0.0,0.0
2023-01-27 00:00:00+01:00,298.1000061035156,300.20001220703125,298.1000061035156,298.8500061035156,19,0.0,0.0
2023-01-30 00:00:00+01:00,297.70001220703125,300.8999938964844,297.70001220703125,300.8999938964844,125,0.0,0.0
2023-01-31 00:00:00+01:00,299.1000061035156,303.5,299.1000061035156,303.5,10,0.0,0.0
2023-02-01 00:00:00+01:00,302.04998779296875,302.04998779296875,302.04998779296875,302.04998779296875,0,0.0,0.0
2023-02-02 00:00:00+01:00,301.0,303.79998779296875,301.0,303.79998779296875,25,0.0,0.0
2023-02-03 00:00:00+01:00,302.8999938964844,302.8999938964844,300.1000061035156,300.20001220703125,67,0.0,0.0
2023-02-06 00:00:00+01:00,299.70001220703125,299.70001220703125,299.70001220703125,299.70001220703125,0,0.0,0.0
2023-02-07 00:00:00+01:00,299.75,299.75,299.75,299.75,0,0.0,0.0
2023-02-08 00:00:00+01:00,312.6000061035156,312.6000061035156,312.6000061035156,312.6000061035156,0,0.0,0.0
2023-02-09 00:00:00+01:00,314.75,314.75,311.29998779296875,311.29998779296875,24,0.0,0.0
2023-02-10 00:00:00+01:00,308.75,308.75,308.75,308.75,0,0.0,0.0
2023-02-13 00:00:00+01:00,309.8999938964844,311.1000061035156,308.75,311.1000061035156,164,0.0,0.0
2023-02-14 00:00:00+01:00,312.1000061035156,312.1000061035156,312.1000061035156,312.1000061035156,0,0.0,0.0
2023-02-15 00:00:00+01:00,306.20001220703125,310.04998779296875,306.20001220703125,310.04998779296875,2,0.0,0.0
2023-02-16 00:00:00+01:00,310.54998779296875,310.54998779296875,306.1000061035156,306.1000061035156,15,0.0,0.0
2023-02-17 00:00:00+01:00,303.29998779296875,303.29998779296875,300.1499938964844,300.1499938964844,62,0.0,0.0
2023-02-20 00:00:00+01:00,300.54998779296875,302.8500061035156,300.54998779296875,302.8500061035156,150,0.0,0.0
2023-02-21 00:00:00+01:00,300.79998779296875,300.79998779296875,300.79998779296875,300.79998779296875,0,0.0,0.0
2023-02-22 00:00:00+01:00,304.29998779296875,307.70001220703125,303.25,307.70001220703125,40,0.0,0.0
2023-02-23 00:00:00+01:00,309.8500061035156,314.20001220703125,309.8500061035156,311.04998779296875,180,0.0,0.0
2023-02-24 00:00:00+01:00,311.54998779296875,311.54998779296875,309.3500061035156,309.3500061035156,25,0.0,0.0
2023-02-27 00:00:00+01:00,327.5,327.5,327.5,327.5,0,0.0,0.0
2023-02-28 00:00:00+01:00,327.5,327.5,327.5,327.5,0,0.0,0.0
2023-03-01 00:00:00+01:00,327.5,327.5,327.5,327.5,0,0.0,0.0
2023-03-02 00:00:00+01:00,327.5,327.5,327.5,327.5,0,0.0,0.0
2023-03-13 00:00:00+01:00,,,,,0,1.275,0.0
2023-09-18 00:00:00+02:00,363.20001220703125,363.20001220703125,363.20001220703125,363.20001220703125,200,0.0,0.0
