Date,Open,High,Low,Close,Volume,Dividends,Stock Splits
2013-11-26 00:00:00+01:00,83.80999755859375,83.80999755859375,83.80999755859375,83.80999755859375,0,0.0,0.0
2013-11-27 00:00:00+01:00,82.6500015258789,82.6500015258789,82.6500015258789,82.6500015258789,0,0.0,0.0
2013-11-28 00:00:00+01:00,84.11000061035156,84.11000061035156,84.11000061035156,84.11000061035156,0,0.0,0.0
2013-11-29 00:00:00+01:00,83.9000015258789,83.9000015258789,83.9000015258789,83.9000015258789,0,0.0,0.0
2013-12-02 00:00:00+01:00,84.91999816894531,84.91999816894531,84.91999816894531,84.91999816894531,0,0.0,0.0
2013-12-03 00:00:00+01:00,85.75,85.75,84.6500015258789,84.6500015258789,120,0.0,0.0
2013-12-04 00:00:00+01:00,82.76000213623047,82.76000213623047,82.76000213623047,82.76000213623047,0,0.0,0.0
2013-12-05 00:00:00+01:00,82.80000305175781,82.80000305175781,82.80000305175781,82.80000305175781,0,0.0,0.0
2013-12-06 00:00:00+01:00,82.80999755859375,82.8499984741211,82.80999755859375,82.8499984741211,74,0.0,0.0
2013-12-09 00:00:00+01:00,84.54000091552734,84.54000091552734,84.54000091552734,84.54000091552734,0,0.0,0.0
2013-12-10 00:00:00+01:00,84.38999938964844,84.38999938964844,84.38999938964844,84.38999938964844,0,0.0,0.0
2013-12-11 00:00:00+01:00,85.81999969482422,85.81999969482422,85.81999969482422,85.81999969482422,0,0.0,0.0
2013-12-12 00:00:00+01:00,82.51000213623047,82.51000213623047,82.51000213623047,82.51000213623047,0,0.0,0.0
2013-12-13 00:00:00+01:00,83.13999938964844,83.13999938964844,83.13999938964844,83.13999938964844,0,0.0,0.0
2013-12-16 00:00:00+01:00,81.95999908447266,82.23999786376953,80.51000213623047,80.51000213623047,20,0.0,0.0
2013-12-17 00:00:00+01:00,80.41000366210938,80.41000366210938,80.41000366210938,80.41000366210938,0,0.0,0.0
2013-12-18 00:00:00+01:00,80.41999816894531,80.41999816894531,80.41999816894531,80.41999816894531,0,0.0,0.0
2013-12-19 00:00:00+01:00,82.0999984741211,82.0999984741211,82.0999984741211,82.0999984741211,0,0.0,0.0
2013-12-20 00:00:00+01:00,88.12000274658203,88.12000274658203,88.05999755859375,88.05999755859375,37,0.0,0.0
2013-12-23 00:00:00+01:00,89.11000061035156,89.11000061035156,89.11000061035156,89.11000061035156,0,0.0,0.0
2013-12-27 00:00:00+01:00,89.27999877929688,92.12999725341797,89.27999877929688,92.12999725341797,100,0.0,0.0
2013-12-30 00:00:00+01:00,87.8499984741211,87.8499984741211,87.8499984741211,87.8499984741211,0,0.0,0.0
2014-01-02 00:00:00+01:00,90.01000213623047,90.01000213623047,90.01000213623047,90.01000213623047,0,0.0,0.0
2014-01-03 00:00:00+01:00,90.47000122070312,90.47000122070312,90.47000122070312,90.47000122070312,0,0.0,0.0
2014-01-06 00:00:00+01:00,90.88999938964844,90.88999938964844,90.88999938964844,90.88999938964844,0,0.0,0.0
2014-01-07 00:00:00+01:00,90.0999984741211,90.0999984741211,90.0999984741211,90.0999984741211,0,0.0,0.0
2014-01-08 00:00:00+01:00,93.58999633789062,93.58999633789062,93.58999633789062,93.58999633789062,0,0.0,0.0
2014-01-09 00:00:00+01:00,99.25,102.93000030517578,99.25,102.93000030517578,290,0.0,0.0
2014-01-10 00:00:00+01:00,97.95999908447266,97.95999908447266,97.95999908447266,97.95999908447266,87,0.0,0.0
2014-01-13 00:00:00+01:00,98.91000366210938,98.91000366210938,98.91000366210938,98.91000366210938,0,0.0,0.0
2014-01-14 00:00:00+01:00,105.12000274658203,105.12000274658203,105.12000274658203,105.12000274658203,0,0.0,0.0
2014-01-15 00:00:00+01:00,104.22000122070312,104.22000122070312,104.22000122070312,104.22000122070312,0,0.0,0.0
2014-01-16 00:00:00+01:00,105.8499984741211,109.80000305175781,105.8499984741211,109.80000305175781,150,0.0,0.0
2014-01-17 00:00:00+01:00,106.80000305175781,110.63999938964844,106.80000305175781,110.63999938964844,19,0.0,0.0
2014-01-20 00:00:00+01:00,112.05999755859375,112.05999755859375,112.0,112.0,680,0.0,0.0
2014-01-21 00:00:00+01:00,108.80000305175781,112.55000305175781,108.80000305175781,112.55000305175781,55,0.0,0.0
2014-01-22 00:00:00+01:00,110.68000030517578,110.68000030517578,110.68000030517578,110.68000030517578,0,0.0,0.0
2014-01-23 00:00:00+01:00,112.95999908447266,112.95999908447266,112.95999908447266,112.95999908447266,0,0.0,0.0
2014-01-24 00:00:00+01:00,113.91999816894531,117.69000244140625,113.91999816894531,117.26000213623047,80,0.0,0.0
2014-01-27 00:00:00+01:00,106.68000030517578,106.68000030517578,102.3499984741211,102.3499984741211,395,0.0,0.0
2014-01-28 00:00:00+01:00,102.0999984741211,112.25,102.0999984741211,112.25,590,0.0,0.0
2014-01-29 00:00:00+01:00,109.11000061035156,113.55000305175781,109.11000061035156,113.3499984741211,66,0.0,0.0
2014-01-30 00:00:00+01:00,109.27999877929688,109.27999877929688,109.27999877929688,109.27999877929688,0,0.0,0.0
2014-01-31 00:00:00+01:00,112.62000274658203,112.62000274658203,112.62000274658203,112.62000274658203,0,0.0,0.0
2014-02-03 00:00:00+01:00,109.80999755859375,109.80999755859375,109.80999755859375,109.80999755859375,0,0.0,0.0
2014-02-04 00:00:00+01:00,106.61000061035156,106.69999694824219,106.61000061035156,106.69999694824219,120,0.0,0.0
2014-02-05 00:00:00+01:00,105.98999786376953,105.98999786376953,105.98999786376953,105.98999786376953,0,0.0,0.0
2014-02-06 00:00:00+01:00,106.12999725341797,106.12999725341797,106.12999725341797,106.12999725341797,0,0.0,0.0
2014-02-07 00:00:00+01:00,103.72000122070312,103.72000122070312,103.72000122070312,103.72000122070312,0,0.0,0.0
2014-02-10 00:00:00+01:00,109.97000122070312,109.97000122070312,109.97000122070312,109.97000122070312,0,0.0,0.0
2014-02-11 00:00:00+01:00,110.51000213623047,115.93000030517578,110.51000213623047,115.93000030517578,4,0.0,0.0
2014-02-12 00:00:00+01:00,111.94999694824219,111.94999694824219,111.94999694824219,111.94999694824219,0,0.0,0.0
2014-02-13 00:00:00+01:00,113.88999938964844,113.88999938964844,113.88999938964844,113.88999938964844,0,0.0,0.0
2014-02-14 00:00:00+01:00,114.61000061035156,114.61000061035156,114.61000061035156,114.61000061035156,0,0.0,0.0
2014-02-17 00:00:00+01:00,114.47000122070312,114.47000122070312,114.47000122070312,114.47000122070312,0,0.0,0.0
2014-02-18 00:00:00+01:00,114.56999969482422,125.0,114.56999969482422,125.0,100,0.0,0.0
2014-02-19 00:00:00+01:00,122.0,126.26000213623047,122.0,125.05999755859375,142,0.0,0.0
2014-02-20 00:00:00+01:00,120.7699966430664,120.7699966430664,120.7699966430664,120.7699966430664,0,0.0,0.0
2014-02-21 00:00:00+01:00,121.66000366210938,125.5,121.66000366210938,125.5,24,0.0,0.0
2014-02-24 00:00:00+01:00,121.05000305175781,121.05000305175781,121.05000305175781,121.05000305175781,0,0.0,0.0
2014-02-25 00:00:00+01:00,121.05000305175781,121.05000305175781,121.05000305175781,121.05000305175781,0,0.0,0.0
2014-02-26 00:00:00+01:00,117.5,117.5,117.5,117.5,0,0.0,0.0
2014-02-27 00:00:00+01:00,116.16000366210938,116.16000366210938,116.16000366210938,116.16000366210938,0,0.0,0.0
2014-02-28 00:00:00+01:00,118.9000015258789,118.9000015258789,118.9000015258789,118.9000015258789,0,0.0,0.0
2014-03-03 00:00:00+01:00,110.0999984741211,110.0999984741211,107.0,107.0,196,0.0,0.0
2014-03-04 00:00:00+01:00,111.94000244140625,111.94000244140625,111.94000244140625,111.94000244140625,0,0.0,0.0
2014-03-05 00:00:00+01:00,114.30000305175781,114.30000305175781,114.30000305175781,114.30000305175781,0,0.0,0.0
2014-03-06 00:00:00+01:00,112.41999816894531,112.41999816894531,112.41999816894531,112.41999816894531,0,0.0,0.0
2014-03-07 00:00:00+01:00,107.04000091552734,107.04000091552734,107.04000091552734,107.04000091552734,0,0.0,0.0
2014-03-10 00:00:00+01:00,109.0,109.0,109.0,109.0,0,0.0,0.0
2014-03-11 00:00:00+01:00,107.12000274658203,107.12000274658203,107.12000274658203,107.12000274658203,0,0.0,0.0
2014-03-12 00:00:00+01:00,106.5999984741211,106.5999984741211,106.5999984741211,106.5999984741211,0,0.0,0.0
2014-03-13 00:00:00+01:00,110.75,114.75,110.75,111.97000122070312,69,0.0,0.0
2014-03-14 00:00:00+01:00,105.37000274658203,105.37000274658203,105.37000274658203,105.37000274658203,0,0.0,0.0
2014-03-17 00:00:00+01:00,104.97000122070312,104.97000122070312,104.97000122070312,104.97000122070312,0,0.0,0.0
2014-03-18 00:00:00+01:00,105.56999969482422,105.56999969482422,105.56999969482422,105.56999969482422,0,0.0,0.0
2014-03-19 00:00:00+01:00,108.13999938964844,108.13999938964844,108.13999938964844,108.13999938964844,0,0.0,0.0
2014-03-20 00:00:00+01:00,106.45999908447266,106.45999908447266,106.45999908447266,106.45999908447266,0,0.0,0.0
2014-03-21 00:00:00+01:00,106.75,106.75,106.75,106.75,0,0.0,0.0
2014-03-24 00:00:00+01:00,103.0,103.0,97.19999694824219,97.19999694824219,381,0.0,0.0
2014-03-25 00:00:00+01:00,97.08999633789062,97.08999633789062,97.08999633789062,97.08999633789062,0,0.0,0.0
2014-03-26 00:00:00+01:00,96.97000122070312,96.97000122070312,96.97000122070312,96.97000122070312,0,0.0,0.0
2014-03-27 00:00:00+01:00,96.81999969482422,96.81999969482422,96.81999969482422,96.81999969482422,0,0.0,0.0
2014-03-28 00:00:00+01:00,98.3499984741211,98.3499984741211,98.3499984741211,98.3499984741211,0,0.0,0.0
2014-03-31 00:00:00+02:00,95.41000366210938,95.41000366210938,95.41000366210938,95.41000366210938,0,0.0,0.0
2014-04-01 00:00:00+02:00,98.54000091552734,98.54000091552734,98.54000091552734,98.54000091552734,0,0.0,0.0
2014-04-02 00:00:00+02:00,99.1500015258789,99.1500015258789,99.1500015258789,99.1500015258789,0,0.0,0.0
2014-04-03 00:00:00+02:00,99.41000366210938,99.41000366210938,99.41000366210938,99.41000366210938,0,0.0,0.0
2014-04-04 00:00:00+02:00,96.56999969482422,96.56999969482422,96.56999969482422,96.56999969482422,0,0.0,0.0
2014-04-07 00:00:00+02:00,90.30999755859375,90.30999755859375,87.66000366210938,87.66000366210938,9,0.0,0.0
2014-04-08 00:00:00+02:00,88.7699966430664,88.7699966430664,88.7699966430664,88.7699966430664,0,0.0,0.0
2014-04-09 00:00:00+02:00,92.11000061035156,92.11000061035156,92.11000061035156,92.11000061035156,0,0.0,0.0
2014-04-10 00:00:00+02:00,96.69000244140625,97.0,96.69000244140625,97.0,10,0.0,0.0
2014-04-11 00:00:00+02:00,91.13999938964844,91.13999938964844,91.13999938964844,91.13999938964844,0,0.0,0.0
2014-04-14 00:00:00+02:00,90.8499984741211,90.8499984741211,90.8499984741211,90.8499984741211,0,0.0,0.0
2014-04-15 00:00:00+02:00,90.9000015258789,90.9000015258789,90.9000015258789,90.9000015258789,0,0.0,0.0
2014-04-16 00:00:00+02:00,93.44000244140625,93.44000244140625,93.44000244140625,93.44000244140625,0,0.0,0.0
2014-04-17 00:00:00+02:00,95.33000183105469,95.33000183105469,95.33000183105469,95.33000183105469,0,0.0,0.0
2014-04-22 00:00:00+02:00,98.02999877929688,98.02999877929688,98.02999877929688,98.02999877929688,0,0.0,0.0
2014-04-23 00:00:00+02:00,102.88999938964844,102.88999938964844,102.88999938964844,102.88999938964844,0,0.0,0.0
2014-04-24 00:00:00+02:00,103.12000274658203,103.12000274658203,103.12000274658203,103.12000274658203,0,0.0,0.0
2014-04-25 00:00:00+02:00,100.19999694824219,100.19999694824219,100.19999694824219,100.19999694824219,0,0.0,0.0
2014-04-28 00:00:00+02:00,95.58000183105469,95.58000183105469,95.58000183105469,95.58000183105469,0,0.0,0.0
2014-04-29 00:00:00+02:00,95.26000213623047,95.26000213623047,95.26000213623047,95.26000213623047,0,0.0,0.0
2014-04-30 00:00:00+02:00,94.97000122070312,94.97000122070312,94.97000122070312,94.97000122070312,0,0.0,0.0
2014-05-02 00:00:00+02:00,98.4000015258789,99.5,98.4000015258789,99.5,25,0.0,0.0
2014-05-05 00:00:00+02:00,98.30000305175781,98.30000305175781,98.30000305175781,98.30000305175781,0,0.0,0.0
2014-05-06 00:00:00+02:00,100.98999786376953,100.98999786376953,100.98999786376953,100.98999786376953,0,0.0,0.0
2014-05-07 00:00:00+02:00,97.62999725341797,97.62999725341797,97.62999725341797,97.62999725341797,0,0.0,0.0
2014-05-08 00:00:00+02:00,97.51000213623047,97.51000213623047,97.51000213623047,97.51000213623047,0,0.0,0.0
2014-05-09 00:00:00+02:00,87.41000366210938,87.41000366210938,87.41000366210938,87.41000366210938,0,0.0,0.0
2014-05-12 00:00:00+02:00,93.05999755859375,93.05999755859375,93.05999755859375,93.05999755859375,0,0.0,0.0
2014-05-13 00:00:00+02:00,93.61000061035156,93.61000061035156,93.61000061035156,93.61000061035156,0,0.0,0.0
2014-05-14 00:00:00+02:00,92.97000122070312,92.97000122070312,92.97000122070312,92.97000122070312,0,0.0,0.0
2014-05-15 00:00:00+02:00,92.63999938964844,92.63999938964844,92.63999938964844,92.63999938964844,0,0.0,0.0
2014-05-16 00:00:00+02:00,91.66000366210938,91.66000366210938,91.66000366210938,91.66000366210938,0,0.0,0.0
2014-05-19 00:00:00+02:00,91.0,91.0,91.0,91.0,0,0.0,0.0
2014-05-20 00:00:00+02:00,94.62999725341797,96.9800033569336,94.62999725341797,96.9800033569336,30,0.0,0.0
2014-05-21 00:00:00+02:00,92.63999938964844,92.63999938964844,92.63999938964844,92.63999938964844,0,0.0,0.0
2014-05-22 00:00:00+02:00,93.01000213623047,93.01000213623047,93.01000213623047,93.01000213623047,0,0.0,0.0
2014-05-23 00:00:00+02:00,95.19000244140625,95.19000244140625,95.19000244140625,95.19000244140625,0,0.0,0.0
2014-05-26 00:00:00+02:00,98.27999877929688,100.81999969482422,98.27999877929688,100.81999969482422,82,0.0,0.0
2014-05-27 00:00:00+02:00,98.30000305175781,98.30000305175781,98.30000305175781,98.30000305175781,0,0.0,0.0
2014-05-28 00:00:00+02:00,103.37000274658203,103.37000274658203,103.37000274658203,103.37000274658203,0,0.0,0.0
2014-05-29 00:00:00+02:00,103.22000122070312,103.22000122070312,103.22000122070312,103.22000122070312,0,0.0,0.0
2014-05-30 00:00:00+02:00,103.55999755859375,103.55999755859375,103.55999755859375,103.55999755859375,0,0.0,0.0
2014-06-02 00:00:00+02:00,102.9000015258789,102.9000015258789,102.9000015258789,102.9000015258789,0,0.0,0.0
2014-06-03 00:00:00+02:00,103.6500015258789,103.6500015258789,103.6500015258789,103.6500015258789,0,0.0,0.0
2014-06-04 00:00:00+02:00,104.51000213623047,104.51000213623047,104.51000213623047,104.51000213623047,0,0.0,0.0
2014-06-05 00:00:00+02:00,104.51000213623047,104.51000213623047,104.51000213623047,104.51000213623047,0,0.0,0.0
2014-06-06 00:00:00+02:00,105.13999938964844,108.0,105.13999938964844,108.0,350,0.0,0.0
2014-06-09 00:00:00+02:00,106.41999816894531,106.41999816894531,106.41999816894531,106.41999816894531,0,0.0,0.0
2014-06-10 00:00:00+02:00,104.01000213623047,104.01000213623047,104.01000213623047,104.01000213623047,0,0.0,0.0
2014-06-11 00:00:00+02:00,103.08999633789062,103.08999633789062,103.08999633789062,103.08999633789062,0,0.0,0.0
2014-06-12 00:00:00+02:00,104.55000305175781,104.55000305175781,104.55000305175781,104.55000305175781,0,0.0,0.0
2014-06-13 00:00:00+02:00,103.5999984741211,103.5999984741211,103.5999984741211,103.5999984741211,0,0.0,0.0
2014-06-16 00:00:00+02:00,103.55000305175781,103.55000305175781,103.55000305175781,103.55000305175781,0,0.0,0.0
2014-06-17 00:00:00+02:00,104.94999694824219,112.0,104.94999694824219,112.0,10,0.0,0.0
2014-06-18 00:00:00+02:00,109.05000305175781,109.05000305175781,109.05000305175781,109.05000305175781,0,0.0,0.0
2014-06-19 00:00:00+02:00,110.4000015258789,110.4000015258789,110.4000015258789,110.4000015258789,0,0.0,0.0
2014-06-20 00:00:00+02:00,108.05999755859375,108.05999755859375,108.05999755859375,108.05999755859375,0,0.0,0.0
2014-06-23 00:00:00+02:00,112.58999633789062,112.58999633789062,112.58999633789062,112.58999633789062,0,0.0,0.0
2014-06-24 00:00:00+02:00,111.41000366210938,111.41000366210938,111.41000366210938,111.41000366210938,0,0.0,0.0
2014-06-25 00:00:00+02:00,107.38999938964844,107.38999938964844,107.38999938964844,107.38999938964844,0,0.0,0.0
2014-06-26 00:00:00+02:00,108.8499984741211,108.8499984741211,108.8499984741211,108.8499984741211,0,0.0,0.0
2014-06-27 00:00:00+02:00,108.47000122070312,108.47000122070312,108.47000122070312,108.47000122070312,0,0.0,0.0
2014-06-30 00:00:00+02:00,105.63999938964844,105.63999938964844,105.63999938964844,105.63999938964844,0,0.0,0.0
2014-07-01 00:00:00+02:00,106.23999786376953,106.23999786376953,106.23999786376953,106.23999786376953,0,0.0,0.0
2014-07-02 00:00:00+02:00,109.47000122070312,109.47000122070312,109.47000122070312,109.47000122070312,0,0.0,0.0
2014-07-03 00:00:00+02:00,117.18000030517578,117.30999755859375,117.18000030517578,117.30999755859375,100,0.0,0.0
2014-07-04 00:00:00+02:00,118.31999969482422,118.31999969482422,118.31999969482422,118.31999969482422,0,0.0,0.0
2014-07-07 00:00:00+02:00,118.41999816894531,118.41999816894531,118.41999816894531,118.41999816894531,0,0.0,0.0
2014-07-08 00:00:00+02:00,113.66000366210938,113.66000366210938,109.0,109.0,26,0.0,0.0
2014-07-09 00:00:00+02:00,112.5199966430664,112.5199966430664,112.5199966430664,112.5199966430664,0,0.0,0.0
2014-07-10 00:00:00+02:00,111.91999816894531,111.91999816894531,111.91999816894531,111.91999816894531,0,0.0,0.0
2014-07-11 00:00:00+02:00,110.80999755859375,110.80999755859375,110.80999755859375,110.80999755859375,0,0.0,0.0
2014-07-14 00:00:00+02:00,109.75,109.75,109.75,109.75,0,0.0,0.0
2014-07-15 00:00:00+02:00,111.33999633789062,111.33999633789062,111.33999633789062,111.33999633789062,0,0.0,0.0
2014-07-16 00:00:00+02:00,107.8499984741211,107.8499984741211,107.8499984741211,107.8499984741211,0,0.0,0.0
2014-07-17 00:00:00+02:00,105.86000061035156,105.86000061035156,105.86000061035156,105.86000061035156,0,0.0,0.0
2014-07-18 00:00:00+02:00,103.63999938964844,103.63999938964844,103.63999938964844,103.63999938964844,0,0.0,0.0
2014-07-21 00:00:00+02:00,103.69999694824219,103.69999694824219,103.69999694824219,103.69999694824219,0,0.0,0.0
2014-07-22 00:00:00+02:00,106.9000015258789,106.9000015258789,106.9000015258789,106.9000015258789,0,0.0,0.0
2014-07-23 00:00:00+02:00,106.80999755859375,106.80999755859375,106.80999755859375,106.80999755859375,0,0.0,0.0
2014-07-24 00:00:00+02:00,108.52999877929688,111.37999725341797,108.52999877929688,109.0,160,0.0,0.0
2014-07-25 00:00:00+02:00,104.76000213623047,104.76000213623047,104.76000213623047,104.76000213623047,160,0.0,0.0
2014-07-28 00:00:00+02:00,104.69000244140625,104.69000244140625,101.54000091552734,101.54000091552734,176,0.0,0.0
2014-07-29 00:00:00+02:00,100.55000305175781,100.55000305175781,100.55000305175781,100.55000305175781,176,0.0,0.0
2014-07-30 00:00:00+02:00,103.43000030517578,103.43000030517578,103.43000030517578,103.43000030517578,176,0.0,0.0
2014-07-31 00:00:00+02:00,104.06999969482422,104.06999969482422,104.06999969482422,104.06999969482422,176,0.0,0.0
2014-08-01 00:00:00+02:00,103.19999694824219,103.19999694824219,103.19999694824219,103.19999694824219,176,0.0,0.0
2014-08-04 00:00:00+02:00,103.0999984741211,103.0999984741211,103.0999984741211,103.0999984741211,176,0.0,0.0
2014-08-05 00:00:00+02:00,101.0199966430664,101.0199966430664,101.0199966430664,101.0199966430664,176,0.0,0.0
2014-08-06 00:00:00+02:00,104.0,104.0,104.0,104.0,176,0.0,0.0
2014-08-07 00:00:00+02:00,105.55000305175781,105.55000305175781,105.55000305175781,105.55000305175781,176,0.0,0.0
2014-08-08 00:00:00+02:00,99.5,99.5,99.5,99.5,176,0.0,0.0
2014-08-11 00:00:00+02:00,100.69000244140625,100.69000244140625,100.69000244140625,100.69000244140625,0,0.0,0.0
2014-08-12 00:00:00+02:00,99.01000213623047,99.01000213623047,99.01000213623047,99.01000213623047,0,0.0,0.0
2014-08-13 00:00:00+02:00,98.06999969482422,98.06999969482422,98.06999969482422,98.06999969482422,0,0.0,0.0
2014-08-14 00:00:00+02:00,106.51000213623047,106.51000213623047,106.51000213623047,106.51000213623047,0,0.0,0.0
2014-08-15 00:00:00+02:00,106.7300033569336,106.7300033569336,106.7300033569336,106.7300033569336,0,0.0,0.0
2014-08-18 00:00:00+02:00,109.5199966430664,109.5199966430664,109.5199966430664,109.5199966430664,0,0.0,0.0
2014-08-19 00:00:00+02:00,114.30000305175781,114.30000305175781,114.30000305175781,114.30000305175781,0,0.0,0.0
2014-08-20 00:00:00+02:00,116.3499984741211,116.47000122070312,116.3499984741211,116.47000122070312,10,0.0,0.0
2014-08-21 00:00:00+02:00,117.91999816894531,121.4000015258789,117.91999816894531,121.4000015258789,100,0.0,0.0
2014-08-22 00:00:00+02:00,117.33000183105469,117.33000183105469,117.33000183105469,117.33000183105469,100,0.0,0.0
2014-08-25 00:00:00+02:00,119.62000274658203,119.62000274658203,119.62000274658203,119.62000274658203,100,0.0,0.0
2014-08-26 00:00:00+02:00,120.18000030517578,120.18000030517578,120.18000030517578,120.18000030517578,100,0.0,0.0
2014-08-27 00:00:00+02:00,122.83000183105469,122.83000183105469,122.63999938964844,122.63999938964844,60,0.0,0.0
2014-08-28 00:00:00+02:00,121.91000366210938,122.0,121.91000366210938,122.0,200,0.0,0.0
2014-08-29 00:00:00+02:00,122.16000366210938,122.16000366210938,122.16000366210938,122.16000366210938,200,0.0,0.0
2014-09-01 00:00:00+02:00,122.5199966430664,125.43000030517578,122.5199966430664,125.43000030517578,8,0.0,0.0
2014-09-02 00:00:00+02:00,122.66000366210938,122.66000366210938,122.66000366210938,122.66000366210938,8,0.0,0.0
2014-09-03 00:00:00+02:00,122.81999969482422,122.81999969482422,122.81999969482422,122.81999969482422,8,0.0,0.0
2014-09-04 00:00:00+02:00,123.0999984741211,123.0999984741211,123.0999984741211,123.0999984741211,8,0.0,0.0
2014-09-05 00:00:00+02:00,119.66000366210938,127.55000305175781,119.66000366210938,127.55000305175781,41,0.0,0.0
2014-09-08 00:00:00+02:00,128.0,128.0,128.0,128.0,41,0.0,0.0
2014-09-09 00:00:00+02:00,130.69000244140625,130.69000244140625,130.69000244140625,130.69000244140625,41,0.0,0.0
2014-09-10 00:00:00+02:00,130.25999450683594,130.25999450683594,130.25999450683594,130.25999450683594,41,0.0,0.0
2014-09-11 00:00:00+02:00,134.0,134.0,133.0,133.0,38,0.0,0.0
2014-09-12 00:00:00+02:00,131.4600067138672,131.4600067138672,131.4600067138672,131.4600067138672,38,0.0,0.0
2014-09-15 00:00:00+02:00,128.74000549316406,128.74000549316406,128.74000549316406,128.74000549316406,38,0.0,0.0
2014-09-16 00:00:00+02:00,122.52999877929688,122.52999877929688,122.52999877929688,122.52999877929688,38,0.0,0.0
2014-09-17 00:00:00+02:00,125.19999694824219,125.19999694824219,125.19999694824219,125.19999694824219,38,0.0,0.0
2014-09-18 00:00:00+02:00,124.55000305175781,124.55000305175781,124.55000305175781,124.55000305175781,38,0.0,0.0
2014-09-19 00:00:00+02:00,125.30999755859375,125.30999755859375,125.30999755859375,125.30999755859375,38,0.0,0.0
2014-09-22 00:00:00+02:00,124.76000213623047,124.76000213623047,124.76000213623047,124.76000213623047,38,0.0,0.0
2014-09-23 00:00:00+02:00,123.98999786376953,123.98999786376953,123.1500015258789,123.1500015258789,610,0.0,0.0
2014-09-24 00:00:00+02:00,122.01000213623047,122.01000213623047,122.01000213623047,122.01000213623047,610,0.0,0.0
2014-09-25 00:00:00+02:00,127.66999816894531,130.94000244140625,127.66999816894531,130.94000244140625,30,0.0,0.0
2014-09-26 00:00:00+02:00,124.2699966430664,124.63999938964844,123.91999816894531,123.91999816894531,30,0.0,0.0
2014-09-29 00:00:00+02:00,124.77999877929688,125.66000366210938,122.51000213623047,125.0199966430664,30,0.0,0.0
2014-09-30 00:00:00+02:00,126.08999633789062,127.43000030517578,125.55999755859375,125.55999755859375,30,0.0,0.0
2014-10-01 00:00:00+02:00,125.31999969482422,125.61100006103516,124.5999984741211,124.5999984741211,8,0.0,0.0
2014-10-02 00:00:00+02:00,121.34500122070312,121.37200164794922,117.75599670410156,120.0780029296875,0,0.0,0.0
2014-10-03 00:00:00+02:00,120.0780029296875,120.0780029296875,120.0780029296875,120.0780029296875,0,0.0,0.0
2014-10-06 00:00:00+02:00,127.76200103759766,127.76200103759766,124.17900085449219,124.17900085449219,0,0.0,0.0
2014-10-07 00:00:00+02:00,123.8030014038086,123.8030014038086,123.31300354003906,123.31300354003906,0,0.0,0.0
2014-10-08 00:00:00+02:00,121.56999969482422,121.56999969482422,119.41100311279297,119.41100311279297,0,0.0,0.0
2014-10-09 00:00:00+02:00,123.93800354003906,123.98699951171875,121.68000030517578,122.38099670410156,0,0.0,0.0
2014-10-10 00:00:00+02:00,120.22000122070312,120.26399993896484,118.76000213623047,118.76000213623047,0,0.0,0.0
2014-10-13 00:00:00+02:00,114.79000091552734,115.81999969482422,111.88700103759766,114.05799865722656,0,0.0,0.0
2014-10-14 00:00:00+02:00,111.27300262451172,113.86499786376953,111.27300262451172,113.86499786376953,0,0.0,0.0
2014-10-15 00:00:00+02:00,112.65799713134766,112.65799713134766,109.17400360107422,109.17400360107422,0,0.0,0.0
2014-10-16 00:00:00+02:00,112.02100372314453,115.84600067138672,111.0780029296875,115.84600067138672,0,0.0,0.0
2014-10-17 00:00:00+02:00,115.69200134277344,118.15799713134766,115.69200134277344,118.15799713134766,0,0.0,0.0
2014-10-20 00:00:00+02:00,118.55599975585938,118.91600036621094,117.37300109863281,117.37300109863281,0,0.0,0.0
2014-10-21 00:00:00+02:00,117.11000061035156,123.10399627685547,117.11000061035156,122.78800201416016,50,0.0,0.0
2014-10-22 00:00:00+02:00,124.33100128173828,124.74500274658203,122.67500305175781,122.67500305175781,0,0.0,0.0
2014-10-23 00:00:00+02:00,123.23500061035156,124.19400024414062,123.23500061035156,124.19400024414062,0,0.0,0.0
2014-10-24 00:00:00+02:00,125.71600341796875,125.97799682617188,125.71600341796875,125.97799682617188,0,0.0,0.0
2014-10-27 00:00:00+01:00,130.0500030517578,130.0500030517578,124.81900024414062,126.7020034790039,0,0.0,0.0
2014-10-28 00:00:00+01:00,128.87399291992188,130.26300048828125,128.65199279785156,130.26300048828125,0,0.0,0.0
2014-10-29 00:00:00+01:00,129.3730010986328,129.93899536132812,129.2729949951172,129.52200317382812,0,0.0,0.0
2014-10-30 00:00:00+01:00,131.5229949951172,132.95700073242188,131.5229949951172,132.927001953125,6,0.0,0.0
2014-10-31 00:00:00+01:00,136.58399963378906,137.1999969482422,133.22799682617188,133.22799682617188,78,0.0,0.0
2014-11-03 00:00:00+01:00,133.1230010986328,137.2010040283203,133.0189971923828,134.6300048828125,0,0.0,0.0
2014-11-04 00:00:00+01:00,133.7570037841797,133.7570037841797,133.40499877929688,133.40499877929688,0,0.0,0.0
2014-11-05 00:00:00+01:00,133.48199462890625,137.27699279785156,133.1510009765625,133.1510009765625,0,0.0,0.0
2014-11-06 00:00:00+01:00,131.30299377441406,137.14500427246094,131.24400329589844,137.14500427246094,0,0.0,0.0
2014-11-07 00:00:00+01:00,138.37600708007812,138.37600708007812,135.1999969482422,137.03199768066406,0,0.0,0.0
2014-11-10 00:00:00+01:00,135.1510009765625,136.09500122070312,135.0679931640625,136.09500122070312,0,0.0,0.0
2014-11-11 00:00:00+01:00,139.0399932861328,139.2239990234375,135.656005859375,136.2899932861328,0,0.0,0.0
2014-11-12 00:00:00+01:00,135.81300354003906,136.6929931640625,135.2740020751953,136.6929931640625,0,0.0,0.0
2014-11-13 00:00:00+01:00,138.72799682617188,139.00999450683594,138.10000610351562,139.00999450683594,0,0.0,0.0
2014-11-14 00:00:00+01:00,137.2729949951172,137.55999755859375,136.0050048828125,136.8520050048828,0,0.0,0.0
2014-11-17 00:00:00+01:00,136.43099975585938,138.80799865722656,136.43099975585938,138.80799865722656,0,0.0,0.0
2014-11-18 00:00:00+01:00,134.7100067138672,135.3820037841797,133.51300048828125,135.3820037841797,0,0.0,0.0
2014-11-19 00:00:00+01:00,135.5070037841797,135.5070037841797,133.83700561523438,134.9219970703125,0,0.0,0.0
2014-11-20 00:00:00+01:00,134.42799377441406,135.7689971923828,133.6840057373047,134.14500427246094,0,0.0,0.0
2014-11-21 00:00:00+01:00,134.38099670410156,137.52499389648438,134.33399963378906,137.2550048828125,0,0.0,0.0
2014-11-24 00:00:00+01:00,135.78399658203125,136.6840057373047,135.78399658203125,136.26199340820312,0,0.0,0.0
2014-11-25 00:00:00+01:00,135.24000549316406,135.24000549316406,133.70399475097656,133.70399475097656,0,0.0,0.0
2014-11-26 00:00:00+01:00,135.40499877929688,139.30499267578125,135.375,139.30499267578125,0,0.0,0.0
2014-11-27 00:00:00+01:00,139.53799438476562,140.6280059814453,139.41400146484375,140.6280059814453,0,0.0,0.0
2014-11-28 00:00:00+01:00,140.7899932861328,140.7899932861328,139.4550018310547,140.05299377441406,0,0.0,0.0
2014-12-01 00:00:00+01:00,140.04100036621094,140.04100036621094,134.78399658203125,135.2899932861328,0,0.0,0.0
2014-12-02 00:00:00+01:00,135.60400390625,138.072998046875,135.60400390625,137.91000366210938,0,0.0,0.0
2014-12-03 00:00:00+01:00,139.10899353027344,142.68899536132812,139.0709991455078,142.68899536132812,0,0.0,0.0
2014-12-04 00:00:00+01:00,143.51199340820312,144.4709930419922,141.21099853515625,141.21099853515625,0,0.0,0.0
2014-12-05 00:00:00+01:00,142.3209991455078,144.3280029296875,142.3209991455078,143.2239990234375,0,0.0,0.0
2014-12-08 00:00:00+01:00,143.6699981689453,147.25100708007812,142.80299377441406,146.56900024414062,0,0.0,0.0
2014-12-09 00:00:00+01:00,145.71600341796875,145.71600341796875,139.8000030517578,139.8000030517578,0,0.0,0.0
2014-12-10 00:00:00+01:00,141.85000610351562,141.94400024414062,139.85299682617188,141.06300354003906,0,0.0,0.0
2014-12-11 00:00:00+01:00,139.3730010986328,141.26199340820312,139.3730010986328,141.10400390625,0,0.0,0.0
2014-12-12 00:00:00+01:00,136.52999877929688,136.52999877929688,132.82200622558594,133.93899536132812,0,0.0,0.0
2014-12-15 00:00:00+01:00,130.92100524902344,132.54400634765625,128.08599853515625,129.3979949951172,0,0.0,0.0
2014-12-16 00:00:00+01:00,129.45799255371094,129.45799255371094,126.31500244140625,127.58899688720703,0,0.0,0.0
2014-12-17 00:00:00+01:00,127.02899932861328,130.16000366210938,126.40799713134766,130.16000366210938,0,0.0,0.0
2014-12-18 00:00:00+01:00,132.81700134277344,135.8730010986328,132.81700134277344,135.4149932861328,0,0.0,0.0
2014-12-19 00:00:00+01:00,137.98599243164062,138.0330047607422,134.93299865722656,136.3780059814453,0,0.0,0.0
2014-12-22 00:00:00+01:00,136.2530059814453,136.7429962158203,133.8179931640625,133.8179931640625,0,0.0,0.0
2014-12-23 00:00:00+01:00,134.16600036621094,134.5850067138672,130.7270050048828,132.35299682617188,0,0.0,0.0
2014-12-29 00:00:00+01:00,135.31100463867188,135.6179962158203,134.1510009765625,135.6179962158203,0,0.0,0.0
2014-12-30 00:00:00+01:00,135.91600036621094,135.91600036621094,135.2550048828125,135.5050048828125,0,0.0,0.0
2015-01-02 00:00:00+01:00,135.74600219726562,135.74600219726562,134.91000366210938,134.91000366210938,0,0.0,0.0
2015-01-05 00:00:00+01:00,134.1909942626953,134.53799438476562,131.85699462890625,132.2050018310547,0,0.0,0.0
2015-01-06 00:00:00+01:00,129.8800048828125,133.92100524902344,129.4929962158203,129.4929962158203,0,0.0,0.0
2015-01-07 00:00:00+01:00,132.24600219726562,136.3300018310547,132.24600219726562,135.6479949951172,0,0.0,0.0
2015-01-08 00:00:00+01:00,138.0449981689453,139.0,138.0449981689453,138.4010009765625,56,0.0,0.0
2015-01-09 00:00:00+01:00,136.61900329589844,137.1479949951172,135.81500244140625,135.83900451660156,0,0.0,0.0
2015-01-12 00:00:00+01:00,134.48599243164062,136.468994140625,134.11399841308594,135.1009979248047,75,0.0,0.0
2015-01-13 00:00:00+01:00,135.75100708007812,136.64700317382812,134.60400390625,134.60400390625,0,0.0,0.0
2015-01-14 00:00:00+01:00,133.43800354003906,138.98199462890625,132.5449981689453,138.24099731445312,200,0.0,0.0
2015-01-15 00:00:00+01:00,139.03900146484375,139.03900146484375,135.4340057373047,135.4340057373047,0,0.0,0.0
2015-01-16 00:00:00+01:00,133.60899353027344,138.31500244140625,132.99000549316406,138.31500244140625,0,0.0,0.0
2015-01-19 00:00:00+01:00,140.10699462890625,141.0,139.83999633789062,139.9199981689453,0,0.0,0.0
2015-01-20 00:00:00+01:00,141.98899841308594,146.0,140.82899475097656,145.16299438476562,500,0.0,0.0
2015-01-21 00:00:00+01:00,144.98800659179688,149.10499572753906,143.20700073242188,149.10499572753906,0,0.0,0.0
2015-01-22 00:00:00+01:00,149.6320037841797,154.81300354003906,149.2790069580078,152.54800415039062,15,0.0,0.0
2015-01-23 00:00:00+01:00,153.4669952392578,155.01699829101562,153.25,153.71099853515625,0,0.0,0.0
2015-01-26 00:00:00+01:00,153.50399780273438,154.19700622558594,153.36700439453125,154.19700622558594,0,0.0,0.0
2015-01-27 00:00:00+01:00,155.1230010986328,155.1230010986328,149.70700073242188,153.46299743652344,0,0.0,0.0
2015-01-28 00:00:00+01:00,156.04400634765625,156.33299255371094,149.25799560546875,149.25799560546875,0,0.0,0.0
2015-01-29 00:00:00+01:00,148.90699768066406,150.57200622558594,148.18299865722656,150.57200622558594,0,0.0,0.0
2015-01-30 00:00:00+01:00,150.97000122070312,152.1230010986328,148.01199340820312,148.53199768066406,0,0.0,0.0
2015-02-02 00:00:00+01:00,148.5189971923828,148.5189971923828,144.14300537109375,144.14300537109375,0,0.0,0.0
2015-02-03 00:00:00+01:00,145.74099731445312,146.96800231933594,140.8350067138672,140.8350067138672,0,0.0,0.0
2015-02-04 00:00:00+01:00,143.2169952392578,147.66600036621094,141.27999877929688,144.406005859375,20,0.0,0.0
2015-02-05 00:00:00+01:00,143.89500427246094,152.03500366210938,143.89500427246094,146.8419952392578,20,0.0,0.0
2015-02-06 00:00:00+01:00,147.70599365234375,150.55299377441406,147.70599365234375,150.55299377441406,0,0.0,0.0
2015-02-09 00:00:00+01:00,149.4199981689453,149.86599731445312,146.53599548339844,146.53599548339844,0,0.0,0.0
2015-02-10 00:00:00+01:00,145.97300720214844,146.8159942626953,145.8520050048828,146.68600463867188,0,0.0,0.0
2015-02-11 00:00:00+01:00,146.56700134277344,146.68800354003906,144.53599548339844,144.53599548339844,0,0.0,0.0
2015-02-12 00:00:00+01:00,145.1479949951172,145.7729949951172,144.70199584960938,144.70199584960938,0,0.0,0.0
2015-02-13 00:00:00+01:00,140.8990020751953,145.95399475097656,139.54100036621094,145.95399475097656,0,0.0,0.0
2015-02-16 00:00:00+01:00,146.4969940185547,147.5189971923828,146.4969940185547,147.5189971923828,0,0.0,0.0
2015-02-17 00:00:00+01:00,147.26699829101562,147.4040069580078,145.4040069580078,147.3979949951172,0,0.0,0.0
2015-02-18 00:00:00+01:00,148.58599853515625,150.84500122070312,148.1959991455078,148.46099853515625,0,0.0,0.0
2015-02-19 00:00:00+01:00,148.32899475097656,148.8560028076172,148.32899475097656,148.39999389648438,0,0.0,0.0
2015-02-20 00:00:00+01:00,148.7209930419922,153.23399353027344,147.7949981689453,153.23399353027344,100,0.0,0.0
2015-02-23 00:00:00+01:00,149.77000427246094,150.86399841308594,149.77000427246094,149.89100646972656,0,0.0,0.0
2015-02-24 00:00:00+01:00,150.91799926757812,153.31900024414062,150.0800018310547,153.31900024414062,0,0.0,0.0
2015-02-25 00:00:00+01:00,148.91400146484375,152.2010040283203,148.91400146484375,150.27000427246094,90,0.0,0.0
2015-02-26 00:00:00+01:00,155.81199645996094,157.41900634765625,154.8350067138672,154.8350067138672,0,0.0,0.0
2015-02-27 00:00:00+01:00,154.2310028076172,154.2310028076172,151.63699340820312,151.63699340820312,0,0.0,0.0
2015-03-02 00:00:00+01:00,150.61000061035156,155.5959930419922,149.81300354003906,153.8000030517578,0,0.0,0.0
2015-03-03 00:00:00+01:00,153.47300720214844,154.25799560546875,152.822998046875,154.25799560546875,0,0.0,0.0
2015-03-04 00:00:00+01:00,155.77999877929688,155.93099975585938,154.08799743652344,154.08799743652344,0,0.0,0.0
2015-03-05 00:00:00+01:00,156.54600524902344,157.44700622558594,155.9810028076172,156.5449981689453,0,0.0,0.0
2015-03-06 00:00:00+01:00,156.6790008544922,157.8419952392578,156.6790008544922,157.53900146484375,0,0.0,0.0
2015-03-09 00:00:00+01:00,156.64700317382812,157.83099365234375,155.60899353027344,157.72500610351562,0,0.0,0.0
2015-03-10 00:00:00+01:00,158.65499877929688,160.74200439453125,156.56500244140625,160.74200439453125,20,0.0,0.0
2015-03-11 00:00:00+01:00,157.4040069580078,159.4219970703125,157.2899932861328,157.80799865722656,0,0.0,0.0
2015-03-12 00:00:00+01:00,158.81700134277344,162.21600341796875,158.1490020751953,162.21600341796875,20,0.0,0.0
2015-03-13 00:00:00+01:00,162.78500366210938,164.7729949951172,161.50799560546875,163.14300537109375,0,0.0,0.0
2015-03-16 00:00:00+01:00,164.4739990234375,167.0240020751953,164.31300354003906,165.66400146484375,0,0.0,0.0
2015-03-17 00:00:00+01:00,166.6230010986328,170.3209991455078,166.4550018310547,170.3209991455078,0,0.0,0.0
2015-03-18 00:00:00+01:00,170.31199645996094,171.8459930419922,169.04400634765625,171.8459930419922,0,0.0,0.0
2015-03-19 00:00:00+01:00,171.55099487304688,174.447998046875,171.55099487304688,172.73699951171875,0,0.0,0.0
2015-03-20 00:00:00+01:00,173.7239990234375,174.0959930419922,170.47000122070312,172.25900268554688,0,0.0,0.0
2015-03-23 00:00:00+01:00,173.05799865722656,173.1009979248047,166.42799377441406,166.42799377441406,0,0.0,0.0
2015-03-24 00:00:00+01:00,164.875,166.8769989013672,163.4530029296875,164.3350067138672,0,0.0,0.0
2015-03-25 00:00:00+01:00,164.0659942626953,164.0659942626953,157.09500122070312,157.16000366210938,6,0.0,0.0
2015-03-26 00:00:00+01:00,154.7310028076172,158.7169952392578,152.53199768066406,157.75599670410156,0,0.0,0.0
2015-03-27 00:00:00+01:00,158.03700256347656,160.48300170898438,157.6929931640625,159.64999389648438,0,0.0,0.0
2015-03-30 00:00:00+02:00,160.39199829101562,160.48399353027344,158.57699584960938,160.3090057373047,0,0.0,0.0
2015-03-31 00:00:00+02:00,160.38499450683594,161.83799743652344,160.38499450683594,160.95700073242188,46,0.0,0.0
2015-04-01 00:00:00+02:00,156.9949951171875,157.69900512695312,154.6510009765625,156.1580047607422,0,0.0,0.0
2015-04-02 00:00:00+02:00,156.7010040283203,156.7010040283203,153.69900512695312,153.69900512695312,0,0.0,0.0
2015-04-07 00:00:00+02:00,151.9669952392578,153.58999633789062,150.9929962158203,153.31199645996094,0,0.0,0.0
2015-04-08 00:00:00+02:00,153.5500030517578,163.18099975585938,153.5500030517578,163.18099975585938,0,0.0,0.0
2015-04-09 00:00:00+02:00,165.78799438476562,168.14300537109375,165.78799438476562,166.58700561523438,0,0.0,0.0
2015-04-10 00:00:00+02:00,167.46800231933594,176.58599853515625,167.46800231933594,176.58599853515625,40,0.0,0.0
2015-04-13 00:00:00+02:00,171.3350067138672,174.4969940185547,171.3179931640625,172.1020050048828,0,0.0,0.0
2015-04-14 00:00:00+02:00,171.96299743652344,172.09300231933594,167.6490020751953,168.86399841308594,0,0.0,0.0
2015-04-15 00:00:00+02:00,169.7550048828125,173.9290008544922,169.4010009765625,173.9290008544922,0,0.0,0.0
2015-04-16 00:00:00+02:00,173.33099365234375,173.781005859375,171.23199462890625,173.4199981689453,0,0.0,0.0
2015-04-17 00:00:00+02:00,174.2570037841797,174.2570037841797,170.01699829101562,170.70599365234375,0,0.0,0.0
2015-04-20 00:00:00+02:00,172.06199645996094,173.5780029296875,171.40199279785156,172.03199768066406,0,0.0,0.0
2015-04-21 00:00:00+02:00,172.94500732421875,174.33799743652344,171.531005859375,171.531005859375,0,0.0,0.0
2015-04-22 00:00:00+02:00,171.91900634765625,172.02200317382812,169.8090057373047,171.54400634765625,0,0.0,0.0
2015-04-23 00:00:00+02:00,171.24000549316406,172.0489959716797,169.98399353027344,171.843994140625,0,0.0,0.0
2015-04-24 00:00:00+02:00,173.8820037841797,174.46099853515625,172.41700744628906,172.41700744628906,27,0.0,0.0
2015-04-27 00:00:00+02:00,172.25399780273438,173.47500610351562,170.51800537109375,170.51800537109375,0,0.0,0.0
2015-04-28 00:00:00+02:00,166.41200256347656,166.41200256347656,160.7740020751953,162.97000122070312,0,0.0,0.0
2015-04-29 00:00:00+02:00,164.35299682617188,164.4239959716797,160.44700622558594,160.44700622558594,0,0.0,0.0
2015-04-30 00:00:00+02:00,162.8159942626953,162.8159942626953,156.60499572753906,157.49400329589844,0,0.0,0.0
2015-05-04 00:00:00+02:00,159.8459930419922,162.5,159.08099365234375,161.718994140625,30,0.0,0.0
2015-05-05 00:00:00+02:00,162.3470001220703,162.3470001220703,156.35000610351562,156.35000610351562,0,0.0,0.0
2015-05-06 00:00:00+02:00,155.7550048828125,155.7550048828125,153.60899353027344,153.7480010986328,0,0.0,0.0
2015-05-07 00:00:00+02:00,152.1790008544922,154.9550018310547,150.625,154.9550018310547,0,0.0,0.0
2015-05-08 00:00:00+02:00,151.69400024414062,155.3350067138672,150.2100067138672,154.85699462890625,0,0.0,0.0
2015-05-11 00:00:00+02:00,155.38299560546875,155.9739990234375,154.6269989013672,155.9739990234375,0,0.0,0.0
2015-05-12 00:00:00+02:00,156.2480010986328,156.2480010986328,153.33299255371094,155.8699951171875,0,0.0,0.0
2015-05-13 00:00:00+02:00,155.89300537109375,156.5279998779297,152.1219940185547,152.1219940185547,0,0.0,0.0
2015-05-14 00:00:00+02:00,151.0330047607422,152.08299255371094,150.30099487304688,151.9080047607422,0,0.0,0.0
2015-05-15 00:00:00+02:00,152.427001953125,153.37399291992188,151.8260040283203,153.1510009765625,0,0.0,0.0
2015-05-18 00:00:00+02:00,153.51800537109375,157.23500061035156,152.71200561523438,157.23500061035156,0,0.0,0.0
2015-05-19 00:00:00+02:00,157.5290069580078,160.7729949951172,157.5290069580078,160.60000610351562,0,0.0,0.0
2015-05-20 00:00:00+02:00,161.68299865722656,162.00100708007812,160.12100219726562,160.8820037841797,0,0.0,0.0
2015-05-21 00:00:00+02:00,160.44400024414062,160.44400024414062,159.18499755859375,160.0540008544922,0,0.0,0.0
2015-05-22 00:00:00+02:00,159.98399353027344,163.81700134277344,159.46600341796875,163.81700134277344,0,0.0,0.0
2015-05-25 00:00:00+02:00,163.33900451660156,163.33900451660156,163.33900451660156,163.33900451660156,0,0.0,0.0
2015-05-26 00:00:00+02:00,165.4080047607422,165.4080047607422,162.41799926757812,162.41799926757812,0,0.0,0.0
2015-05-27 00:00:00+02:00,162.33399963378906,163.2449951171875,161.94400024414062,162.19900512695312,0,0.0,0.0
2015-05-28 00:00:00+02:00,161.99400329589844,161.99400329589844,161.66299438476562,161.66299438476562,0,0.0,0.0
2015-05-29 00:00:00+02:00,162.2689971923828,162.44400024414062,160.79200744628906,161.531005859375,0,0.0,0.0
2015-06-01 00:00:00+02:00,162.51800537109375,163.27699279785156,161.11000061035156,162.06900024414062,0,0.0,0.0
2015-06-02 00:00:00+02:00,162.05999755859375,162.05999755859375,158.73699951171875,160.25100708007812,0,0.0,0.0
2015-06-03 00:00:00+02:00,160.4199981689453,162.55499267578125,158.61900329589844,159.2530059814453,0,0.0,0.0
2015-06-04 00:00:00+02:00,159.13999938964844,159.13999938964844,156.00900268554688,156.00900268554688,0,0.0,0.0
2015-06-05 00:00:00+02:00,156.1529998779297,160.11399841308594,155.5709991455078,160.00799560546875,0,0.0,0.0
2015-06-08 00:00:00+02:00,160.40199279785156,160.45799255371094,154.31900024414062,154.31900024414062,0,0.0,0.0
2015-06-09 00:00:00+02:00,151.93499755859375,152.80599975585938,151.2100067138672,152.22799682617188,0,0.0,0.0
2015-06-10 00:00:00+02:00,153.03399658203125,155.1490020751953,152.11599731445312,154.9929962158203,0,0.0,0.0
2015-06-11 00:00:00+02:00,155.29100036621094,158.55499267578125,155.29100036621094,158.01100158691406,0,0.0,0.0
2015-06-12 00:00:00+02:00,157.05999755859375,157.61099243164062,155.27499389648438,156.68099975585938,0,0.0,0.0
2015-06-15 00:00:00+02:00,156.70399475097656,156.8179931640625,154.9239959716797,154.9239959716797,0,0.0,0.0
2015-06-16 00:00:00+02:00,154.98800659179688,157.14100646972656,153.92300415039062,156.34300231933594,0,0.0,0.0
2015-06-17 00:00:00+02:00,156.41900634765625,156.63400268554688,155.25,155.83099365234375,0,0.0,0.0
2015-06-18 00:00:00+02:00,154.86900329589844,158.1300048828125,154.7449951171875,157.24600219726562,0,0.0,0.0
2015-06-19 00:00:00+02:00,157.2429962158203,160.94500732421875,155.95399475097656,155.95399475097656,30,0.0,0.0
2015-06-22 00:00:00+02:00,156.64599609375,158.38099670410156,156.29400634765625,156.76400756835938,0,0.0,0.0
2015-06-23 00:00:00+02:00,159.13600158691406,160.5489959716797,159.13600158691406,160.5489959716797,0,0.0,0.0
2015-06-24 00:00:00+02:00,161.01800537109375,161.18099975585938,158.83799743652344,158.83799743652344,0,0.0,0.0
2015-06-25 00:00:00+02:00,158.3719940185547,159.10699462890625,156.88099670410156,158.01499938964844,0,0.0,0.0
2015-06-26 00:00:00+02:00,158.73800659179688,158.73800659179688,154.92300415039062,154.92300415039062,0,0.0,0.0
2015-06-29 00:00:00+02:00,153.4720001220703,153.60699462890625,150.9199981689453,150.9199981689453,0,0.0,0.0
2015-06-30 00:00:00+02:00,151.08099365234375,154.72900390625,151.08099365234375,154.66299438476562,0,0.0,0.0
2015-07-01 00:00:00+02:00,156.99600219726562,159.0500030517578,156.99600219726562,158.72900390625,0,0.0,0.0
2015-07-02 00:00:00+02:00,157.9040069580078,158.50999450683594,157.80999755859375,158.0019989013672,0,0.0,0.0
2015-07-03 00:00:00+02:00,158.2550048828125,158.2550048828125,157.5050048828125,157.6820068359375,0,0.0,0.0
2015-07-06 00:00:00+02:00,156.2779998779297,158.93299865722656,156.2779998779297,157.69700622558594,0,0.0,0.0
2015-07-07 00:00:00+02:00,160.2899932861328,161.51199340820312,157.4720001220703,157.82400512695312,0,0.0,0.0
2015-07-08 00:00:00+02:00,157.75999450683594,157.75999450683594,154.7689971923828,154.7689971923828,0,0.0,0.0
2015-07-09 00:00:00+02:00,155.38099670410156,159.0229949951172,155.38099670410156,158.29400634765625,0,0.0,0.0
2015-07-10 00:00:00+02:00,158.33599853515625,158.4709930419922,157.406005859375,158.4709930419922,0,0.0,0.0
2015-07-13 00:00:00+02:00,158.13800048828125,161.14999389648438,158.13800048828125,160.5989990234375,0,0.0,0.0
2015-07-14 00:00:00+02:00,160.63800048828125,163.6649932861328,157.75799560546875,163.6649932861328,0,0.0,0.0
2015-07-15 00:00:00+02:00,165.1840057373047,165.7550048828125,163.16000366210938,163.16000366210938,0,0.0,0.0
2015-07-16 00:00:00+02:00,164.24899291992188,165.29800415039062,163.656005859375,165.29800415039062,0,0.0,0.0
2015-07-17 00:00:00+02:00,166.84500122070312,166.93299865722656,165.2519989013672,165.59100341796875,0,0.0,0.0
2015-07-20 00:00:00+02:00,167.72000122070312,167.72000122070312,166.19500732421875,166.6790008544922,0,0.0,0.0
2015-07-21 00:00:00+02:00,167.50100708007812,167.50100708007812,164.3509979248047,165.75,0,0.0,0.0
2015-07-22 00:00:00+02:00,163.86599731445312,167.4250030517578,163.86599731445312,167.27699279785156,0,0.0,0.0
2015-07-23 00:00:00+02:00,167.15899658203125,167.68499755859375,166.88299560546875,167.68499755859375,0,0.0,0.0
2015-07-24 00:00:00+02:00,169.08799743652344,169.08799743652344,165.1649932861328,165.35699462890625,15,0.0,0.0
2015-07-27 00:00:00+02:00,165.93499755859375,165.93499755859375,162.9759979248047,164.4290008544922,0,0.0,0.0
2015-07-28 00:00:00+02:00,166.2209930419922,169.90499877929688,166.2209930419922,169.90499877929688,0,0.0,0.0
2015-07-29 00:00:00+02:00,172.57000732421875,172.57000732421875,168.7550048828125,171.2969970703125,0,0.0,0.0
2015-07-30 00:00:00+02:00,171.70700073242188,172.66000366210938,170.4320068359375,172.62100219726562,0,0.0,0.0
2015-07-31 00:00:00+02:00,172.08099365234375,174.23800659179688,169.3780059814453,173.1269989013672,0,0.0,0.0
2015-08-03 00:00:00+02:00,172.4429931640625,174.27099609375,171.9409942626953,172.06100463867188,0,0.0,0.0
2015-08-04 00:00:00+02:00,173.67799377441406,173.67799377441406,171.94400024414062,171.94400024414062,0,0.0,0.0
2015-08-05 00:00:00+02:00,173.3179931640625,176.3459930419922,172.95700073242188,173.2899932861328,0,0.0,0.0
2015-08-06 00:00:00+02:00,169.56300354003906,170.75,167.36500549316406,167.36500549316406,17,0.0,0.0
2015-08-07 00:00:00+02:00,166.802001953125,166.802001953125,162.33999633789062,162.33999633789062,0,0.0,0.0
2015-08-10 00:00:00+02:00,164.07200622558594,164.6999969482422,161.79299926757812,162.9929962158203,0,0.0,0.0
2015-08-11 00:00:00+02:00,162.91600036621094,163.01400756835938,158.11599731445312,159.60800170898438,0,0.0,0.0
2015-08-12 00:00:00+02:00,158.00599670410156,162.3280029296875,156.30999755859375,162.3280029296875,0,0.0,0.0
2015-08-13 00:00:00+02:00,163.5229949951172,165.05999755859375,163.031005859375,165.05999755859375,0,0.0,0.0
2015-08-14 00:00:00+02:00,165.05299377441406,165.34300231933594,163.33299255371094,163.33299255371094,0,0.0,0.0
2015-08-17 00:00:00+02:00,164.46200561523438,165.8470001220703,161.6490020751953,165.8470001220703,0,0.0,0.0
2015-08-18 00:00:00+02:00,166.41299438476562,168.23399353027344,165.17999267578125,168.23399353027344,0,0.0,0.0
2015-08-19 00:00:00+02:00,166.86000061035156,167.93299865722656,164.89199829101562,164.89199829101562,0,0.0,0.0
2015-08-20 00:00:00+02:00,164.92100524902344,164.92100524902344,161.28500366210938,161.28500366210938,0,0.0,0.0
2015-08-21 00:00:00+02:00,157.24400329589844,158.37100219726562,147.6219940185547,147.6219940185547,0,0.0,0.0
2015-08-24 00:00:00+02:00,139.38800048828125,145.8979949951172,129.14500427246094,140.9040069580078,225,0.0,0.0
2015-08-25 00:00:00+02:00,142.13600158691406,143.94000244140625,140.60499572753906,141.33299255371094,225,0.0,0.0
2015-08-26 00:00:00+02:00,141.13999938964844,143.1280059814453,138.66700744628906,143.1280059814453,0,0.0,0.0
2015-08-27 00:00:00+02:00,143.3769989013672,150.2689971923828,143.3769989013672,147.18800354003906,0,0.0,0.0
2015-08-28 00:00:00+02:00,149.66799926757812,151.72999572753906,147.91200256347656,151.72999572753906,20,0.0,0.0
2015-08-31 00:00:00+02:00,151.0850067138672,151.41799926757812,149.22000122070312,149.26499938964844,0,0.0,0.0
2015-09-01 00:00:00+02:00,143.87100219726562,145.82000732421875,143.0570068359375,143.9929962158203,0,0.0,0.0
2015-09-02 00:00:00+02:00,147.02499389648438,147.58700561523438,145.00100708007812,146.06700134277344,0,0.0,0.0
2015-09-03 00:00:00+02:00,147.91799926757812,149.8979949951172,145.71400451660156,145.71400451660156,0,0.0,0.0
2015-09-04 00:00:00+02:00,144.16400146484375,144.9239959716797,142.5,143.29299926757812,0,0.0,0.0
2015-09-07 00:00:00+02:00,145.31700134277344,145.78799438476562,144.61399841308594,144.7519989013672,0,0.0,0.0
2015-09-08 00:00:00+02:00,144.6840057373047,147.3730010986328,144.63999938964844,147.01199340820312,0,0.0,0.0
2015-09-09 00:00:00+02:00,149.38400268554688,149.66200256347656,146.3489990234375,146.3489990234375,0,0.0,0.0
2015-09-10 00:00:00+02:00,145.21400451660156,145.21400451660156,141.12899780273438,141.60499572753906,0,0.0,0.0
2015-09-11 00:00:00+02:00,141.01699829101562,143.6479949951172,139.35899353027344,139.35899353027344,71,0.0,0.0
2015-09-14 00:00:00+02:00,140.0070037841797,140.81199645996094,138.22000122070312,138.22000122070312,0,0.0,0.0
2015-09-15 00:00:00+02:00,138.25599670410156,140.11000061035156,136.2729949951172,140.11000061035156,30,0.0,0.0
2015-09-16 00:00:00+02:00,140.94700622558594,143.5959930419922,139.77699279785156,142.51100158691406,0,0.0,0.0
2015-09-17 00:00:00+02:00,143.65199279785156,143.65199279785156,140.35800170898438,140.35800170898438,0,0.0,0.0
2015-09-18 00:00:00+02:00,139.80999755859375,140.08999633789062,137.81900024414062,139.8979949951172,0,0.0,0.0
2015-09-21 00:00:00+02:00,139.57000732421875,143.2030029296875,135.16600036621094,135.16600036621094,0,0.0,0.0
2015-09-22 00:00:00+02:00,137.55599975585938,137.55599975585938,132.9550018310547,132.9550018310547,0,0.0,0.0
2015-09-23 00:00:00+02:00,132.08599853515625,134.1929931640625,132.08599853515625,133.18600463867188,0,0.0,0.0
2015-09-24 00:00:00+02:00,130.98300170898438,131.76300048828125,124.53900146484375,125.08799743652344,0,0.0,0.0
2015-09-25 00:00:00+02:00,127.11299896240234,128.25900268554688,118.21399688720703,118.21399688720703,0,0.0,0.0
2015-09-28 00:00:00+02:00,118.9020004272461,118.9020004272461,110.43399810791016,110.43399810791016,0,0.0,0.0
2015-09-29 00:00:00+02:00,108.62699890136719,110.37200164794922,108.39900207519531,108.39900207519531,0,0.0,0.0
2015-09-30 00:00:00+02:00,110.697998046875,117.3489990234375,110.697998046875,117.3489990234375,0,0.0,0.0
2015-10-01 00:00:00+02:00,119.16300201416016,119.16300201416016,112.58899688720703,112.58899688720703,0,0.0,0.0
2015-10-02 00:00:00+02:00,117.48300170898438,118.18299865722656,110.72899627685547,117.03900146484375,0,0.0,0.0
2015-10-05 00:00:00+02:00,121.0719985961914,122.14900207519531,116.6449966430664,116.6449966430664,0,0.0,0.0
2015-10-06 00:00:00+02:00,116.27400207519531,117.16300201416016,112.88999938964844,112.88999938964844,0,0.0,0.0
2015-10-07 00:00:00+02:00,114.63800048828125,115.66799926757812,113.7249984741211,114.36199951171875,0,0.0,0.0
2015-10-08 00:00:00+02:00,113.86799621582031,114.24099731445312,112.7249984741211,112.7249984741211,0,0.0,0.0
2015-10-09 00:00:00+02:00,116.93599700927734,116.93599700927734,115.63800048828125,115.8949966430664,0,0.0,0.0
2015-10-12 00:00:00+02:00,115.88200378417969,116.80000305175781,115.51599884033203,115.96800231933594,0,0.0,0.0
2015-10-13 00:00:00+02:00,114.97000122070312,115.68000030517578,114.31800079345703,114.31800079345703,0,0.0,0.0
2015-10-14 00:00:00+02:00,111.51100158691406,114.7770004272461,111.22100067138672,114.7770004272461,0,0.0,0.0
2015-10-15 00:00:00+02:00,114.66300201416016,115.82499694824219,113.822998046875,115.55999755859375,0,0.0,0.0
2015-10-16 00:00:00+02:00,118.5989990234375,121.67500305175781,118.5989990234375,120.49700164794922,0,0.0,0.0
2015-10-19 00:00:00+02:00,119.87100219726562,120.72899627685547,118.93499755859375,118.93499755859375,0,0.0,0.0
2015-10-20 00:00:00+02:00,118.68099975585938,121.36900329589844,109.31099700927734,109.31099700927734,18,0.0,0.0
2015-10-21 00:00:00+02:00,110.1240005493164,110.24500274658203,103.47200012207031,103.47200012207031,0,0.0,0.0
2015-10-22 00:00:00+02:00,106.58599853515625,107.32099914550781,105.68099975585938,106.0790023803711,0,0.0,0.0
2015-10-23 00:00:00+02:00,113.25199890136719,117.91600036621094,111.9209976196289,117.85199737548828,0,0.0,0.0
2015-10-26 00:00:00+01:00,117.2300033569336,119.87000274658203,116.81900024414062,118.59600067138672,18,0.0,0.0
2015-10-27 00:00:00+01:00,117.44100189208984,117.71700286865234,116.35700225830078,116.35700225830078,0,0.0,0.0
2015-10-28 00:00:00+01:00,116.83599853515625,120.59500122070312,113.03299713134766,113.03299713134766,0,0.0,0.0
2015-10-29 00:00:00+01:00,120.00599670410156,125.36199951171875,119.6989974975586,125.36199951171875,0,0.0,0.0
2015-10-30 00:00:00+01:00,123.16600036621094,124.09400177001953,120.36799621582031,123.80799865722656,0,0.0,0.0
2015-11-02 00:00:00+01:00,122.47100067138672,129.42799377441406,122.47100067138672,127.0790023803711,24,0.0,0.0
2015-11-03 00:00:00+01:00,127.80000305175781,128.27699279785156,126.572998046875,127.77999877929688,0,0.0,0.0
2015-11-04 00:00:00+01:00,128.05499267578125,130.27699279785156,128.05499267578125,129.7209930419922,0,0.0,0.0
2015-11-05 00:00:00+01:00,129.76699829101562,130.07400512695312,126.44000244140625,126.44000244140625,0,0.0,0.0
2015-11-06 00:00:00+01:00,127.82099914550781,130.79800415039062,127.48300170898438,130.79800415039062,0,0.0,0.0
2015-11-09 00:00:00+01:00,130.85400390625,130.85400390625,129.23199462890625,130.36099243164062,0,0.0,0.0
2015-11-10 00:00:00+01:00,119.4020004272461,124.11000061035156,116.46199798583984,123.40799713134766,0,0.0,0.0
2015-11-11 00:00:00+01:00,125.21600341796875,125.92500305175781,123.68399810791016,125.20600128173828,0,0.0,0.0
2015-11-12 00:00:00+01:00,124.9530029296875,125.36900329589844,123.03600311279297,123.03600311279297,0,0.0,0.0
2015-11-13 00:00:00+01:00,122.572998046875,124.7760009765625,122.03500366210938,123.61299896240234,108,0.0,0.0
2015-11-16 00:00:00+01:00,123.45500183105469,127.0469970703125,122.8759994506836,127.0469970703125,0,0.0,0.0
2015-11-17 00:00:00+01:00,127.24400329589844,132.69000244140625,126.83000183105469,131.08999633789062,0,0.0,0.0
2015-11-18 00:00:00+01:00,131.14100646972656,134.53900146484375,130.87399291992188,134.53900146484375,0,0.0,0.0
2015-11-19 00:00:00+01:00,134.87399291992188,135.5,132.2740020751953,134.19200134277344,92,0.0,0.0
2015-11-20 00:00:00+01:00,133.91700744628906,135.81399536132812,133.91700744628906,134.58599853515625,0,0.0,0.0
2015-11-23 00:00:00+01:00,133.9810028076172,138.63800048828125,133.56900024414062,137.75799560546875,0,0.0,0.0
2015-11-24 00:00:00+01:00,137.58200073242188,137.58200073242188,133.43800354003906,134.11599731445312,0,0.0,0.0
2015-11-25 00:00:00+01:00,136.16799926757812,143.0,136.06199645996094,139.5330047607422,12,0.0,0.0
2015-11-26 00:00:00+01:00,140.1959991455078,141.0500030517578,140.1959991455078,140.8730010986328,0,0.0,0.0
2015-11-27 00:00:00+01:00,139.9429931640625,140.99200439453125,139.9429931640625,140.89599609375,0,0.0,0.0
2015-11-30 00:00:00+01:00,139.27499389648438,139.27499389648438,137.19200134277344,137.19200134277344,0,0.0,0.0
2015-12-01 00:00:00+01:00,137.64700317382812,137.64700317382812,135.28799438476562,136.0989990234375,0,0.0,0.0
2015-12-02 00:00:00+01:00,138.8249969482422,139.3470001220703,138.11099243164062,139.3470001220703,0,0.0,0.0
2015-12-03 00:00:00+01:00,136.27000427246094,136.27000427246094,126.57099914550781,128.31100463867188,0,0.0,0.0
2015-12-04 00:00:00+01:00,128.9290008544922,131.00900268554688,128.4199981689453,131.00900268554688,0,0.0,0.0
2015-12-07 00:00:00+01:00,131.85699462890625,131.99200439453125,129.3179931640625,129.3179931640625,0,0.0,0.0
2015-12-08 00:00:00+01:00,129.45700073242188,129.95700073242188,127.12999725341797,128.6280059814453,0,0.0,0.0
2015-12-09 00:00:00+01:00,128.28799438476562,128.28799438476562,126.00700378417969,126.0469970703125,0,0.0,0.0
2015-12-10 00:00:00+01:00,125.0,126.86599731445312,125.0,126.86599731445312,0,0.0,0.0
2015-12-11 00:00:00+01:00,127.05599975585938,127.05599975585938,121.22100067138672,121.22100067138672,40,0.0,0.0
2015-12-14 00:00:00+01:00,121.70999908447266,122.03500366210938,119.34500122070312,120.04399871826172,0,0.0,0.0
2015-12-15 00:00:00+01:00,121.00800323486328,123.0199966430664,120.88500213623047,123.0199966430664,0,0.0,0.0
2015-12-16 00:00:00+01:00,125.53099822998047,129.14300537109375,125.24400329589844,129.14300537109375,0,0.0,0.0
2015-12-17 00:00:00+01:00,128.9929962158203,129.81399536132812,127.18000030517578,127.18000030517578,0,0.0,0.0
2015-12-18 00:00:00+01:00,125.36000061035156,128.2790069580078,125.36000061035156,127.6719970703125,0,0.0,0.0
2015-12-21 00:00:00+01:00,127.13899993896484,127.38400268554688,126.18599700927734,126.18599700927734,0,0.0,0.0
2015-12-22 00:00:00+01:00,126.8239974975586,128.01400756835938,124.75,128.01400756835938,0,0.0,0.0
2015-12-23 00:00:00+01:00,128.77499389648438,131.572998046875,128.6750030517578,131.572998046875,0,0.0,0.0
2015-12-28 00:00:00+01:00,128.35299682617188,128.5189971923828,126.48200225830078,126.48200225830078,0,0.0,0.0
2015-12-29 00:00:00+01:00,127.74700164794922,129.51800537109375,127.19200134277344,128.81700134277344,0,0.0,0.0
2015-12-30 00:00:00+01:00,129.2689971923828,129.2689971923828,128.6510009765625,128.7220001220703,0,0.0,0.0
2016-01-04 00:00:00+01:00,125.85099792480469,125.85099792480469,124.26200103759766,124.39299774169922,0,0.0,0.0
2016-01-05 00:00:00+01:00,125.81600189208984,128.0290069580078,125.23200225830078,128.0290069580078,0,0.0,0.0
2016-01-06 00:00:00+01:00,125.29499816894531,126.39099884033203,123.53900146484375,123.53900146484375,79,0.0,0.0
2016-01-07 00:00:00+01:00,119.20600128173828,119.74099731445312,116.58399963378906,117.9219970703125,0,0.0,0.0
2016-01-08 00:00:00+01:00,119.01699829101562,119.15599822998047,116.04100036621094,116.63400268554688,0,0.0,0.0
2016-01-11 00:00:00+01:00,115.19100189208984,117.03299713134766,114.4280014038086,114.4280014038086,12,0.0,0.0
2016-01-12 00:00:00+01:00,111.2490005493164,117.47599792480469,111.2490005493164,116.875,0,0.0,0.0
2016-01-13 00:00:00+01:00,119.00299835205078,119.59700012207031,112.56999969482422,112.56999969482422,0,0.0,0.0
2016-01-14 00:00:00+01:00,112.54399871826172,115.78900146484375,110.56500244140625,114.98200225830078,0,0.0,0.0
2016-01-15 00:00:00+01:00,113.22100067138672,113.79299926757812,110.10399627685547,111.88600158691406,0,0.0,0.0
2016-01-18 00:00:00+01:00,113.76399993896484,113.76399993896484,112.71199798583984,112.72200012207031,0,0.0,0.0
2016-01-19 00:00:00+01:00,114.64199829101562,115.40499877929688,109.73200225830078,109.73200225830078,0,0.0,0.0
2016-01-20 00:00:00+01:00,106.28700256347656,107.70700073242188,105.59400177001953,105.97100067138672,0,0.0,0.0
2016-01-21 00:00:00+01:00,115.89800262451172,120.53600311279297,115.25700378417969,118.90399932861328,0,0.0,0.0
2016-01-22 00:00:00+01:00,120.39600372314453,121.47599792480469,119.20700073242188,120.69000244140625,0,0.0,0.0
2016-01-25 00:00:00+01:00,121.14399719238281,123.0999984741211,119.73200225830078,123.0999984741211,17,0.0,0.0
2016-01-26 00:00:00+01:00,118.67400360107422,120.13400268554688,117.63600158691406,117.63600158691406,0,0.0,0.0
2016-01-27 00:00:00+01:00,119.93900299072266,119.93900299072266,116.76799774169922,116.76799774169922,0,0.0,0.0
2016-01-28 00:00:00+01:00,117.5790023803711,118.41300201416016,111.38300323486328,111.84200286865234,30,0.0,0.0
2016-01-29 00:00:00+01:00,113.39900207519531,115.6240005493164,112.63899993896484,115.6240005493164,0,0.0,0.0
2016-02-01 00:00:00+01:00,115.6240005493164,115.6240005493164,115.6240005493164,115.6240005493164,0,0.0,0.0
2016-02-02 00:00:00+01:00,115.15899658203125,115.15899658203125,110.44400024414062,110.48400115966797,0,0.0,0.0
2016-02-03 00:00:00+01:00,110.06300354003906,110.06300354003906,107.31400299072266,107.54100036621094,0,0.0,0.0
2016-02-04 00:00:00+01:00,111.12200164794922,111.12200164794922,107.75399780273438,109.20500183105469,0,0.0,0.0
2016-02-05 00:00:00+01:00,109.62999725341797,110.75900268554688,107.5719985961914,108.0530014038086,0,0.0,0.0
2016-02-08 00:00:00+01:00,108.75399780273438,108.75399780273438,99.1969985961914,101.2979965209961,0,0.0,0.0
2016-02-09 00:00:00+01:00,99.7020034790039,100.88999938964844,96.58399963378906,100.47699737548828,0,0.0,0.0
2016-02-10 00:00:00+01:00,102.33599853515625,104.1760025024414,100.7509994506836,103.28299713134766,0,0.0,0.0
2016-02-11 00:00:00+01:00,101.55599975585938,101.55599975585938,95.822998046875,99.54199981689453,0,0.0,0.0
2016-02-12 00:00:00+01:00,98.40599822998047,100.26499938964844,97.24400329589844,99.96700286865234,0,0.0,0.0
2016-02-15 00:00:00+01:00,101.4990005493164,102.53900146484375,101.4990005493164,102.48200225830078,0,0.0,0.0
2016-02-16 00:00:00+01:00,102.88999938964844,104.9739990234375,100.70800018310547,104.70899963378906,0,0.0,0.0
2016-02-17 00:00:00+01:00,104.63099670410156,110.33300018310547,104.26599884033203,108.98200225830078,0,0.0,0.0
2016-02-18 00:00:00+01:00,108.86499786376953,109.88999938964844,108.36799621582031,109.58899688720703,0,0.0,0.0
2016-02-19 00:00:00+01:00,108.55500030517578,108.93800354003906,106.96499633789062,108.93800354003906,0,0.0,0.0
2016-02-22 00:00:00+01:00,110.00299835205078,112.4209976196289,110.00299835205078,112.06500244140625,0,0.0,0.0
2016-02-23 00:00:00+01:00,111.33899688720703,111.88500213623047,109.20500183105469,109.96299743652344,0,0.0,0.0
2016-02-24 00:00:00+01:00,110.44200134277344,110.48899841308594,105.06800079345703,107.87899780273438,0,0.0,0.0
2016-02-25 00:00:00+01:00,108.96199798583984,109.8239974975586,108.02300262451172,109.74600219726562,0,0.0,0.0
2016-02-26 00:00:00+01:00,110.72699737548828,113.05400085449219,110.72699737548828,113.05400085449219,0,0.0,0.0
2016-02-29 00:00:00+01:00,111.71399688720703,113.18599700927734,110.38999938964844,110.38999938964844,0,0.0,0.0
2016-03-01 00:00:00+01:00,110.52799987792969,112.50800323486328,110.52799987792969,112.50800323486328,0,0.0,0.0
2016-03-02 00:00:00+01:00,113.2699966430664,113.2699966430664,111.63700103759766,111.63700103759766,0,0.0,0.0
2016-03-03 00:00:00+01:00,114.50900268554688,114.50900268554688,112.83899688720703,113.51499938964844,0,0.0,0.0
2016-03-04 00:00:00+01:00,113.0780029296875,113.16899871826172,111.23400115966797,111.23500061035156,0,0.0,0.0
2016-03-07 00:00:00+01:00,110.73799896240234,113.96499633789062,110.49700164794922,113.96499633789062,0,0.0,0.0
2016-03-08 00:00:00+01:00,113.83399963378906,113.83399963378906,113.06500244140625,113.24400329589844,0,0.0,0.0
2016-03-09 00:00:00+01:00,113.89800262451172,114.4990005493164,113.25399780273438,113.68099975585938,0,0.0,0.0
2016-03-10 00:00:00+01:00,113.93199920654297,114.41300201416016,112.18000030517578,113.06099700927734,0,0.0,0.0
2016-03-11 00:00:00+01:00,114.18099975585938,117.95999908447266,114.18099975585938,117.95999908447266,0,0.0,0.0
2016-03-14 00:00:00+01:00,118.2030029296875,118.36499786376953,116.23500061035156,116.23500061035156,0,0.0,0.0
2016-03-15 00:00:00+01:00,115.25800323486328,115.25800323486328,107.7699966430664,107.7699966430664,0,0.0,0.0
2016-03-16 00:00:00+01:00,107.77999877929688,107.98200225830078,106.15299987792969,106.15299987792969,0,0.0,0.0
2016-03-17 00:00:00+01:00,106.58699798583984,106.58699798583984,104.18900299072266,104.18900299072266,0,0.0,0.0
2016-03-18 00:00:00+01:00,103.8219985961914,104.34200286865234,103.45600128173828,104.0510025024414,0,0.0,0.0
2016-03-21 00:00:00+01:00,103.69400024414062,104.6780014038086,103.48699951171875,104.6780014038086,0,0.0,0.0
2016-03-22 00:00:00+01:00,104.5739974975586,108.21900177001953,104.25499725341797,108.21900177001953,0,0.0,0.0
2016-03-23 00:00:00+01:00,107.88300323486328,108.2249984741211,106.91799926757812,107.03399658203125,0,0.0,0.0
2016-03-24 00:00:00+01:00,106.74600219726562,106.81199645996094,105.35399627685547,105.35399627685547,0,0.0,0.0
2016-03-29 00:00:00+02:00,104.55699920654297,104.96800231933594,103.072998046875,104.96800231933594,0,0.0,0.0
2016-03-30 00:00:00+02:00,105.87100219726562,108.53700256347656,105.822998046875,108.53700256347656,0,0.0,0.0
2016-03-31 00:00:00+02:00,107.86299896240234,110.27200317382812,107.20500183105469,110.27200317382812,0,0.0,0.0
2016-04-01 00:00:00+02:00,112.87300109863281,117.31099700927734,111.68099975585938,116.69100189208984,0,0.0,0.0
2016-04-04 00:00:00+02:00,116.20899963378906,118.55500030517578,115.6780014038086,118.55500030517578,0,0.0,0.0
2016-04-05 00:00:00+02:00,116.88800048828125,116.9489974975586,115.13400268554688,116.2040023803711,0,0.0,0.0
2016-04-06 00:00:00+02:00,116.83999633789062,121.2760009765625,116.04199981689453,121.2760009765625,0,0.0,0.0
2016-04-07 00:00:00+02:00,121.99700164794922,123.46299743652344,120.51599884033203,120.80599975585938,0,0.0,0.0
2016-04-08 00:00:00+02:00,122.25800323486328,122.74500274658203,119.9020004272461,121.40299987792969,0,0.0,0.0
2016-04-11 00:00:00+02:00,121.16999816894531,122.16600036621094,121.01100158691406,121.19599914550781,0,0.0,0.0
2016-04-12 00:00:00+02:00,119.91200256347656,120.26799774169922,118.09100341796875,119.47000122070312,0,0.0,0.0
2016-04-13 00:00:00+02:00,122.0999984741211,130.48699951171875,121.99700164794922,128.41900634765625,0,0.0,0.0
2016-04-14 00:00:00+02:00,129.1699981689453,132.1739959716797,127.38200378417969,127.76300048828125,40,0.0,0.0
2016-04-15 00:00:00+02:00,128.4510040283203,128.4510040283203,125.51499938964844,127.16899871826172,0,0.0,0.0
2016-04-18 00:00:00+02:00,125.625,131.9770050048828,125.625,129.13600158691406,10,0.0,0.0
2016-04-19 00:00:00+02:00,128.9550018310547,130.09800720214844,128.10699462890625,130.09800720214844,0,0.0,0.0
2016-04-20 00:00:00+02:00,129.33700561523438,130.927001953125,129.2570037841797,129.822998046875,0,0.0,0.0
2016-04-21 00:00:00+02:00,132.69500732421875,132.69500732421875,131.3730010986328,131.3730010986328,0,0.0,0.0
2016-04-22 00:00:00+02:00,136.55799865722656,137.53500366210938,136.17100524902344,137.53500366210938,0,0.0,0.0
2016-04-25 00:00:00+02:00,137.87399291992188,139.42100524902344,135.28399658203125,135.28399658203125,0,0.0,0.0
2016-04-26 00:00:00+02:00,135.55299377441406,136.0659942626953,132.45799255371094,134.5959930419922,0,0.0,0.0
2016-04-27 00:00:00+02:00,134.83999633789062,134.92999267578125,132.92599487304688,134.3070068359375,0,0.0,0.0
2016-04-28 00:00:00+02:00,132.1750030517578,132.8470001220703,131.25100708007812,132.677001953125,0,0.0,0.0
2016-04-29 00:00:00+02:00,131.8560028076172,132.14100646972656,127.74700164794922,129.11000061035156,0,0.0,0.0
2016-05-02 00:00:00+02:00,129.92100524902344,130.13900756835938,128.6580047607422,129.3459930419922,0,0.0,0.0
2016-05-03 00:00:00+02:00,130.2570037841797,130.92100524902344,128.63800048828125,130.92100524902344,0,0.0,0.0
2016-05-04 00:00:00+02:00,130.88099670410156,130.9720001220703,126.322998046875,126.322998046875,0,0.0,0.0
2016-05-05 00:00:00+02:00,128.6320037841797,128.6320037841797,126.83999633789062,126.98600006103516,0,0.0,0.0
2016-05-06 00:00:00+02:00,126.04299926757812,126.04299926757812,124.24099731445312,124.63899993896484,0,0.0,0.0
2016-05-09 00:00:00+02:00,125.3949966430664,128.70700073242188,125.28500366210938,127.93599700927734,0,0.0,0.0
2016-05-10 00:00:00+02:00,128.5229949951172,129.2689971923828,126.6050033569336,128.17599487304688,0,0.0,0.0
2016-05-11 00:00:00+02:00,127.71099853515625,130.6269989013672,127.61199951171875,130.6269989013672,0,0.0,0.0
2016-05-12 00:00:00+02:00,128.7310028076172,128.7310028076172,123.80400085449219,126.19300079345703,0,0.0,0.0
2016-05-13 00:00:00+02:00,125.36699676513672,128.33799743652344,125.36699676513672,127.14299774169922,0,0.0,0.0
2016-05-17 00:00:00+02:00,130.24099731445312,131.343994140625,129.22500610351562,129.49899291992188,0,0.0,0.0
2016-05-18 00:00:00+02:00,130.8159942626953,132.99099731445312,130.57699584960938,132.12899780273438,0,0.0,0.0
2016-05-19 00:00:00+02:00,132.25100708007812,132.25100708007812,128.63699340820312,129.82899475097656,0,0.0,0.0
2016-05-20 00:00:00+02:00,130.6179962158203,131.5570068359375,130.2209930419922,131.5570068359375,0,0.0,0.0
2016-05-23 00:00:00+02:00,131.76300048828125,132.37100219726562,131.19900512695312,132.37100219726562,0,0.0,0.0
2016-05-24 00:00:00+02:00,130.23199462890625,134.22799682617188,130.23199462890625,134.22799682617188,0,0.0,0.0
2016-05-25 00:00:00+02:00,134.80799865722656,135.1999969482422,133.67999267578125,133.67999267578125,0,0.0,0.0
2016-05-26 00:00:00+02:00,134.86599731445312,135.19000244140625,134.01499938964844,135.19000244140625,0,0.0,0.0
2016-05-27 00:00:00+02:00,135.10000610351562,136.09800720214844,134.80499267578125,134.80499267578125,0,0.0,0.0
2016-05-30 00:00:00+02:00,135.76100158691406,135.76100158691406,135.1269989013672,135.1269989013672,0,0.0,0.0
2016-05-31 00:00:00+02:00,135.44400024414062,135.85000610351562,131.46099853515625,132.95399475097656,0,0.0,0.0
2016-06-01 00:00:00+02:00,134.69000244140625,134.69000244140625,133.76199340820312,134.23899841308594,0,0.0,0.0
2016-06-02 00:00:00+02:00,135.95799255371094,138.20700073242188,135.8000030517578,138.20700073242188,0,0.0,0.0
2016-06-03 00:00:00+02:00,138.13600158691406,138.13600158691406,131.15499877929688,132.9340057373047,0,0.0,0.0
2016-06-06 00:00:00+02:00,133.0030059814453,135.67599487304688,132.8470001220703,135.67599487304688,0,0.0,0.0
2016-06-07 00:00:00+02:00,135.49200439453125,135.9669952392578,133.0489959716797,134.85000610351562,0,0.0,0.0
2016-06-08 00:00:00+02:00,134.55999755859375,134.60400390625,133.23599243164062,133.69400024414062,0,0.0,0.0
2016-06-09 00:00:00+02:00,134.10400390625,136.86199951171875,133.8179931640625,135.93600463867188,0,0.0,0.0
2016-06-10 00:00:00+02:00,136.14199829101562,136.14199829101562,131.61599731445312,132.11599731445312,0,0.0,0.0
2016-06-13 00:00:00+02:00,131.6300048828125,132.03199768066406,130.42799377441406,130.67799377441406,0,0.0,0.0
2016-06-14 00:00:00+02:00,130.19500732421875,130.81300354003906,129.5590057373047,130.72300720214844,0,0.0,0.0
2016-06-15 00:00:00+02:00,130.80499267578125,132.2760009765625,130.80499267578125,131.8300018310547,0,0.0,0.0
2016-06-16 00:00:00+02:00,128.79100036621094,129.83900451660156,127.83699798583984,128.21600341796875,0,0.0,0.0
2016-06-17 00:00:00+02:00,128.25900268554688,128.25900268554688,126.01899719238281,126.14800262451172,0,0.0,0.0
2016-06-20 00:00:00+02:00,124.55000305175781,127.93499755859375,124.55000305175781,127.93499755859375,0,0.0,0.0
2016-06-21 00:00:00+02:00,126.16000366210938,126.26399993896484,123.58799743652344,123.73500061035156,0,0.0,0.0
2016-06-22 00:00:00+02:00,124.51200103759766,127.48799896240234,122.73600006103516,125.1259994506836,0,0.0,0.0
2016-06-23 00:00:00+02:00,125.1989974975586,125.65299987792969,124.63999938964844,125.65299987792969,0,0.0,0.0
2016-06-24 00:00:00+02:00,119.93399810791016,123.91100311279297,119.84700012207031,123.58899688720703,0,0.0,0.0
2016-06-27 00:00:00+02:00,123.01799774169922,123.01799774169922,118.77999877929688,118.79000091552734,0,0.0,0.0
2016-06-28 00:00:00+02:00,119.48400115966797,122.33999633789062,119.24400329589844,122.33999633789062,0,0.0,0.0
2016-06-29 00:00:00+02:00,124.21700286865234,125.31900024414062,122.66899871826172,125.31900024414062,0,0.0,0.0
2016-06-30 00:00:00+02:00,125.14199829101562,126.40399932861328,124.5739974975586,126.12300109863281,0,0.0,0.0
2016-07-01 00:00:00+02:00,125.59400177001953,126.91999816894531,124.96800231933594,125.58100128173828,0,0.0,0.0
2016-07-04 00:00:00+02:00,125.68000030517578,125.68000030517578,125.28800201416016,125.28800201416016,0,0.0,0.0
2016-07-05 00:00:00+02:00,125.03800201416016,125.03800201416016,122.49800109863281,122.49800109863281,0,0.0,0.0
2016-07-06 00:00:00+02:00,123.67500305175781,124.76100158691406,122.48999786376953,124.6520004272461,0,0.0,0.0
2016-07-07 00:00:00+02:00,124.85700225830078,125.31700134277344,123.01100158691406,123.49800109863281,0,0.0,0.0
2016-07-08 00:00:00+02:00,123.2699966430664,125.66600036621094,123.2699966430664,125.63099670410156,0,0.0,0.0
2016-07-11 00:00:00+02:00,125.72200012207031,127.29399871826172,125.66899871826172,126.37999725341797,0,0.0,0.0
2016-07-12 00:00:00+02:00,125.11900329589844,127.14199829101562,124.99700164794922,126.98500061035156,0,0.0,0.0
2016-07-13 00:00:00+02:00,126.71299743652344,127.80699920654297,125.45099639892578,125.79199981689453,80,0.0,0.0
2016-07-14 00:00:00+02:00,126.0270004272461,126.8740005493164,125.6719970703125,125.6719970703125,0,0.0,0.0
2016-07-15 00:00:00+02:00,126.2509994506836,127.62999725341797,126.03800201416016,126.98899841308594,0,0.0,0.0
2016-07-18 00:00:00+02:00,127.18499755859375,127.6520004272461,126.5979995727539,126.5979995727539,0,0.0,0.0
2016-07-19 00:00:00+02:00,126.91200256347656,128.20700073242188,125.95099639892578,126.60299682617188,0,0.0,0.0
2016-07-20 00:00:00+02:00,126.62999725341797,128.83599853515625,126.62999725341797,128.5290069580078,0,0.0,0.0
2016-07-21 00:00:00+02:00,128.4739990234375,129.0189971923828,127.58999633789062,128.89500427246094,0,0.0,0.0
2016-07-22 00:00:00+02:00,128.60800170898438,128.60800170898438,126.81600189208984,126.81600189208984,0,0.0,0.0
2016-07-25 00:00:00+02:00,127.48600006103516,127.68000030517578,126.37899780273438,126.93499755859375,0,0.0,0.0
2016-07-26 00:00:00+02:00,126.81700134277344,126.81700134277344,124.81099700927734,125.3290023803711,0,0.0,0.0
2016-07-27 00:00:00+02:00,125.75,126.51599884033203,124.66100311279297,126.51599884033203,100,0.0,0.0
2016-07-28 00:00:00+02:00,124.44300079345703,136.63299560546875,122.39800262451172,136.63299560546875,0,0.0,0.0
2016-07-29 00:00:00+02:00,136.56100463867188,136.56100463867188,133.0540008544922,133.0540008544922,0,0.0,0.0
2016-08-01 00:00:00+02:00,134.1649932861328,134.38800048828125,132.7480010986328,133.2689971923828,0,0.0,0.0
2016-08-02 00:00:00+02:00,133.14500427246094,133.14500427246094,130.88900756835938,130.88900756835938,0,0.0,0.0
2016-08-03 00:00:00+02:00,131.9149932861328,134.56399536132812,131.64199829101562,134.56399536132812,0,0.0,0.0
2016-08-04 00:00:00+02:00,134.06700134277344,134.06700134277344,133.0989990234375,133.10000610351562,0,0.0,0.0
2016-08-05 00:00:00+02:00,133.04400634765625,134.58900451660156,133.04400634765625,134.58900451660156,0,0.0,0.0
2016-08-08 00:00:00+02:00,134.27099609375,134.60299682617188,133.54400634765625,133.77000427246094,0,0.0,0.0
2016-08-09 00:00:00+02:00,132.93699645996094,133.71200561523438,132.33299255371094,133.47900390625,0,0.0,0.0
2016-08-10 00:00:00+02:00,132.8350067138672,132.8350067138672,125.37699890136719,125.37699890136719,0,0.0,0.0
2016-08-11 00:00:00+02:00,124.15899658203125,124.302001953125,121.20500183105469,121.90699768066406,0,0.0,0.0
2016-08-12 00:00:00+02:00,122.40499877929688,122.40499877929688,120.64900207519531,120.69100189208984,0,0.0,0.0
2016-08-15 00:00:00+02:00,121.12300109863281,122.4800033569336,121.06400299072266,122.4800033569336,0,0.0,0.0
2016-08-16 00:00:00+02:00,121.36900329589844,121.36900329589844,119.84400177001953,119.99700164794922,0,0.0,0.0
2016-08-17 00:00:00+02:00,119.96399688720703,120.02100372314453,118.88600158691406,118.88600158691406,0,0.0,0.0
2016-08-18 00:00:00+02:00,119.10700225830078,119.10700225830078,118.21399688720703,118.68000030517578,0,0.0,0.0
2016-08-19 00:00:00+02:00,118.71299743652344,118.76300048828125,118.5790023803711,118.63899993896484,0,0.0,0.0
2016-08-22 00:00:00+02:00,119.10700225830078,119.42500305175781,118.33000183105469,118.33000183105469,0,0.0,0.0
2016-08-23 00:00:00+02:00,118.16400146484375,118.51100158691406,117.93399810791016,117.93399810791016,0,0.0,0.0
2016-08-24 00:00:00+02:00,117.71700286865234,118.45600128173828,113.79499816894531,113.79499816894531,0,0.0,0.0
2016-08-25 00:00:00+02:00,113.93900299072266,113.93900299072266,111.53399658203125,111.53399658203125,0,0.0,0.0
2016-08-26 00:00:00+02:00,111.5199966430664,112.27200317382812,111.38099670410156,112.27200317382812,0,0.0,0.0
2016-08-29 00:00:00+02:00,113.18699645996094,113.42500305175781,112.0199966430664,112.0199966430664,0,0.0,0.0
2016-08-30 00:00:00+02:00,112.1449966430664,112.7979965209961,111.83100128173828,111.95999908447266,0,0.0,0.0
2016-08-31 00:00:00+02:00,111.75900268554688,111.81300354003906,109.99099731445312,109.99099731445312,0,0.0,0.0
2016-09-01 00:00:00+02:00,110.09300231933594,110.41999816894531,107.427001953125,108.5719985961914,0,0.0,0.0
2016-09-02 00:00:00+02:00,108.64600372314453,108.98200225830078,106.4280014038086,106.76499938964844,190,0.0,0.0
2016-09-05 00:00:00+02:00,106.94100189208984,106.99299621582031,106.84400177001953,106.87999725341797,0,0.0,0.0
2016-09-06 00:00:00+02:00,107.02899932861328,108.30899810791016,106.3280029296875,108.30899810791016,0,0.0,0.0
2016-09-07 00:00:00+02:00,106.69599914550781,108.03700256347656,106.54199981689453,106.54199981689453,0,0.0,0.0
2016-09-08 00:00:00+02:00,106.99800109863281,107.72100067138672,105.99299621582031,106.9219970703125,0,0.0,0.0
2016-09-09 00:00:00+02:00,106.3290023803711,106.34300231933594,104.53600311279297,104.53600311279297,0,0.0,0.0
2016-09-12 00:00:00+02:00,102.71399688720703,106.95899963378906,102.43499755859375,106.95899963378906,0,0.0,0.0
2016-09-13 00:00:00+02:00,106.28099822998047,106.28099822998047,105.01399993896484,105.68199920654297,0,0.0,0.0
2016-09-14 00:00:00+02:00,105.93199920654297,107.8499984741211,105.93199920654297,107.25399780273438,0,0.0,0.0
2016-09-15 00:00:00+02:00,107.3759994506836,110.16999816894531,107.3759994506836,110.16999816894531,0,0.0,0.0
2016-09-16 00:00:00+02:00,112.12899780273438,112.93499755859375,111.36599731445312,112.93499755859375,0,0.0,0.0
2016-09-19 00:00:00+02:00,111.9739990234375,112.31199645996094,111.44100189208984,111.56700134277344,0,0.0,0.0
2016-09-20 00:00:00+02:00,111.95700073242188,112.10900115966797,111.06900024414062,112.10900115966797,0,0.0,0.0
2016-09-21 00:00:00+02:00,112.6240005493164,113.33999633789062,112.41500091552734,113.33999633789062,0,0.0,0.0
2016-09-22 00:00:00+02:00,113.427001953125,113.8010025024414,111.86699676513672,111.86699676513672,0,0.0,0.0
2016-09-23 00:00:00+02:00,111.68199920654297,112.64399719238281,111.45899963378906,112.18199920654297,0,0.0,0.0
2016-09-26 00:00:00+02:00,111.70500183105469,111.70500183105469,108.24500274658203,108.24500274658203,0,0.0,0.0
2016-09-27 00:00:00+02:00,109.52300262451172,109.63300323486328,108.33699798583984,109.63300323486328,0,0.0,0.0
2016-09-28 00:00:00+02:00,110.74700164794922,111.35600280761719,109.95700073242188,110.302001953125,0,0.0,0.0
2016-09-29 00:00:00+02:00,110.74099731445312,110.7750015258789,109.15899658203125,109.15899658203125,0,0.0,0.0
2016-09-30 00:00:00+02:00,107.98500061035156,108.69599914550781,106.61299896240234,106.78299713134766,0,0.0,0.0
2016-10-04 00:00:00+02:00,107.94000244140625,108.62200164794922,107.87200164794922,108.0530014038086,0,0.0,0.0
2016-10-05 00:00:00+02:00,107.9729995727539,110.33999633789062,107.9729995727539,109.72000122070312,0,0.0,0.0
2016-10-06 00:00:00+02:00,110.08300018310547,110.08300018310547,108.40399932861328,108.6729965209961,0,0.0,0.0
2016-10-07 00:00:00+02:00,108.94300079345703,108.94300079345703,107.96399688720703,108.08000183105469,0,0.0,0.0
2016-10-10 00:00:00+02:00,108.89399719238281,111.94999694824219,108.89399719238281,111.94999694824219,0,0.0,0.0
2016-10-11 00:00:00+02:00,111.197998046875,111.197998046875,108.16899871826172,109.35199737548828,0,0.0,0.0
2016-10-12 00:00:00+02:00,109.85299682617188,109.85299682617188,108.0199966430664,108.0199966430664,0,0.0,0.0
2016-10-13 00:00:00+02:00,107.39199829101562,108.427001953125,106.7249984741211,108.427001953125,0,0.0,0.0
2016-10-14 00:00:00+02:00,108.47100067138672,108.47100067138672,106.95999908447266,106.95999908447266,0,0.0,0.0
2016-10-17 00:00:00+02:00,106.06199645996094,107.0,104.84600067138672,105.99500274658203,50,0.0,0.0
2016-10-18 00:00:00+02:00,106.44300079345703,107.3550033569336,106.44300079345703,107.26300048828125,0,0.0,0.0
2016-10-19 00:00:00+02:00,107.19300079345703,108.4489974975586,107.19300079345703,108.18599700927734,0,0.0,0.0
2016-10-20 00:00:00+02:00,108.38300323486328,110.09100341796875,108.38300323486328,109.9000015258789,0,0.0,0.0
2016-10-21 00:00:00+02:00,110.48999786376953,110.48999786376953,110.04199981689453,110.04199981689453,0,0.0,0.0
2016-10-24 00:00:00+02:00,110.29000091552734,110.70700073242188,108.13899993896484,108.13899993896484,0,0.0,0.0
2016-10-25 00:00:00+02:00,108.20899963378906,109.7040023803711,108.072998046875,108.1449966430664,0,0.0,0.0
2016-10-26 00:00:00+02:00,107.62699890136719,107.62699890136719,106.42400360107422,106.42400360107422,0,0.0,0.0
2016-10-27 00:00:00+02:00,106.18399810791016,108.1760025024414,106.13300323486328,107.64800262451172,0,0.0,0.0
2016-10-28 00:00:00+02:00,107.4000015258789,109.25900268554688,103.54199981689453,103.54199981689453,90,0.0,0.0
2016-10-31 00:00:00+01:00,103.0780029296875,103.0780029296875,98.79100036621094,98.79100036621094,0,0.0,0.0
2016-11-01 00:00:00+01:00,99.05999755859375,99.44499969482422,96.88899993896484,98.24600219726562,0,0.0,0.0
2016-11-02 00:00:00+01:00,97.63700103759766,98.06999969482422,95.43299865722656,95.43299865722656,0,0.0,0.0
2016-11-03 00:00:00+01:00,94.38500213623047,95.44400024414062,85.66400146484375,85.66400146484375,0,0.0,0.0
2016-11-04 00:00:00+01:00,85.99299621582031,92.39399719238281,85.84200286865234,92.39399719238281,0,0.0,0.0
2016-11-07 00:00:00+01:00,93.78500366210938,96.59700012207031,93.59200286865234,95.7509994506836,0,0.0,0.0
2016-11-08 00:00:00+01:00,97.24800109863281,97.51799774169922,94.00900268554688,95.37999725341797,0,0.0,0.0
2016-11-09 00:00:00+01:00,88.9749984741211,90.8499984741211,88.9749984741211,90.8499984741211,0,0.0,0.0
2016-11-10 00:00:00+01:00,102.35600280761719,104.18000030517578,102.08999633789062,103.7699966430664,0,0.0,0.0
2016-11-11 00:00:00+01:00,102.93499755859375,103.72000122070312,102.43499755859375,103.5469970703125,0,0.0,0.0
2016-11-14 00:00:00+01:00,104.2040023803711,104.53199768066406,102.8280029296875,103.91600036621094,0,0.0,0.0
2016-11-15 00:00:00+01:00,103.65399932861328,103.66000366210938,101.80999755859375,101.80999755859375,0,0.0,0.0
2016-11-16 00:00:00+01:00,103.51499938964844,105.58300018310547,103.28500366210938,104.13600158691406,0,0.0,0.0
2016-11-17 00:00:00+01:00,103.18699645996094,103.99400329589844,101.8030014038086,103.99400329589844,0,0.0,0.0
2016-11-18 00:00:00+01:00,102.83200073242188,102.86399841308594,102.83200073242188,102.86399841308594,0,0.0,0.0
2016-11-21 00:00:00+01:00,101.9729995727539,102.572998046875,101.54900360107422,102.572998046875,0,0.0,0.0
2016-11-22 00:00:00+01:00,101.9729995727539,103.4020004272461,101.16200256347656,101.23699951171875,0,0.0,0.0
2016-11-23 00:00:00+01:00,101.20700073242188,104.26699829101562,101.20700073242188,104.16200256347656,0,0.0,0.0
2016-11-24 00:00:00+01:00,104.53700256347656,104.73699951171875,104.16500091552734,104.73699951171875,197,0.0,0.0
2016-11-25 00:00:00+01:00,104.45700073242188,104.45700073242188,103.10900115966797,103.48500061035156,0,0.0,0.0
2016-11-28 00:00:00+01:00,102.9000015258789,103.36699676513672,102.31600189208984,102.31600189208984,0,0.0,0.0
2016-11-29 00:00:00+01:00,100.70099639892578,101.16999816894531,99.1259994506836,99.1259994506836,0,0.0,0.0
2016-11-30 00:00:00+01:00,98.4229965209961,98.4229965209961,96.71800231933594,97.10399627685547,0,0.0,0.0
2016-12-01 00:00:00+01:00,96.30899810791016,96.47599792480469,94.05799865722656,94.05799865722656,0,0.0,0.0
2016-12-02 00:00:00+01:00,93.9209976196289,95.32499694824219,93.7699966430664,94.68699645996094,0,0.0,0.0
2016-12-05 00:00:00+01:00,95.26300048828125,96.4990005493164,92.94400024414062,93.4489974975586,0,0.0,0.0
2016-12-06 00:00:00+01:00,93.55699920654297,94.36199951171875,93.2969970703125,94.36199951171875,0,0.0,0.0
2016-12-07 00:00:00+01:00,95.80599975585938,95.89600372314453,92.4020004272461,92.59600067138672,0,0.0,0.0
2016-12-08 00:00:00+01:00,92.18499755859375,94.71499633789062,91.77400207519531,94.71499633789062,0,0.0,0.0
2016-12-09 00:00:00+01:00,94.7969970703125,97.05699920654297,94.60900115966797,96.48600006103516,0,0.0,0.0
2016-12-12 00:00:00+01:00,95.53399658203125,96.11399841308594,94.55699920654297,95.37300109863281,0,0.0,0.0
2016-12-13 00:00:00+01:00,95.43499755859375,96.50800323486328,95.43499755859375,96.05699920654297,0,0.0,0.0
2016-12-14 00:00:00+01:00,95.72899627685547,96.00199890136719,94.52799987792969,94.52799987792969,0,0.0,0.0
2016-12-15 00:00:00+01:00,98.54299926757812,98.54299926757812,97.66400146484375,98.53399658203125,0,0.0,0.0
2016-12-16 00:00:00+01:00,100.1760025024414,100.51599884033203,99.60399627685547,99.60399627685547,0,0.0,0.0
2016-12-19 00:00:00+01:00,98.64099884033203,102.78399658203125,98.64099884033203,102.78399658203125,0,0.0,0.0
2016-12-20 00:00:00+01:00,102.09100341796875,103.46099853515625,102.09100341796875,103.46099853515625,0,0.0,0.0
2016-12-21 00:00:00+01:00,102.12200164794922,102.68399810791016,102.12200164794922,102.68399810791016,0,0.0,0.0
2016-12-22 00:00:00+01:00,101.86499786376953,101.86499786376953,100.9020004272461,100.9020004272461,0,0.0,0.0
2016-12-23 00:00:00+01:00,101.04499816894531,104.05500030517578,101.04499816894531,104.05500030517578,0,0.0,0.0
2016-12-27 00:00:00+01:00,104.48500061035156,106.48899841308594,104.0260009765625,106.18000030517578,0,0.0,0.0
2016-12-28 00:00:00+01:00,105.97699737548828,105.97699737548828,102.81500244140625,102.81500244140625,0,0.0,0.0
2016-12-29 00:00:00+01:00,102.40599822998047,102.7040023803711,101.26799774169922,101.26799774169922,0,0.0,0.0
2016-12-30 00:00:00+01:00,101.36799621582031,101.36799621582031,101.36799621582031,101.36799621582031,0,0.0,0.0
2017-01-02 00:00:00+01:00,102.3030014038086,102.8499984741211,102.3030014038086,102.8499984741211,0,0.0,0.0
2017-01-03 00:00:00+01:00,103.61499786376953,106.23400115966797,103.53900146484375,103.53900146484375,0,0.0,0.0
2017-01-04 00:00:00+01:00,105.9800033569336,109.6510009765625,105.9800033569336,109.40299987792969,0,0.0,0.0
2017-01-05 00:00:00+01:00,107.90299987792969,108.28099822998047,107.34600067138672,107.34600067138672,0,0.0,0.0
2017-01-06 00:00:00+01:00,107.9739990234375,108.6719970703125,106.85800170898438,108.02899932861328,0,0.0,0.0
2017-01-09 00:00:00+01:00,108.2490005493164,109.05400085449219,107.13999938964844,109.05400085449219,0,0.0,0.0
2017-01-10 00:00:00+01:00,108.46600341796875,108.91699981689453,108.1729965209961,108.49700164794922,0,0.0,0.0
2017-01-11 00:00:00+01:00,108.43000030517578,108.95700073242188,106.32599639892578,106.56400299072266,0,0.0,0.0
2017-01-12 00:00:00+01:00,107.04399871826172,109.58300018310547,106.56800079345703,109.58300018310547,0,0.0,0.0
2017-01-13 00:00:00+01:00,109.32599639892578,110.65699768066406,109.1709976196289,110.32599639892578,0,0.0,0.0
2017-01-16 00:00:00+01:00,108.9020004272461,109.27799987792969,108.9020004272461,109.21800231933594,82,0.0,0.0
2017-01-17 00:00:00+01:00,108.2750015258789,108.2750015258789,105.28199768066406,105.66600036621094,0,0.0,0.0
2017-01-18 00:00:00+01:00,107.37899780273438,119.5,106.90799713134766,118.64299774169922,80,0.0,0.0
2017-01-19 00:00:00+01:00,119.41799926757812,119.4260025024414,116.15399932861328,116.40399932861328,30,0.0,0.0
2017-01-20 00:00:00+01:00,115.4219970703125,116.19300079345703,113.76699829101562,114.3499984741211,0,0.0,0.0
2017-01-23 00:00:00+01:00,113.11399841308594,113.83300018310547,113.11399841308594,113.83300018310547,0,0.0,0.0
2017-01-24 00:00:00+01:00,111.73100280761719,112.1449966430664,111.55000305175781,111.59200286865234,0,0.0,0.0
2017-01-25 00:00:00+01:00,110.97200012207031,111.46600341796875,110.52400207519531,110.8030014038086,0,0.0,0.0
2017-01-26 00:00:00+01:00,111.25399780273438,111.83000183105469,110.60900115966797,111.55799865722656,0,0.0,0.0
2017-01-27 00:00:00+01:00,110.62300109863281,110.81700134277344,110.20500183105469,110.20500183105469,0,0.0,0.0
2017-01-30 00:00:00+01:00,109.5719985961914,110.47899627685547,109.5719985961914,109.87999725341797,0,0.0,0.0
2017-01-31 00:00:00+01:00,109.86000061035156,110.93499755859375,109.86000061035156,110.93499755859375,0,0.0,0.0
2017-02-01 00:00:00+01:00,112.21700286865234,112.9800033569336,112.02200317382812,112.9800033569336,0,0.0,0.0
2017-02-02 00:00:00+01:00,112.072998046875,114.7030029296875,111.52999877929688,113.0780029296875,10,0.0,0.0
2017-02-03 00:00:00+01:00,112.91699981689453,113.88999938964844,112.72100067138672,113.88999938964844,0,0.0,0.0
2017-02-06 00:00:00+01:00,114.18199920654297,114.45800018310547,113.37899780273438,113.37899780273438,0,0.0,0.0
2017-02-07 00:00:00+01:00,115.70600128173828,116.7040023803711,115.20999908447266,115.63800048828125,0,0.0,0.0
2017-02-08 00:00:00+01:00,116.0739974975586,117.37200164794922,115.2040023803711,117.37200164794922,0,0.0,0.0
2017-02-09 00:00:00+01:00,117.79299926757812,119.97599792480469,117.74600219726562,119.97599792480469,0,0.0,0.0
2017-02-10 00:00:00+01:00,119.80999755859375,120.3550033569336,119.5459976196289,120.3550033569336,0,0.0,0.0
2017-02-13 00:00:00+01:00,121.75599670410156,122.80999755859375,121.6510009765625,122.11199951171875,0,0.0,0.0
2017-02-14 00:00:00+01:00,122.6500015258789,123.97799682617188,122.64600372314453,123.18900299072266,0,0.0,0.0
2017-02-15 00:00:00+01:00,125.21600341796875,130.0,125.2020034790039,128.78900146484375,1255,0.0,0.0
2017-02-16 00:00:00+01:00,128.46099853515625,128.46299743652344,124.48899841308594,125.76699829101562,0,0.0,0.0
2017-02-17 00:00:00+01:00,126.02899932861328,127.62300109863281,125.78299713134766,127.33799743652344,0,0.0,0.0
2017-02-20 00:00:00+01:00,128.13600158691406,128.23399353027344,127.89399719238281,128.0959930419922,0,0.0,0.0
2017-02-21 00:00:00+01:00,128.24200439453125,128.89599609375,128.24200439453125,128.89599609375,0,0.0,0.0
2017-02-22 00:00:00+01:00,127.44100189208984,127.68699645996094,126.14600372314453,126.14600372314453,0,0.0,0.0
2017-02-23 00:00:00+01:00,127.66400146484375,128.0449981689453,126.58200073242188,126.58200073242188,0,0.0,0.0
2017-02-24 00:00:00+01:00,126.02799987792969,126.5979995727539,124.72699737548828,126.5979995727539,0,0.0,0.0
2017-02-27 00:00:00+01:00,127.2699966430664,127.2699966430664,125.7979965209961,126.97100067138672,0,0.0,0.0
2017-02-28 00:00:00+01:00,127.31500244140625,127.51300048828125,123.64900207519531,123.64900207519531,0,0.0,0.0
2017-03-01 00:00:00+01:00,124.36199951171875,127.94100189208984,124.36199951171875,125.67500305175781,0,0.0,0.0
2017-03-02 00:00:00+01:00,127.1709976196289,127.1709976196289,126.22799682617188,126.22799682617188,0,0.0,0.0
2017-03-03 00:00:00+01:00,127.37699890136719,128.0,125.90499877929688,125.90499877929688,0,0.0,0.0
2017-03-06 00:00:00+01:00,123.98500061035156,124.43399810791016,122.64299774169922,123.91999816894531,0,0.0,0.0
2017-03-07 00:00:00+01:00,123.96600341796875,123.96600341796875,122.5,123.09100341796875,0,0.0,0.0
2017-03-08 00:00:00+01:00,123.85399627685547,125.03900146484375,122.58499908447266,124.86299896240234,0,0.0,0.0
2017-03-09 00:00:00+01:00,124.73600006103516,124.73600006103516,122.1780014038086,123.80599975585938,0,0.0,0.0
2017-03-10 00:00:00+01:00,124.88700103759766,124.89900207519531,124.05400085449219,124.05400085449219,0,0.0,0.0
2017-03-13 00:00:00+01:00,124.16799926757812,124.91999816894531,123.70800018310547,124.91999816894531,0,0.0,0.0
2017-03-14 00:00:00+01:00,127.47599792480469,127.60299682617188,126.02200317382812,127.60299682617188,0,0.0,0.0
2017-03-15 00:00:00+01:00,127.23200225830078,129.375,127.13600158691406,128.35299682617188,0,0.0,0.0
2017-03-16 00:00:00+01:00,127.76399993896484,128.0330047607422,124.74500274658203,124.74500274658203,0,0.0,0.0
2017-03-17 00:00:00+01:00,124.46700286865234,124.9530029296875,124.04900360107422,124.04900360107422,0,0.0,0.0
2017-03-20 00:00:00+01:00,123.64900207519531,132.4530029296875,123.64900207519531,131.78500366210938,0,0.0,0.0
2017-03-21 00:00:00+01:00,132.1280059814453,132.1280059814453,129.2469940185547,131.56300354003906,0,0.0,0.0
2017-03-22 00:00:00+01:00,130.60299682617188,130.97900390625,128.67799377441406,128.67799377441406,500,0.0,0.0
2017-03-23 00:00:00+01:00,130.2030029296875,130.90899658203125,129.45399475097656,130.90899658203125,0,0.0,0.0
2017-03-24 00:00:00+01:00,130.78500366210938,131.46800231933594,130.22799682617188,131.46800231933594,0,0.0,0.0
2017-03-27 00:00:00+02:00,129.5260009765625,133.8249969482422,128.49600219726562,133.8249969482422,0,0.0,0.0
2017-03-28 00:00:00+02:00,133.61300659179688,133.71099853515625,133.00999450683594,133.06100463867188,0,0.0,0.0
2017-03-29 00:00:00+02:00,133.28700256347656,134.2740020751953,133.28700256347656,134.25599670410156,0,0.0,0.0
2017-03-30 00:00:00+02:00,134.15899658203125,134.36700439453125,134.12100219726562,134.35800170898438,0,0.0,0.0
2017-03-31 00:00:00+02:00,134.75799560546875,134.98899841308594,134.44000244140625,134.54800415039062,0,0.0,0.0
2017-04-03 00:00:00+02:00,134.34100341796875,134.52999877929688,132.49600219726562,132.49600219726562,50,0.0,0.0
2017-04-04 00:00:00+02:00,132.36000061035156,132.65699768066406,131.99899291992188,132.52000427246094,0,0.0,0.0
2017-04-05 00:00:00+02:00,132.57000732421875,132.59800720214844,131.89999389648438,132.13900756835938,0,0.0,0.0
2017-04-06 00:00:00+02:00,137.78399658203125,139.7570037841797,131.8209991455078,139.7570037841797,0,0.0,0.0
2017-04-07 00:00:00+02:00,142.71400451660156,143.26699829101562,142.71400451660156,143.26699829101562,0,0.0,0.0
2017-04-10 00:00:00+02:00,143.36000061035156,147.0240020751953,141.72999572753906,142.66600036621094,24,0.0,0.0
2017-04-11 00:00:00+02:00,142.60499572753906,142.60499572753906,140.84100341796875,140.84100341796875,0,0.0,0.0
2017-04-12 00:00:00+02:00,142.44500732421875,142.5659942626953,141.36599731445312,141.36599731445312,0,0.0,0.0
2017-04-13 00:00:00+02:00,140.8280029296875,142.47999572753906,140.8280029296875,142.47999572753906,0,0.0,0.0
2017-04-18 00:00:00+02:00,143.33999633789062,143.33999633789062,139.61399841308594,139.61399841308594,0,0.0,0.0
2017-04-19 00:00:00+02:00,140.218994140625,140.33599853515625,139.38499450683594,139.66000366210938,0,0.0,0.0
2017-04-20 00:00:00+02:00,139.52499389648438,140.3159942626953,138.9929962158203,140.3159942626953,0,0.0,0.0
2017-04-21 00:00:00+02:00,142.22000122070312,142.406005859375,140.26100158691406,140.70599365234375,0,0.0,0.0
2017-04-24 00:00:00+02:00,138.89300537109375,140.76699829101562,137.68600463867188,140.76699829101562,0,0.0,0.0
2017-04-25 00:00:00+02:00,140.46200561523438,140.58599853515625,139.18899536132812,139.69400024414062,0,0.0,0.0
2017-04-26 00:00:00+02:00,139.802001953125,142.78900146484375,139.802001953125,142.52999877929688,0,0.0,0.0
2017-04-27 00:00:00+02:00,142.94000244140625,146.82899475097656,142.8350067138672,146.82000732421875,0,0.0,0.0
2017-04-28 00:00:00+02:00,147.2949981689453,147.2949981689453,144.07699584960938,144.07699584960938,0,0.0,0.0
2017-05-02 00:00:00+02:00,145.3280029296875,145.66400146484375,144.3719940185547,144.9080047607422,0,0.0,0.0
2017-05-03 00:00:00+02:00,144.40699768066406,144.40699768066406,143.46299743652344,143.46299743652344,0,0.0,0.0
2017-05-04 00:00:00+02:00,143.552001953125,143.7899932861328,141.97500610351562,141.97500610351562,0,0.0,0.0
2017-05-05 00:00:00+02:00,142.1719970703125,142.8000030517578,140.90499877929688,142.8000030517578,0,0.0,0.0
2017-05-08 00:00:00+02:00,142.94700622558594,143.3509979248047,140.66900634765625,141.42599487304688,0,0.0,0.0
2017-05-09 00:00:00+02:00,141.68499755859375,144.84300231933594,141.68499755859375,143.8800048828125,0,0.0,0.0
2017-05-10 00:00:00+02:00,143.53799438476562,143.53799438476562,141.12899780273438,142.5679931640625,0,0.0,0.0
2017-05-11 00:00:00+02:00,143.53799438476562,143.53799438476562,140.53199768066406,141.3419952392578,0,0.0,0.0
2017-05-12 00:00:00+02:00,140.947998046875,140.947998046875,138.29100036621094,138.29100036621094,0,0.0,0.0
2017-05-15 00:00:00+02:00,138.97799682617188,141.1750030517578,138.97799682617188,140.44000244140625,0,0.0,0.0
2017-05-16 00:00:00+02:00,141.0,141.0,135.0850067138672,135.0850067138672,40,0.0,0.0
2017-05-17 00:00:00+02:00,134.51100158691406,134.51100158691406,131.36099243164062,131.677001953125,0,0.0,0.0
2017-05-18 00:00:00+02:00,131.36700439453125,132.0229949951172,131.14700317382812,132.0229949951172,0,0.0,0.0
2017-05-19 00:00:00+02:00,132.5570068359375,132.5570068359375,131.71299743652344,131.71299743652344,0,0.0,0.0
2017-05-22 00:00:00+02:00,131.58599853515625,132.78799438476562,131.5019989013672,132.78799438476562,0,0.0,0.0
2017-05-23 00:00:00+02:00,133.47300720214844,133.74600219726562,132.42799377441406,132.67300415039062,0,0.0,0.0
2017-05-24 00:00:00+02:00,133.16600036621094,133.16600036621094,131.83900451660156,132.49099731445312,0,0.0,0.0
2017-05-25 00:00:00+02:00,131.906005859375,133.55599975585938,131.906005859375,133.55599975585938,0,0.0,0.0
2017-05-26 00:00:00+02:00,134.10400390625,135.2740020751953,133.78700256347656,133.78700256347656,0,0.0,0.0
2017-05-29 00:00:00+02:00,133.5760040283203,133.5760040283203,133.44500732421875,133.56399536132812,0,0.0,0.0
2017-05-30 00:00:00+02:00,134.18899536132812,134.18899536132812,131.76600646972656,131.76600646972656,0,0.0,0.0
2017-05-31 00:00:00+02:00,130.99600219726562,130.99600219726562,128.0760040283203,128.0760040283203,0,0.0,0.0
2017-06-01 00:00:00+02:00,127.9469985961914,131.48399353027344,127.9469985961914,131.48399353027344,0,0.0,0.0
2017-06-02 00:00:00+02:00,131.5189971923828,131.5189971923828,130.96499633789062,130.96499633789062,0,0.0,0.0
2017-06-05 00:00:00+02:00,130.96499633789062,130.96499633789062,130.96499633789062,130.96499633789062,0,0.0,0.0
2017-06-06 00:00:00+02:00,129.19200134277344,129.45599365234375,127.52300262451172,127.52300262451172,0,0.0,0.0
2017-06-07 00:00:00+02:00,128.84300231933594,132.82699584960938,128.84300231933594,132.82699584960938,0,0.0,0.0
2017-06-08 00:00:00+02:00,132.97000122070312,133.97500610351562,132.97000122070312,133.97500610351562,0,0.0,0.0
2017-06-09 00:00:00+02:00,136.1479949951172,137.72900390625,136.1479949951172,137.72900390625,0,0.0,0.0
2017-06-12 00:00:00+02:00,136.45799255371094,136.50599670410156,131.75399780273438,131.75399780273438,0,0.0,0.0
2017-06-13 00:00:00+02:00,131.8300018310547,131.8300018310547,129.86900329589844,130.56900024414062,0,0.0,0.0
2017-06-14 00:00:00+02:00,131.71299743652344,132.80799865722656,131.68899536132812,132.80799865722656,0,0.0,0.0
2017-06-15 00:00:00+02:00,133.21600341796875,134.06399536132812,133.04800415039062,133.04800415039062,0,0.0,0.0
2017-06-16 00:00:00+02:00,132.97500610351562,132.97500610351562,132.1840057373047,132.32200622558594,0,0.0,0.0
2017-06-19 00:00:00+02:00,132.35400390625,133.81100463867188,132.2239990234375,133.81100463867188,0,0.0,0.0
2017-06-20 00:00:00+02:00,133.69900512695312,136.74099731445312,132.1230010986328,136.1739959716797,0,0.0,0.0
2017-06-21 00:00:00+02:00,135.09800720214844,137.68899536132812,134.85499572753906,136.3280029296875,0,0.0,0.0
2017-06-22 00:00:00+02:00,136.30799865722656,141.1300048828125,136.30799865722656,141.12899780273438,279,0.0,0.0
2017-06-23 00:00:00+02:00,141.06300354003906,141.06300354003906,138.67300415039062,138.67300415039062,0,0.0,0.0
2017-06-26 00:00:00+02:00,140.12600708007812,140.12600708007812,140.0030059814453,140.0030059814453,0,0.0,0.0
2017-06-27 00:00:00+02:00,140.03900146484375,140.18899536132812,137.32400512695312,137.32400512695312,0,0.0,0.0
2017-06-28 00:00:00+02:00,134.63400268554688,135.11900329589844,134.4669952392578,134.4669952392578,0,0.0,0.0
2017-06-29 00:00:00+02:00,134.41900634765625,134.41900634765625,133.2899932861328,133.2899932861328,0,0.0,0.0
2017-06-30 00:00:00+02:00,134.62899780273438,134.947998046875,134.62899780273438,134.8000030517578,0,0.0,0.0
2017-07-03 00:00:00+02:00,134.61300659179688,136.36300659179688,134.61300659179688,136.0070037841797,0,0.0,0.0
2017-07-04 00:00:00+02:00,136.47500610351562,136.53500366210938,136.41400146484375,136.51100158691406,0,0.0,0.0
2017-07-05 00:00:00+02:00,136.41400146484375,137.01300048828125,135.8520050048828,135.8520050048828,0,0.0,0.0
2017-07-06 00:00:00+02:00,135.70899963378906,135.70899963378906,133.5780029296875,133.92100524902344,0,0.0,0.0
2017-07-07 00:00:00+02:00,133.36399841308594,134.5019989013672,132.55999755859375,133.64700317382812,0,0.0,0.0
2017-07-10 00:00:00+02:00,133.68699645996094,133.88699340820312,133.57200622558594,133.57200622558594,0,0.0,0.0
2017-07-11 00:00:00+02:00,132.88800048828125,132.88800048828125,131.0229949951172,132.13999938964844,0,0.0,0.0
2017-07-12 00:00:00+02:00,131.56700134277344,131.88900756835938,131.56700134277344,131.82000732421875,0,0.0,0.0
2017-07-13 00:00:00+02:00,134.48199462890625,135.3470001220703,134.39700317382812,134.39700317382812,0,0.0,0.0
2017-07-14 00:00:00+02:00,134.4010009765625,134.4010009765625,134.0189971923828,134.0189971923828,0,0.0,0.0
2017-07-17 00:00:00+02:00,133.17100524902344,133.56199645996094,133.06900024414062,133.56199645996094,0,0.0,0.0
2017-07-18 00:00:00+02:00,133.15199279785156,133.19200134277344,133.15199279785156,133.19200134277344,0,0.0,0.0
2017-07-19 00:00:00+02:00,133.53599548339844,133.64199829101562,133.43699645996094,133.61599731445312,0,0.0,0.0
2017-07-20 00:00:00+02:00,133.86300659179688,136.0449981689453,133.86300659179688,136.0449981689453,0,0.0,0.0
2017-07-21 00:00:00+02:00,135.64999389648438,135.66299438476562,134.84500122070312,135.6320037841797,0,0.0,0.0
2017-07-24 00:00:00+02:00,136.1510009765625,137.51699829101562,136.04800415039062,136.04800415039062,0,0.0,0.0
2017-07-25 00:00:00+02:00,136.1790008544922,136.42999267578125,135.0540008544922,135.6199951171875,0,0.0,0.0
2017-07-26 00:00:00+02:00,136.76199340820312,137.09100341796875,136.656005859375,136.656005859375,0,0.0,0.0
2017-07-27 00:00:00+02:00,136.18499755859375,136.44700622558594,133.23699951171875,133.23699951171875,0,0.0,0.0
2017-07-28 00:00:00+02:00,133.47300720214844,133.52999877929688,131.56199645996094,131.56199645996094,0,0.0,0.0
2017-07-31 00:00:00+02:00,131.83200073242188,132.2220001220703,128.71600341796875,128.71600341796875,0,0.0,0.0
2017-08-01 00:00:00+02:00,128.65199279785156,128.85699462890625,125.2020034790039,125.72100067138672,0,0.0,0.0
2017-08-02 00:00:00+02:00,126.14600372314453,126.14600372314453,124.14099884033203,125.3219985961914,0,0.0,0.0
2017-08-03 00:00:00+02:00,125.21700286865234,128.7519989013672,125.08499908447266,128.7519989013672,0,0.0,0.0
2017-08-04 00:00:00+02:00,128.39700317382812,130.5590057373047,128.39700317382812,130.54299926757812,0,0.0,0.0
2017-08-07 00:00:00+02:00,130.5749969482422,131.3419952392578,129.12100219726562,130.50999450683594,0,0.0,0.0
2017-08-08 00:00:00+02:00,130.0019989013672,130.8560028076172,130.0019989013672,130.60800170898438,0,0.0,0.0
2017-08-09 00:00:00+02:00,121.19999694824219,123.0,120.6729965209961,121.14399719238281,169,0.0,0.0
2017-08-10 00:00:00+02:00,120.0739974975586,121.98699951171875,120.0739974975586,121.66999816894531,0,0.0,0.0
2017-08-11 00:00:00+02:00,120.65699768066406,120.82499694824219,119.37100219726562,119.37100219726562,0,0.0,0.0
2017-08-14 00:00:00+02:00,119.86000061035156,120.38500213623047,119.6780014038086,119.6780014038086,0,0.0,0.0
2017-08-15 00:00:00+02:00,121.24500274658203,122.90799713134766,121.18900299072266,122.90799713134766,0,0.0,0.0
2017-08-16 00:00:00+02:00,123.38200378417969,124.0469970703125,123.38200378417969,123.6520004272461,0,0.0,0.0
2017-08-17 00:00:00+02:00,123.48799896240234,124.27799987792969,122.8550033569336,122.8550033569336,0,0.0,0.0
2017-08-18 00:00:00+02:00,120.5260009765625,120.53299713134766,117.80899810791016,120.53299713134766,0,0.0,0.0
2017-08-21 00:00:00+02:00,121.4540023803711,121.4540023803711,119.83300018310547,119.83300018310547,0,0.0,0.0
2017-08-22 00:00:00+02:00,119.76499938964844,120.25399780273438,119.3290023803711,119.3290023803711,0,0.0,0.0
2017-08-23 00:00:00+02:00,123.15499877929688,123.15499877929688,121.04499816894531,121.04499816894531,0,0.0,0.0
2017-08-24 00:00:00+02:00,122.3949966430664,123.47899627685547,122.3949966430664,123.47899627685547,0,0.0,0.0
2017-08-25 00:00:00+02:00,124.6050033569336,124.69000244140625,122.60600280761719,122.60600280761719,0,0.0,0.0
2017-08-28 00:00:00+02:00,120.66999816894531,121.02300262451172,120.63899993896484,121.02300262451172,0,0.0,0.0
2017-08-29 00:00:00+02:00,119.78600311279297,120.1240005493164,118.49299621582031,120.1240005493164,0,0.0,0.0
2017-08-30 00:00:00+02:00,120.68099975585938,121.1449966430664,120.59600067138672,121.1449966430664,0,0.0,0.0
2017-08-31 00:00:00+02:00,121.375,121.375,121.2020034790039,121.2020034790039,0,0.0,0.0
2017-09-01 00:00:00+02:00,124.06500244140625,124.30999755859375,122.75,122.75,0,0.0,0.0
2017-09-04 00:00:00+02:00,121.84500122070312,122.15899658203125,121.84500122070312,122.15899658203125,0,0.0,0.0
2017-09-05 00:00:00+02:00,122.06700134277344,122.55599975585938,121.36199951171875,121.64199829101562,0,0.0,0.0
2017-09-06 00:00:00+02:00,122.42500305175781,122.46499633789062,121.90699768066406,122.14199829101562,0,0.0,0.0
2017-09-07 00:00:00+02:00,122.85199737548828,124.06600189208984,120.62100219726562,124.06600189208984,0,0.0,0.0
2017-09-08 00:00:00+02:00,123.05999755859375,125.18599700927734,122.5979995727539,124.9000015258789,0,0.0,0.0
2017-09-11 00:00:00+02:00,125.94200134277344,126.44400024414062,125.93599700927734,126.44400024414062,0,0.0,0.0
2017-09-12 00:00:00+02:00,126.55999755859375,126.6729965209961,126.52100372314453,126.6729965209961,0,0.0,0.0
2017-09-13 00:00:00+02:00,128.00399780273438,128.00399780273438,127.5479965209961,127.5479965209961,0,0.0,0.0
2017-09-14 00:00:00+02:00,126.88200378417969,126.88200378417969,126.15699768066406,126.15699768066406,0,0.0,0.0
2017-09-15 00:00:00+02:00,124.78500366210938,124.78500366210938,122.81700134277344,124.56900024414062,0,0.0,0.0
2017-09-18 00:00:00+02:00,125.43000030517578,126.49700164794922,125.43000030517578,125.62100219726562,0,0.0,0.0
2017-09-19 00:00:00+02:00,125.83699798583984,125.83699798583984,125.12899780273438,125.14700317382812,0,0.0,0.0
2017-09-20 00:00:00+02:00,124.31199645996094,124.43599700927734,121.53299713134766,121.53299713134766,0,0.0,0.0
2017-09-21 00:00:00+02:00,122.81099700927734,122.81099700927734,122.70099639892578,122.73699951171875,0,0.0,0.0
2017-09-22 00:00:00+02:00,121.71700286865234,122.197998046875,121.5510025024414,121.7229995727539,0,0.0,0.0
2017-09-25 00:00:00+02:00,122.31300354003906,122.50900268554688,122.13800048828125,122.13800048828125,0,0.0,0.0
2017-09-26 00:00:00+02:00,124.75399780273438,125.61699676513672,124.64700317382812,125.61699676513672,0,0.0,0.0
2017-09-27 00:00:00+02:00,124.48100280761719,125.6259994506836,124.48100280761719,124.83499908447266,0,0.0,0.0
2017-09-28 00:00:00+02:00,125.68299865722656,125.68299865722656,123.75399780273438,123.75399780273438,0,0.0,0.0
2017-09-29 00:00:00+02:00,124.2229995727539,124.2229995727539,123.18000030517578,123.34100341796875,0,0.0,0.0
2017-10-02 00:00:00+02:00,123.01499938964844,125.43499755859375,123.01499938964844,125.39299774169922,0,0.0,0.0
2017-10-03 00:00:00+02:00,125.39299774169922,125.39299774169922,125.39299774169922,125.39299774169922,0,0.0,0.0
2017-10-04 00:00:00+02:00,125.447998046875,126.26899719238281,125.447998046875,126.26899719238281,0,0.0,0.0
2017-10-05 00:00:00+02:00,126.3489990234375,126.76599884033203,125.10700225830078,126.01300048828125,0,0.0,0.0
2017-10-06 00:00:00+02:00,125.9540023803711,126.3479995727539,124.14900207519531,124.14900207519531,0,0.0,0.0
2017-10-09 00:00:00+02:00,123.31800079345703,123.53199768066406,123.31800079345703,123.53199768066406,0,0.0,0.0
2017-10-10 00:00:00+02:00,122.07599639892578,122.14399719238281,120.1500015258789,120.36900329589844,0,0.0,0.0
2017-10-11 00:00:00+02:00,119.9729995727539,119.9729995727539,118.70800018310547,119.41699981689453,0,0.0,0.0
2017-10-12 00:00:00+02:00,118.3489990234375,119.6449966430664,118.3489990234375,118.49299621582031,0,0.0,0.0
2017-10-13 00:00:00+02:00,118.13700103759766,118.27100372314453,116.30799865722656,116.51300048828125,0,0.0,0.0
2017-10-16 00:00:00+02:00,118.62000274658203,118.63400268554688,117.92400360107422,117.98799896240234,0,0.0,0.0
2017-10-17 00:00:00+02:00,118.52999877929688,118.52999877929688,117.54299926757812,117.54299926757812,0,0.0,0.0
2017-10-18 00:00:00+02:00,117.93099975585938,118.50800323486328,117.35800170898438,117.35800170898438,0,0.0,0.0
2017-10-19 00:00:00+02:00,117.54499816894531,118.07499694824219,116.68900299072266,118.07499694824219,0,0.0,0.0
2017-10-20 00:00:00+02:00,121.61100006103516,121.7040023803711,121.38500213623047,121.48300170898438,0,0.0,0.0
2017-10-23 00:00:00+02:00,120.91999816894531,121.03399658203125,118.39900207519531,118.39900207519531,0,0.0,0.0
2017-10-24 00:00:00+02:00,117.91200256347656,118.21600341796875,117.83599853515625,118.2040023803711,0,0.0,0.0
2017-10-25 00:00:00+02:00,118.85399627685547,118.9260025024414,116.83399963378906,116.83399963378906,0,0.0,0.0
2017-10-26 00:00:00+02:00,117.27200317382812,118.3949966430664,116.47799682617188,118.29900360107422,0,0.0,0.0
2017-10-27 00:00:00+02:00,117.7969970703125,117.7969970703125,114.0260009765625,114.0260009765625,0,0.0,0.0
2017-10-30 00:00:00+01:00,113.6729965209961,114.95099639892578,113.38500213623047,114.95099639892578,0,0.0,0.0
2017-10-31 00:00:00+01:00,114.95099639892578,114.95099639892578,114.95099639892578,114.95099639892578,0,0.0,0.0
2017-11-01 00:00:00+01:00,120.57099914550781,120.62000274658203,120.57099914550781,120.62000274658203,0,0.0,0.0
2017-11-02 00:00:00+01:00,119.4749984741211,119.74299621582031,118.91999816894531,119.11900329589844,0,0.0,0.0
2017-11-03 00:00:00+01:00,116.1760025024414,117.0530014038086,115.9739990234375,117.0530014038086,0,0.0,0.0
2017-11-06 00:00:00+01:00,117.02899932861328,118.08599853515625,117.01599884033203,117.97100067138672,0,0.0,0.0
2017-11-07 00:00:00+01:00,119.54299926757812,119.73899841308594,117.447998046875,117.447998046875,0,0.0,0.0
2017-11-08 00:00:00+01:00,111.96399688720703,120.052001953125,111.91300201416016,115.0459976196289,0,0.0,0.0
2017-11-09 00:00:00+01:00,115.87000274658203,115.87000274658203,114.14900207519531,114.14900207519531,0,0.0,0.0
2017-11-10 00:00:00+01:00,114.68599700927734,116.66000366210938,113.38800048828125,116.66000366210938,0,0.0,0.0
2017-11-13 00:00:00+01:00,117.64900207519531,117.64900207519531,115.69300079345703,115.69300079345703,0,0.0,0.0
2017-11-14 00:00:00+01:00,115.322998046875,115.322998046875,112.33200073242188,113.95500183105469,0,0.0,0.0
2017-11-15 00:00:00+01:00,111.7770004272461,111.7770004272461,110.46499633789062,111.29100036621094,0,0.0,0.0
2017-11-16 00:00:00+01:00,112.86000061035156,112.86000061035156,111.94400024414062,111.98200225830078,0,0.0,0.0
2017-11-17 00:00:00+01:00,111.5270004272461,112.0979995727539,111.36499786376953,111.5270004272461,0,0.0,0.0
2017-11-20 00:00:00+01:00,112.1760025024414,113.5009994506836,112.15799713134766,113.5009994506836,0,0.0,0.0
2017-11-21 00:00:00+01:00,114.61299896240234,115.27100372314453,114.61299896240234,115.27100372314453,0,0.0,0.0
2017-11-22 00:00:00+01:00,115.36199951171875,115.86000061035156,115.25800323486328,115.73799896240234,0,0.0,0.0
2017-11-23 00:00:00+01:00,115.19599914550781,115.19599914550781,115.14800262451172,115.14800262451172,0,0.0,0.0
2017-11-24 00:00:00+01:00,115.11799621582031,115.11799621582031,114.72699737548828,114.72699737548828,0,0.0,0.0
2017-11-27 00:00:00+01:00,114.72799682617188,114.72799682617188,114.46099853515625,114.46099853515625,0,0.0,0.0
2017-11-28 00:00:00+01:00,114.71199798583984,114.93599700927734,113.76899719238281,114.93599700927734,0,0.0,0.0
2017-11-29 00:00:00+01:00,116.26799774169922,116.552001953125,116.26799774169922,116.552001953125,0,0.0,0.0
2017-11-30 00:00:00+01:00,114.7040023803711,115.39900207519531,114.7040023803711,114.98400115966797,0,0.0,0.0
2017-12-01 00:00:00+01:00,115.58300018310547,116.40399932861328,115.52999877929688,116.40399932861328,0,0.0,0.0
2017-12-04 00:00:00+01:00,115.9469985961914,116.0719985961914,113.84400177001953,114.83000183105469,0,0.0,0.0
2017-12-05 00:00:00+01:00,113.97100067138672,114.0250015258789,111.56999969482422,113.6510009765625,0,0.0,0.0
2017-12-06 00:00:00+01:00,113.09500122070312,113.09500122070312,111.71499633789062,111.71499633789062,0,0.0,0.0
2017-12-07 00:00:00+01:00,112.19499969482422,112.83799743652344,112.19200134277344,112.83799743652344,0,0.0,0.0
2017-12-08 00:00:00+01:00,113.61399841308594,115.66600036621094,113.61399841308594,115.66600036621094,0,0.0,0.0
2017-12-11 00:00:00+01:00,116.63999938964844,117.552001953125,115.38800048828125,117.552001953125,0,0.0,0.0
2017-12-12 00:00:00+01:00,117.42900085449219,117.80000305175781,117.37899780273438,117.80000305175781,0,0.0,0.0
2017-12-13 00:00:00+01:00,117.94999694824219,117.94999694824219,117.94999694824219,117.94999694824219,0,0.0,0.0
2017-12-14 00:00:00+01:00,117.75599670410156,117.75599670410156,113.77100372314453,113.77100372314453,0,0.0,0.0
2017-12-15 00:00:00+01:00,113.83300018310547,113.89900207519531,113.83300018310547,113.89900207519531,0,0.0,0.0
2017-12-18 00:00:00+01:00,113.7490005493164,113.7490005493164,113.1449966430664,113.1449966430664,0,0.0,0.0
2017-12-19 00:00:00+01:00,112.31500244140625,112.73799896240234,111.85800170898438,111.85800170898438,0,0.0,0.0
2017-12-20 00:00:00+01:00,111.802001953125,111.81900024414062,108.59700012207031,108.86299896240234,0,0.0,0.0
2017-12-21 00:00:00+01:00,108.9489974975586,109.27799987792969,108.9489974975586,109.21700286865234,0,0.0,0.0
2017-12-22 00:00:00+01:00,111.30500030517578,111.30500030517578,110.4280014038086,110.4280014038086,0,0.0,0.0
2017-12-27 00:00:00+01:00,112.50900268554688,112.65399932861328,112.15299987792969,112.2020034790039,0,0.0,0.0
2017-12-28 00:00:00+01:00,111.86299896240234,111.87799835205078,111.6520004272461,111.6520004272461,0,0.0,0.0
2017-12-29 00:00:00+01:00,112.79900360107422,112.79900360107422,112.45099639892578,112.45099639892578,0,0.0,0.0
2018-01-02 00:00:00+01:00,110.49299621582031,112.50700378417969,110.29100036621094,111.56300354003906,0,0.0,0.0
2018-01-03 00:00:00+01:00,112.0,114.0,112.0,114.0,0,0.0,0.0
2018-01-04 00:00:00+01:00,114.0,114.0,111.0,111.0,0,0.0,0.0
2018-01-05 00:00:00+01:00,112.0,112.0,111.0,111.0,0,0.0,0.0
2018-01-08 00:00:00+01:00,111.0,111.0,110.0,110.0,0,0.0,0.0
2018-01-09 00:00:00+01:00,112.0,114.0,112.0,114.0,0,0.0,0.0
2018-01-10 00:00:00+01:00,118.0,118.0,117.0,117.0,0,0.0,0.0
2018-01-11 00:00:00+01:00,117.0,117.0,116.0,116.0,0,0.0,0.0
2018-01-12 00:00:00+01:00,121.0,121.0,121.0,121.0,0,0.0,0.0
2018-01-15 00:00:00+01:00,121.0,121.0,120.0,120.0,0,0.0,0.0
2018-01-16 00:00:00+01:00,121.0,123.0,121.0,121.0,0,0.0,0.0
2018-01-17 00:00:00+01:00,120.0,122.0,120.0,121.0,0,0.0,0.0
2018-01-18 00:00:00+01:00,121.0,121.0,120.0,121.0,0,0.0,0.0
2018-01-19 00:00:00+01:00,120.0,121.0,119.0,120.0,0,0.0,0.0
2018-01-22 00:00:00+01:00,120.0,123.0,119.0,122.0,0,0.0,0.0
2018-01-23 00:00:00+01:00,122.0,124.0,122.0,124.0,0,0.0,0.0
2018-01-24 00:00:00+01:00,122.0,123.0,121.0,122.0,0,0.0,0.0
2018-01-25 00:00:00+01:00,121.0,121.0,121.0,121.0,0,0.0,0.0
2018-01-26 00:00:00+01:00,121.0,123.0,121.0,123.0,0,0.0,0.0
2018-01-29 00:00:00+01:00,123.0,126.0,123.0,126.0,0,0.0,0.0
2018-01-30 00:00:00+01:00,124.0,124.0,121.0,121.0,0,0.0,0.0
2018-01-31 00:00:00+01:00,118.0,120.0,117.0,118.0,0,0.0,0.0
2018-02-01 00:00:00+01:00,116.0,117.0,115.0,117.0,0,0.0,0.0
2018-02-02 00:00:00+01:00,115.0,116.0,115.0,116.0,0,0.0,0.0
2018-02-05 00:00:00+01:00,114.0,115.0,113.0,113.0,0,0.0,0.0
2018-02-06 00:00:00+01:00,111.0,115.0,110.0,115.0,0,0.0,0.0
2018-02-07 00:00:00+01:00,113.0,116.0,113.0,116.0,0,0.0,0.0
2018-02-08 00:00:00+01:00,115.0,116.0,112.0,114.0,0,0.0,0.0
2018-02-09 00:00:00+01:00,111.0,113.0,110.0,112.0,0,0.0,0.0
2018-02-12 00:00:00+01:00,112.0,114.0,112.0,114.0,0,0.0,0.0
2018-02-13 00:00:00+01:00,112.0,113.0,111.0,113.0,0,0.0,0.0
2018-02-14 00:00:00+01:00,112.0,115.0,112.0,115.0,0,0.0,0.0
2018-02-15 00:00:00+01:00,115.0,116.0,114.0,114.0,0,0.0,0.0
2018-02-16 00:00:00+01:00,113.0,116.0,113.0,116.0,0,0.0,0.0
2018-02-19 00:00:00+01:00,115.0,116.0,115.0,116.0,0,0.0,0.0
2018-02-20 00:00:00+01:00,116.0,117.0,116.0,117.0,0,0.0,0.0
2018-02-21 00:00:00+01:00,115.0,118.0,115.0,118.0,0,0.0,0.0
2018-02-22 00:00:00+01:00,117.0,117.0,116.0,116.0,0,0.0,0.0
2018-02-23 00:00:00+01:00,116.0,118.0,116.0,117.0,0,0.0,0.0
2018-02-26 00:00:00+01:00,118.0,119.0,118.0,119.0,0,0.0,0.0
2018-02-27 00:00:00+01:00,118.0,119.0,117.0,117.0,0,0.0,0.0
2018-02-28 00:00:00+01:00,113.0,114.0,113.0,114.0,0,0.0,0.0
2018-03-01 00:00:00+01:00,117.0,117.0,117.0,117.0,0,0.0,0.0
2018-03-02 00:00:00+01:00,113.0,114.0,112.0,114.0,0,0.0,0.0
2018-03-05 00:00:00+01:00,113.0,116.0,113.0,115.0,0,0.0,0.0
2018-03-06 00:00:00+01:00,114.0,115.0,114.0,115.0,0,0.0,0.0
2018-03-07 00:00:00+01:00,113.0,116.0,113.0,116.0,0,0.0,0.0
2018-03-08 00:00:00+01:00,115.0,119.0,115.0,119.0,0,0.0,0.0
2018-03-09 00:00:00+01:00,118.0,123.0,118.0,123.0,0,0.0,0.0
2018-03-12 00:00:00+01:00,122.0,123.0,122.0,123.0,0,0.0,0.0
2018-03-13 00:00:00+01:00,123.0,125.0,123.0,123.0,0,0.0,0.0
2018-03-14 00:00:00+01:00,120.0,122.0,120.0,121.0,0,0.0,0.0
2018-03-15 00:00:00+01:00,120.0,121.0,120.0,121.0,0,0.0,0.0
2018-03-16 00:00:00+01:00,119.0,123.0,119.0,121.0,0,0.0,0.0
2018-03-19 00:00:00+01:00,125.0,128.0,125.0,126.0,0,0.0,0.0
2018-03-20 00:00:00+01:00,125.0,125.0,125.0,125.0,0,0.0,0.0
2018-03-21 00:00:00+01:00,124.0,126.0,124.0,126.0,0,0.0,0.0
2018-03-22 00:00:00+01:00,122.0,123.0,122.0,122.0,0,0.0,0.0
2018-03-23 00:00:00+01:00,120.0,122.0,120.0,121.0,0,0.0,0.0
2018-03-26 00:00:00+02:00,118.0,120.0,117.0,120.0,0,0.0,0.0
2018-03-27 00:00:00+02:00,119.0,121.0,119.0,120.0,0,0.0,0.0
2018-03-28 00:00:00+02:00,116.0,120.0,116.0,120.0,0,0.0,0.0
2018-03-29 00:00:00+02:00,118.0,121.0,118.0,121.0,0,0.0,0.0
2018-04-03 00:00:00+02:00,117.0,119.0,117.0,119.0,0,0.0,0.0
2018-04-04 00:00:00+02:00,118.0,118.0,118.0,118.0,0,0.0,0.0
2018-04-05 00:00:00+02:00,120.0,120.0,120.0,120.0,0,0.0,0.0
2018-04-06 00:00:00+02:00,121.0,123.0,121.0,123.0,0,0.0,0.0
2018-04-09 00:00:00+02:00,120.0,122.0,120.0,122.0,0,0.0,0.0
2018-04-10 00:00:00+02:00,120.0,125.0,120.0,124.0,0,0.0,0.0
2018-04-11 00:00:00+02:00,124.0,125.0,124.0,125.0,0,0.0,0.0
2018-04-12 00:00:00+02:00,123.0,126.0,123.0,126.0,0,0.0,0.0
2018-04-13 00:00:00+02:00,125.0,126.0,125.0,125.0,0,0.0,0.0
2018-04-16 00:00:00+02:00,124.0,125.0,124.0,125.0,0,0.0,0.0
2018-04-17 00:00:00+02:00,125.0,127.0,124.0,127.0,0,0.0,0.0
2018-04-18 00:00:00+02:00,125.0,127.0,125.0,127.0,0,0.0,0.0
2018-04-19 00:00:00+02:00,126.0,127.0,125.0,126.0,0,0.0,0.0
2018-04-20 00:00:00+02:00,127.0,128.0,126.0,127.0,0,0.0,0.0
2018-04-23 00:00:00+02:00,127.0,128.0,127.0,127.0,0,0.0,0.0
2018-04-24 00:00:00+02:00,126.0,127.0,125.0,125.0,0,0.0,0.0
2018-04-25 00:00:00+02:00,124.0,125.0,124.0,125.0,0,0.0,0.0
2018-04-26 00:00:00+02:00,125.0,127.0,125.0,127.0,0,0.0,0.0
2018-04-27 00:00:00+02:00,125.0,127.0,125.0,126.0,0,0.0,0.0
2018-04-30 00:00:00+02:00,125.0,128.0,125.0,126.0,0,0.0,0.0
2018-05-02 00:00:00+02:00,127.0,128.0,126.0,126.0,0,0.0,0.0
2018-05-03 00:00:00+02:00,124.0,125.0,122.0,122.0,0,0.0,0.0
2018-05-04 00:00:00+02:00,122.0,123.0,121.0,122.0,0,0.0,0.0
2018-05-07 00:00:00+02:00,122.0,123.0,122.0,122.0,0,0.0,0.0
2018-05-08 00:00:00+02:00,121.0,124.0,121.0,122.0,0,0.0,0.0
2018-05-09 00:00:00+02:00,122.0,123.0,122.0,123.0,0,0.0,0.0
2018-05-10 00:00:00+02:00,130.0,132.0,129.0,132.0,0,0.0,0.0
2018-05-11 00:00:00+02:00,133.0,136.0,133.0,136.0,0,0.0,0.0
2018-05-14 00:00:00+02:00,136.0,139.0,136.0,139.0,100,0.0,0.0
2018-05-15 00:00:00+02:00,137.0,138.0,137.0,137.0,0,0.0,0.0
2018-05-16 00:00:00+02:00,135.0,137.0,135.0,137.0,0,0.0,0.0
2018-05-17 00:00:00+02:00,134.0,134.0,134.0,134.0,0,0.0,0.0
2018-05-18 00:00:00+02:00,138.0,138.0,138.0,138.0,0,0.0,0.0
2018-05-21 00:00:00+02:00,138.0,138.0,138.0,138.0,0,0.0,0.0
2018-05-22 00:00:00+02:00,139.0,141.0,139.0,141.0,0,0.0,0.0
2018-05-23 00:00:00+02:00,140.0,142.0,139.0,141.0,0,0.0,0.0
2018-05-24 00:00:00+02:00,138.0,139.0,138.0,139.0,0,0.0,0.0
2018-05-25 00:00:00+02:00,138.0,140.0,138.0,140.0,0,0.0,0.0
2018-05-28 00:00:00+02:00,139.0,140.0,139.0,140.0,0,0.0,0.0
2018-05-29 00:00:00+02:00,140.0,141.0,139.0,141.0,0,0.0,0.0
2018-05-30 00:00:00+02:00,141.0,142.0,141.0,142.0,0,0.0,0.0
2018-05-31 00:00:00+02:00,142.0,144.0,142.0,143.0,0,0.0,0.0
2018-06-01 00:00:00+02:00,143.0,146.0,143.0,145.0,0,0.0,0.0
2018-06-04 00:00:00+02:00,144.0,146.0,144.0,146.0,0,0.0,0.0
2018-06-05 00:00:00+02:00,145.0,147.0,145.0,146.0,0,0.0,0.0
2018-06-06 00:00:00+02:00,145.0,149.0,145.0,147.0,0,0.0,0.0
2018-06-07 00:00:00+02:00,146.0,147.0,146.0,147.0,0,0.0,0.0
2018-06-08 00:00:00+02:00,146.0,150.0,146.0,150.0,0,0.0,0.0
2018-06-11 00:00:00+02:00,147.0,150.0,147.0,150.0,0,0.0,0.0
2018-06-12 00:00:00+02:00,149.0,150.0,148.0,148.0,0,0.0,0.0
2018-06-13 00:00:00+02:00,147.0,147.0,147.0,147.0,0,0.0,0.0
2018-06-14 00:00:00+02:00,146.0,151.0,146.0,151.0,0,0.0,0.0
2018-06-15 00:00:00+02:00,151.0,153.0,150.0,153.0,0,0.0,0.0
2018-06-18 00:00:00+02:00,151.0,152.0,150.0,152.0,0,0.0,0.0
2018-06-19 00:00:00+02:00,149.0,154.0,149.0,154.0,0,0.0,0.0
2018-06-20 00:00:00+02:00,154.0,157.0,154.0,157.0,0,0.0,0.0
2018-06-21 00:00:00+02:00,157.0,157.0,155.0,155.0,0,0.0,0.0
2018-06-22 00:00:00+02:00,153.0,155.0,153.0,153.0,72,0.0,0.0
2018-06-25 00:00:00+02:00,150.0,151.0,150.0,151.0,0,0.0,0.0
2018-06-26 00:00:00+02:00,148.0,150.0,148.0,149.0,0,0.0,0.0
2018-06-27 00:00:00+02:00,147.0,150.0,147.0,150.0,0,0.0,0.0
2018-06-28 00:00:00+02:00,149.0,149.0,147.0,147.0,0,0.0,0.0
2018-06-29 00:00:00+02:00,148.0,148.0,147.0,147.0,0,0.0,0.0
2018-07-02 00:00:00+02:00,145.0,149.0,145.0,149.0,0,0.0,0.0
2018-07-03 00:00:00+02:00,146.0,148.0,146.0,148.0,0,0.0,0.0
2018-07-04 00:00:00+02:00,146.0,147.0,146.0,147.0,0,0.0,0.0
2018-07-05 00:00:00+02:00,146.0,149.0,146.0,149.0,0,0.0,0.0
2018-07-06 00:00:00+02:00,149.0,151.0,149.0,150.0,0,0.0,0.0
2018-07-09 00:00:00+02:00,149.0,152.0,149.0,152.0,0,0.0,0.0
2018-07-10 00:00:00+02:00,151.0,153.0,150.0,152.0,0,0.0,0.0
2018-07-11 00:00:00+02:00,147.0,151.0,147.0,151.0,0,0.0,0.0
2018-07-12 00:00:00+02:00,152.0,153.0,152.0,152.0,0,0.0,0.0
2018-07-13 00:00:00+02:00,152.0,152.0,149.0,149.0,0,0.0,0.0
2018-07-16 00:00:00+02:00,148.0,149.0,148.0,149.0,0,0.0,0.0
2018-07-17 00:00:00+02:00,147.0,150.0,146.0,150.0,0,0.0,0.0
2018-07-18 00:00:00+02:00,149.0,150.0,149.0,150.0,0,0.0,0.0
2018-07-19 00:00:00+02:00,149.0,150.0,149.0,150.0,0,0.0,0.0
2018-07-20 00:00:00+02:00,149.0,150.0,148.0,148.0,0,0.0,0.0
2018-07-23 00:00:00+02:00,148.0,151.0,148.0,151.0,0,0.0,0.0
2018-07-24 00:00:00+02:00,150.0,152.0,148.0,148.0,0,0.0,0.0
2018-07-25 00:00:00+02:00,147.0,149.0,147.0,149.0,0,0.0,0.0
2018-07-26 00:00:00+02:00,147.0,150.0,147.0,149.0,0,0.0,0.0
2018-07-27 00:00:00+02:00,149.0,149.0,146.0,147.0,0,0.0,0.0
2018-07-30 00:00:00+02:00,145.0,148.0,144.0,146.0,0,0.0,0.0
2018-07-31 00:00:00+02:00,145.0,147.0,144.0,147.0,0,0.0,0.0
2018-08-01 00:00:00+02:00,146.0,148.0,146.0,148.0,0,0.0,0.0
2018-08-02 00:00:00+02:00,145.0,150.0,145.0,150.0,0,0.0,0.0
2018-08-03 00:00:00+02:00,148.0,151.0,148.0,150.0,0,0.0,0.0
2018-08-06 00:00:00+02:00,150.0,153.0,150.0,153.0,0,0.0,0.0
2018-08-07 00:00:00+02:00,151.0,151.0,150.0,150.0,0,0.0,0.0
2018-08-08 00:00:00+02:00,144.0,149.0,144.0,149.0,0,0.0,0.0
2018-08-09 00:00:00+02:00,149.0,152.0,149.0,152.0,0,0.0,0.0
2018-08-10 00:00:00+02:00,152.0,155.0,152.0,154.0,0,0.0,0.0
2018-08-13 00:00:00+02:00,152.0,154.0,152.0,153.0,0,0.0,0.0
2018-08-14 00:00:00+02:00,152.0,155.0,152.0,155.0,0,0.0,0.0
2018-08-15 00:00:00+02:00,153.0,154.0,152.0,152.0,0,0.0,0.0
2018-08-16 00:00:00+02:00,151.0,153.0,151.0,152.0,0,0.0,0.0
2018-08-17 00:00:00+02:00,150.0,150.0,150.0,150.0,0,0.0,0.0
2018-08-20 00:00:00+02:00,150.0,152.0,150.0,152.0,0,0.0,0.0
2018-08-21 00:00:00+02:00,149.0,151.0,149.0,150.0,0,0.0,0.0
2018-08-22 00:00:00+02:00,147.0,149.0,147.0,148.0,0,0.0,0.0
2018-08-23 00:00:00+02:00,147.0,147.0,146.0,146.0,0,0.0,0.0
2018-08-24 00:00:00+02:00,146.0,146.0,143.0,143.0,0,0.0,0.0
2018-08-27 00:00:00+02:00,142.0,142.0,142.0,142.0,0,0.0,0.0
2018-08-28 00:00:00+02:00,143.0,143.0,142.0,143.0,0,0.0,0.0
2018-08-29 00:00:00+02:00,143.0,144.0,143.0,144.0,0,0.0,0.0
2018-08-30 00:00:00+02:00,144.0,147.0,144.0,147.0,0,0.0,0.0
2018-08-31 00:00:00+02:00,145.0,147.0,144.0,147.0,0,0.0,0.0
2018-09-03 00:00:00+02:00,145.0,145.0,145.0,145.0,0,0.0,0.0
2018-09-04 00:00:00+02:00,145.0,147.0,145.0,146.0,0,0.0,0.0
2018-09-05 00:00:00+02:00,145.0,147.0,145.0,147.0,35,0.0,0.0
2018-09-06 00:00:00+02:00,145.0,145.0,144.0,144.0,0,0.0,0.0
2018-09-07 00:00:00+02:00,143.0,144.0,143.0,144.0,0,0.0,0.0
2018-09-10 00:00:00+02:00,144.0,144.0,144.0,144.0,0,0.0,0.0
2018-09-11 00:00:00+02:00,144.0,144.0,144.0,144.0,0,0.0,0.0
2018-09-12 00:00:00+02:00,141.0,141.0,140.0,140.0,0,0.0,0.0
2018-09-13 00:00:00+02:00,140.0,141.0,139.0,140.0,0,0.0,0.0
2018-09-14 00:00:00+02:00,139.0,140.0,138.0,138.0,0,0.0,0.0
2018-09-17 00:00:00+02:00,138.0,138.0,138.0,138.0,0,0.0,0.0
2018-09-18 00:00:00+02:00,135.0,138.0,135.0,137.0,0,0.0,0.0
2018-09-19 00:00:00+02:00,136.0,139.0,136.0,139.0,0,0.0,0.0
2018-09-20 00:00:00+02:00,137.0,139.0,137.0,139.0,0,0.0,0.0
2018-09-21 00:00:00+02:00,137.0,138.0,137.0,138.0,0,0.0,0.0
2018-09-24 00:00:00+02:00,137.0,139.0,136.0,138.0,0,0.0,0.0
2018-09-25 00:00:00+02:00,137.0,139.0,137.0,139.0,0,0.0,0.0
2018-09-26 00:00:00+02:00,137.0,140.0,137.0,140.0,0,0.0,0.0
2018-09-27 00:00:00+02:00,138.0,142.0,138.0,142.0,0,0.0,0.0
2018-09-28 00:00:00+02:00,141.0,144.0,141.0,144.0,0,0.0,0.0
2018-10-01 00:00:00+02:00,143.0,144.0,143.0,143.0,0,0.0,0.0
2018-10-02 00:00:00+02:00,141.0,143.0,141.0,143.0,0,0.0,0.0
2018-10-04 00:00:00+02:00,142.0,143.0,141.0,141.0,0,0.0,0.0
2018-10-05 00:00:00+02:00,141.0,141.0,140.0,141.0,0,0.0,0.0
2018-10-08 00:00:00+02:00,139.0,140.0,139.0,140.0,0,0.0,0.0
2018-10-09 00:00:00+02:00,139.0,141.0,139.0,141.0,0,0.0,0.0
2018-10-10 00:00:00+02:00,142.0,142.0,142.0,142.0,0,0.0,0.0
2018-10-11 00:00:00+02:00,136.0,140.0,135.0,135.0,0,0.0,0.0
2018-10-12 00:00:00+02:00,134.0,134.0,134.0,134.0,0,0.0,0.0
2018-10-15 00:00:00+02:00,135.0,135.0,133.0,134.0,0,0.0,0.0
2018-10-16 00:00:00+02:00,132.0,132.0,132.0,132.0,0,0.0,0.0
2018-10-17 00:00:00+02:00,135.0,137.0,134.0,137.0,0,0.0,0.0
2018-10-18 00:00:00+02:00,136.0,136.0,135.0,135.0,0,0.0,0.0
2018-10-19 00:00:00+02:00,135.0,136.0,134.0,135.0,0,0.0,0.0
2018-10-22 00:00:00+02:00,133.0,135.0,133.0,135.0,0,0.0,0.0
2018-10-23 00:00:00+02:00,134.0,136.0,133.0,136.0,0,0.0,0.0
2018-10-24 00:00:00+02:00,136.0,138.0,136.0,138.0,0,0.0,0.0
2018-10-25 00:00:00+02:00,132.0,134.0,132.0,134.0,0,0.0,0.0
2018-10-26 00:00:00+02:00,131.0,134.0,131.0,134.0,0,0.0,0.0
2018-10-29 00:00:00+01:00,134.0,140.0,134.0,134.0,37,0.0,0.0
2018-10-30 00:00:00+01:00,133.0,135.0,133.0,134.0,0,0.0,0.0
2018-10-31 00:00:00+01:00,136.0,138.0,136.0,138.0,0,0.0,0.0
2018-11-01 00:00:00+01:00,138.0,143.0,138.0,143.0,0,0.0,0.0
2018-11-02 00:00:00+01:00,142.0,143.0,141.0,142.0,0,0.0,0.0
2018-11-05 00:00:00+01:00,141.0,142.0,141.0,141.0,0,0.0,0.0
2018-11-06 00:00:00+01:00,140.0,142.0,140.0,142.0,0,0.0,0.0
2018-11-07 00:00:00+01:00,130.0,130.0,122.0,122.0,0,0.0,0.0
2018-11-08 00:00:00+01:00,121.0,127.0,121.0,126.0,0,0.0,0.0
2018-11-09 00:00:00+01:00,125.0,130.0,123.0,130.0,0,0.0,0.0
2018-11-12 00:00:00+01:00,127.0,128.0,127.0,128.0,0,0.0,0.0
2018-11-13 00:00:00+01:00,130.0,133.0,130.0,133.0,0,0.0,0.0
2018-11-14 00:00:00+01:00,131.0,132.0,131.0,131.0,0,0.0,0.0
2018-11-15 00:00:00+01:00,123.0,127.0,123.0,127.0,0,0.0,0.0
2018-11-16 00:00:00+01:00,124.0,124.0,123.0,124.0,0,0.0,0.0
2018-11-19 00:00:00+01:00,123.0,126.0,123.0,126.0,0,0.0,0.0
2018-11-20 00:00:00+01:00,123.0,127.0,123.0,127.0,0,0.0,0.0
2018-11-21 00:00:00+01:00,126.0,130.0,126.0,129.0,0,0.0,0.0
2018-11-22 00:00:00+01:00,128.0,128.0,127.0,127.0,0,0.0,0.0
2018-11-23 00:00:00+01:00,127.0,127.0,127.0,127.0,0,0.0,0.0
2018-11-26 00:00:00+01:00,131.0,133.0,131.0,131.0,0,0.0,0.0
2018-11-27 00:00:00+01:00,131.0,132.0,131.0,132.0,0,0.0,0.0
2018-11-28 00:00:00+01:00,131.0,131.0,128.0,128.0,0,0.0,0.0
2018-11-29 00:00:00+01:00,126.0,129.0,126.0,129.0,0,0.0,0.0
2018-11-30 00:00:00+01:00,127.0,129.0,127.0,129.0,0,0.0,0.0
2018-12-03 00:00:00+01:00,133.0,134.0,133.0,134.0,0,0.0,0.0
2018-12-04 00:00:00+01:00,128.0,130.0,128.0,130.0,0,0.0,0.0
2018-12-05 00:00:00+01:00,126.0,126.0,126.0,126.0,0,0.0,0.0
2018-12-06 00:00:00+01:00,124.0,125.0,123.0,125.0,0,0.0,0.0
2018-12-07 00:00:00+01:00,124.0,126.0,123.0,126.0,0,0.0,0.0
2018-12-10 00:00:00+01:00,121.0,122.0,120.0,121.0,0,0.0,0.0
2018-12-11 00:00:00+01:00,121.0,126.0,121.0,123.0,0,0.0,0.0
2018-12-12 00:00:00+01:00,123.0,124.0,123.0,123.0,0,0.0,0.0
2018-12-13 00:00:00+01:00,122.0,123.0,122.0,122.0,0,0.0,0.0
2018-12-14 00:00:00+01:00,122.0,123.0,122.0,123.0,0,0.0,0.0
2018-12-17 00:00:00+01:00,123.0,123.0,121.0,123.0,0,0.0,0.0
2018-12-18 00:00:00+01:00,121.0,124.0,121.0,121.0,0,0.0,0.0
2018-12-19 00:00:00+01:00,120.0,121.0,119.0,119.0,0,0.0,0.0
2018-12-20 00:00:00+01:00,113.0,115.0,113.0,113.0,0,0.0,0.0
2018-12-21 00:00:00+01:00,113.0,113.0,113.0,113.0,0,0.0,0.0
2018-12-27 00:00:00+01:00,105.0,106.0,103.0,103.0,0,0.0,0.0
2018-12-28 00:00:00+01:00,104.0,104.0,104.0,104.0,0,0.0,0.0
2019-01-02 00:00:00+01:00,105.0,110.0,105.0,109.0,0,0.0,0.0
2019-01-03 00:00:00+01:00,107.0,111.0,106.0,110.0,50,0.0,0.0
2019-01-04 00:00:00+01:00,110.0,112.0,110.0,111.0,0,0.0,0.0
2019-01-07 00:00:00+01:00,111.0,113.0,110.0,111.0,0,0.0,0.0
2019-01-08 00:00:00+01:00,111.0,113.0,110.0,110.0,0,0.0,0.0
2019-01-09 00:00:00+01:00,110.0,112.0,110.0,110.0,0,0.0,0.0
2019-01-10 00:00:00+01:00,111.0,111.0,111.0,111.0,0,0.0,0.0
2019-01-11 00:00:00+01:00,111.0,111.0,111.0,111.0,0,0.0,0.0
2019-01-14 00:00:00+01:00,109.0,111.0,109.0,111.0,0,0.0,0.0
2019-01-15 00:00:00+01:00,110.0,111.0,110.0,111.0,0,0.0,0.0
2019-01-16 00:00:00+01:00,110.0,112.0,110.0,112.0,0,0.0,0.0
2019-01-17 00:00:00+01:00,110.0,112.0,110.0,111.0,0,0.0,0.0
2019-01-18 00:00:00+01:00,110.0,112.0,110.0,112.0,0,0.0,0.0
2019-01-21 00:00:00+01:00,111.0,111.0,111.0,111.0,0,0.0,0.0
2019-01-22 00:00:00+01:00,111.0,112.0,111.0,112.0,0,0.0,0.0
2019-01-23 00:00:00+01:00,111.0,112.0,111.0,112.0,0,0.0,0.0
2019-01-24 00:00:00+01:00,110.0,110.0,110.0,110.0,0,0.0,0.0
2019-01-25 00:00:00+01:00,109.0,112.0,109.0,111.0,0,0.0,0.0
2019-01-28 00:00:00+01:00,109.0,110.0,109.0,110.0,0,0.0,0.0
2019-01-29 00:00:00+01:00,107.0,108.0,107.0,108.0,0,0.0,0.0
2019-01-30 00:00:00+01:00,107.0,110.0,107.0,110.0,0,0.0,0.0
2019-01-31 00:00:00+01:00,108.0,109.0,107.0,109.0,0,0.0,0.0
2019-02-01 00:00:00+01:00,108.0,111.0,108.0,111.0,0,0.0,0.0
2019-02-04 00:00:00+01:00,110.0,112.0,110.0,112.0,0,0.0,0.0
2019-02-05 00:00:00+01:00,110.0,114.0,110.0,112.0,0,0.0,0.0
2019-02-06 00:00:00+01:00,111.0,112.0,111.0,112.0,0,0.0,0.0
2019-02-07 00:00:00+01:00,110.0,114.0,109.0,109.0,12,0.0,0.0
2019-02-08 00:00:00+01:00,108.0,112.0,108.0,109.0,13,0.0,0.0
2019-02-11 00:00:00+01:00,108.0,110.0,108.0,110.0,0,0.0,0.0
2019-02-12 00:00:00+01:00,109.0,109.0,106.0,106.0,0,0.0,0.0
2019-02-13 00:00:00+01:00,106.0,110.0,106.0,109.0,0,0.0,0.0
2019-02-14 00:00:00+01:00,109.0,110.0,109.0,110.0,0,0.0,0.0
2019-02-15 00:00:00+01:00,109.0,112.0,109.0,111.0,35,0.0,0.0
2019-02-18 00:00:00+01:00,110.0,110.0,109.0,109.0,0,0.0,0.0
2019-02-19 00:00:00+01:00,110.0,111.0,109.0,111.0,0,0.0,0.0
2019-02-20 00:00:00+01:00,110.0,111.0,110.0,111.0,0,0.0,0.0
2019-02-21 00:00:00+01:00,110.0,111.0,110.0,111.0,0,0.0,0.0
2019-02-22 00:00:00+01:00,108.0,109.0,108.0,109.0,0,0.0,0.0
2019-02-25 00:00:00+01:00,109.0,111.0,109.0,110.0,0,0.0,0.0
2019-02-26 00:00:00+01:00,109.0,111.0,109.0,110.0,0,0.0,0.0
2019-02-27 00:00:00+01:00,120.0,120.0,120.0,120.0,0,0.0,0.0
2019-02-28 00:00:00+01:00,119.0,122.0,119.0,121.0,0,0.0,0.0
2019-03-01 00:00:00+01:00,122.0,123.0,122.0,122.0,0,0.0,0.0
2019-03-04 00:00:00+01:00,121.0,121.0,117.0,118.0,0,0.0,0.0
2019-03-05 00:00:00+01:00,117.0,119.0,117.0,119.0,0,0.0,0.0
2019-03-06 00:00:00+01:00,118.0,119.0,118.0,119.0,0,0.0,0.0
2019-03-07 00:00:00+01:00,118.0,121.0,118.0,120.0,0,0.0,0.0
2019-03-08 00:00:00+01:00,119.0,119.0,116.0,117.0,0,0.0,0.0
2019-03-11 00:00:00+01:00,116.0,117.0,116.0,117.0,0,0.0,0.0
2019-03-12 00:00:00+01:00,116.0,118.0,116.0,117.0,0,0.0,0.0
2019-03-13 00:00:00+01:00,116.0,117.0,116.0,117.0,0,0.0,0.0
2019-03-14 00:00:00+01:00,118.0,121.0,118.0,119.0,60,0.0,0.0
2019-03-15 00:00:00+01:00,117.0,121.0,117.0,118.0,8,0.0,0.0
2019-03-18 00:00:00+01:00,119.0,119.0,118.0,118.0,0,0.0,0.0
2019-03-19 00:00:00+01:00,117.0,118.0,117.0,118.0,0,0.0,0.0
2019-03-20 00:00:00+01:00,117.0,119.0,116.0,117.0,0,0.0,0.0
2019-03-21 00:00:00+01:00,118.0,119.0,117.0,119.0,0,0.0,0.0
2019-03-22 00:00:00+01:00,117.0,121.0,117.0,120.0,82,0.0,0.0
2019-03-25 00:00:00+01:00,118.0,119.0,118.0,119.0,0,0.0,0.0
2019-03-26 00:00:00+01:00,119.0,122.0,119.0,120.0,0,0.0,0.0
2019-03-27 00:00:00+01:00,121.0,122.0,120.0,121.0,0,0.0,0.0
2019-03-28 00:00:00+01:00,120.0,124.0,120.0,124.0,0,0.0,0.0
2019-03-29 00:00:00+01:00,123.0,126.0,123.0,126.0,0,0.0,0.0
2019-04-01 00:00:00+02:00,126.0,127.0,126.0,127.0,0,0.0,0.0
2019-04-02 00:00:00+02:00,127.0,127.0,125.0,125.0,100,0.0,0.0
2019-04-03 00:00:00+02:00,124.0,125.0,124.0,124.0,0,0.0,0.0
2019-04-04 00:00:00+02:00,123.0,126.0,123.0,126.0,0,0.0,0.0
2019-04-05 00:00:00+02:00,126.0,128.0,126.0,128.0,0,0.0,0.0
2019-04-08 00:00:00+02:00,126.0,127.0,126.0,126.0,0,0.0,0.0
2019-04-09 00:00:00+02:00,125.0,125.0,124.0,124.0,0,0.0,0.0
2019-04-10 00:00:00+02:00,122.0,124.0,122.0,124.0,0,0.0,0.0
2019-04-11 00:00:00+02:00,123.0,124.0,123.0,123.0,0,0.0,0.0
2019-04-12 00:00:00+02:00,122.0,122.0,122.0,122.0,0,0.0,0.0
2019-04-15 00:00:00+02:00,119.0,122.0,119.0,122.0,0,0.0,0.0
2019-04-16 00:00:00+02:00,120.0,121.0,120.0,120.0,0,0.0,0.0
2019-04-17 00:00:00+02:00,118.0,118.0,112.0,112.0,0,0.0,0.0
2019-04-18 00:00:00+02:00,111.0,113.0,111.0,113.0,0,0.0,0.0
2019-04-23 00:00:00+02:00,110.0,115.0,110.0,115.0,4,0.0,0.0
2019-04-24 00:00:00+02:00,114.0,115.0,114.0,115.0,0,0.0,0.0
2019-04-25 00:00:00+02:00,114.0,115.0,114.0,114.0,0,0.0,0.0
2019-04-26 00:00:00+02:00,113.0,116.0,113.0,116.0,0,0.0,0.0
2019-04-29 00:00:00+02:00,115.0,117.0,115.0,117.0,0,0.0,0.0
2019-04-30 00:00:00+02:00,115.0,115.0,115.0,115.0,0,0.0,0.0
2019-05-02 00:00:00+02:00,114.0,115.0,114.0,115.0,0,0.0,0.0
2019-05-03 00:00:00+02:00,114.0,118.0,114.0,117.0,0,0.0,0.0
2019-05-06 00:00:00+02:00,116.0,118.0,115.0,118.0,222,0.0,0.0
2019-05-07 00:00:00+02:00,117.0,117.0,116.0,116.0,0,0.0,0.0
2019-05-08 00:00:00+02:00,113.0,117.0,113.0,117.0,85,0.0,0.0
2019-05-09 00:00:00+02:00,124.0,124.0,121.0,122.0,40,0.0,0.0
2019-05-10 00:00:00+02:00,123.0,123.0,122.0,122.0,0,0.0,0.0
2019-05-13 00:00:00+02:00,122.0,124.0,119.0,120.0,8,0.0,0.0
2019-05-14 00:00:00+02:00,119.0,121.0,119.0,121.0,8,0.0,0.0
2019-05-15 00:00:00+02:00,120.0,122.0,120.0,122.0,0,0.0,0.0
2019-05-16 00:00:00+02:00,121.0,121.0,121.0,121.0,0,0.0,0.0
2019-05-17 00:00:00+02:00,123.0,124.0,123.0,124.0,0,0.0,0.0
2019-05-20 00:00:00+02:00,123.0,123.0,123.0,123.0,10,0.0,0.0
2019-05-21 00:00:00+02:00,122.0,124.0,122.0,124.0,0,0.0,0.0
2019-05-22 00:00:00+02:00,123.0,125.0,123.0,125.0,0,0.0,0.0
2019-05-23 00:00:00+02:00,124.0,124.0,122.0,122.0,0,0.0,0.0
2019-05-24 00:00:00+02:00,121.0,122.0,121.0,122.0,0,0.0,0.0
2019-05-27 00:00:00+02:00,121.0,121.0,121.0,121.0,0,0.0,0.0
2019-05-28 00:00:00+02:00,121.0,121.0,119.0,119.0,100,0.0,0.0
2019-05-29 00:00:00+02:00,117.0,117.0,116.0,117.0,0,0.0,0.0
2019-05-30 00:00:00+02:00,116.0,118.0,115.0,115.0,0,0.0,0.0
2019-05-31 00:00:00+02:00,113.0,113.0,111.0,111.0,0,0.0,0.0
2019-06-03 00:00:00+02:00,110.0,112.0,110.0,112.0,0,0.0,0.0
2019-06-04 00:00:00+02:00,111.0,114.0,111.0,113.0,0,0.0,0.0
2019-06-05 00:00:00+02:00,114.0,114.0,114.0,114.0,0,0.0,0.0
2019-06-06 00:00:00+02:00,114.0,114.0,114.0,114.0,0,0.0,0.0
2019-06-07 00:00:00+02:00,112.0,112.0,112.0,112.0,0,0.0,0.0
2019-06-11 00:00:00+02:00,113.0,113.0,113.0,113.0,0,0.0,0.0
2019-06-12 00:00:00+02:00,111.0,113.0,111.0,113.0,0,0.0,0.0
2019-06-13 00:00:00+02:00,112.0,114.0,112.0,114.0,0,0.0,0.0
2019-06-14 00:00:00+02:00,114.0,115.0,114.0,115.0,0,0.0,0.0
2019-06-17 00:00:00+02:00,114.0,114.0,114.0,114.0,0,0.0,0.0
2019-06-18 00:00:00+02:00,113.0,113.0,113.0,114.0,0,0.0,0.0
2019-06-19 00:00:00+02:00,116.0,116.0,116.0,116.0,0,0.0,0.0
2019-06-20 00:00:00+02:00,117.0,120.0,117.0,119.0,0,0.0,0.0
2019-06-21 00:00:00+02:00,118.0,118.0,115.0,117.0,0,0.0,0.0
2019-06-24 00:00:00+02:00,116.0,116.0,114.0,114.0,0,0.0,0.0
2019-06-25 00:00:00+02:00,113.0,114.0,113.0,114.0,0,0.0,0.0
2019-06-26 00:00:00+02:00,118.0,120.0,118.0,120.0,0,0.0,0.0
2019-06-27 00:00:00+02:00,119.0,120.0,119.0,120.0,0,0.0,0.0
2019-06-28 00:00:00+02:00,120.0,123.0,119.0,123.0,0,0.0,0.0
2019-07-01 00:00:00+02:00,124.0,124.0,124.0,124.0,0,0.0,0.0
2019-07-02 00:00:00+02:00,124.0,126.0,124.0,126.0,0,0.0,0.0
2019-07-03 00:00:00+02:00,125.0,125.0,125.0,125.0,0,0.0,0.0
2019-07-04 00:00:00+02:00,125.0,125.0,125.0,125.0,0,0.0,0.0
2019-07-05 00:00:00+02:00,125.0,128.0,125.0,128.0,0,0.0,0.0
2019-07-08 00:00:00+02:00,124.0,124.0,124.0,124.0,0,0.0,0.0
2019-07-09 00:00:00+02:00,124.0,126.0,124.0,126.0,0,0.0,0.0
2019-07-10 00:00:00+02:00,125.0,125.0,125.0,125.0,0,0.0,0.0
2019-07-11 00:00:00+02:00,124.0,124.0,122.0,122.0,0,0.0,0.0
2019-07-12 00:00:00+02:00,121.0,121.0,121.0,121.0,0,0.0,0.0
2019-07-15 00:00:00+02:00,116.0,119.0,116.0,119.0,0,0.0,0.0
2019-07-16 00:00:00+02:00,118.0,118.0,118.0,118.0,0,0.0,0.0
2019-07-17 00:00:00+02:00,120.0,121.0,120.0,121.0,0,0.0,0.0
2019-07-18 00:00:00+02:00,120.0,122.0,120.0,122.0,0,0.0,0.0
2019-07-19 00:00:00+02:00,121.0,121.0,118.0,120.0,0,0.0,0.0
2019-07-22 00:00:00+02:00,120.0,121.0,120.0,121.0,0,0.0,0.0
2019-07-23 00:00:00+02:00,118.0,119.0,118.0,119.0,0,0.0,0.0
2019-07-24 00:00:00+02:00,118.0,120.0,118.0,120.0,0,0.0,0.0
2019-07-25 00:00:00+02:00,120.0,122.0,120.0,121.0,0,0.0,0.0
2019-07-26 00:00:00+02:00,120.0,122.0,120.0,122.0,0,0.0,0.0
2019-07-29 00:00:00+02:00,122.0,124.0,122.0,124.0,0,0.0,0.0
2019-07-30 00:00:00+02:00,123.0,125.0,122.0,125.0,0,0.0,0.0
2019-07-31 00:00:00+02:00,125.0,126.0,125.0,126.0,0,0.0,0.0
2019-08-01 00:00:00+02:00,124.0,127.0,124.0,127.0,0,0.0,0.0
2019-08-02 00:00:00+02:00,125.0,126.0,124.0,124.0,0,0.0,0.0
2019-08-05 00:00:00+02:00,122.0,122.0,121.0,121.0,0,0.0,0.0
2019-08-06 00:00:00+02:00,119.0,119.0,119.0,119.0,0,0.0,0.0
2019-08-07 00:00:00+02:00,123.0,124.0,123.0,123.0,0,0.0,0.0
2019-08-08 00:00:00+02:00,120.0,122.0,120.0,121.0,0,0.0,0.0
2019-08-09 00:00:00+02:00,120.0,122.0,120.0,122.0,0,0.0,0.0
2019-08-12 00:00:00+02:00,121.0,121.0,120.0,121.0,0,0.0,0.0
2019-08-13 00:00:00+02:00,120.0,123.0,120.0,123.0,0,0.0,0.0
2019-08-14 00:00:00+02:00,121.0,121.0,118.0,119.0,0,0.0,0.0
2019-08-15 00:00:00+02:00,118.0,118.0,118.0,118.0,0,0.0,0.0
2019-08-16 00:00:00+02:00,117.0,117.0,117.0,117.0,0,0.0,0.0
2019-08-19 00:00:00+02:00,120.0,123.0,120.0,123.0,0,0.0,0.0
2019-08-20 00:00:00+02:00,121.0,123.0,121.0,123.0,0,0.0,0.0
2019-08-21 00:00:00+02:00,120.0,120.0,120.0,120.0,0,0.0,0.0
2019-08-22 00:00:00+02:00,119.0,120.0,119.0,120.0,0,0.0,0.0
2019-08-23 00:00:00+02:00,117.0,117.0,115.0,116.0,0,0.0,0.0
2019-08-26 00:00:00+02:00,113.0,115.0,113.0,115.0,0,0.0,0.0
2019-08-27 00:00:00+02:00,114.0,114.0,113.0,113.0,0,0.0,0.0
2019-08-28 00:00:00+02:00,111.0,112.0,111.0,112.0,0,0.0,0.0
2019-08-29 00:00:00+02:00,112.0,112.0,112.0,112.0,0,0.0,0.0
2019-08-30 00:00:00+02:00,114.0,114.0,113.0,113.0,0,0.0,0.0
2019-09-02 00:00:00+02:00,114.0,114.0,114.0,114.0,0,0.0,0.0
2019-09-03 00:00:00+02:00,114.0,116.0,114.0,115.0,0,0.0,0.0
2019-09-04 00:00:00+02:00,114.0,115.0,113.0,113.0,0,0.0,0.0
2019-09-05 00:00:00+02:00,114.0,114.0,114.0,114.0,0,0.0,0.0
2019-09-06 00:00:00+02:00,113.0,114.0,113.0,114.0,0,0.0,0.0
2019-09-09 00:00:00+02:00,113.0,113.0,112.0,112.0,0,0.0,0.0
2019-09-10 00:00:00+02:00,111.0,114.0,111.0,114.0,0,0.0,0.0
2019-09-11 00:00:00+02:00,113.0,113.0,113.0,113.0,0,0.0,0.0
2019-09-12 00:00:00+02:00,119.0,121.0,118.0,118.0,0,0.0,0.0
2019-09-13 00:00:00+02:00,117.0,120.0,117.0,118.0,0,0.0,0.0
2019-09-16 00:00:00+02:00,116.0,116.0,116.0,116.0,0,0.0,0.0
2019-09-17 00:00:00+02:00,119.0,120.0,119.0,120.0,0,0.0,0.0
2019-09-18 00:00:00+02:00,117.0,118.0,117.0,117.0,0,0.0,0.0
2019-09-19 00:00:00+02:00,116.0,117.0,116.0,117.0,0,0.0,0.0
2019-09-20 00:00:00+02:00,115.0,118.0,115.0,118.0,0,0.0,0.0
2019-09-23 00:00:00+02:00,115.0,117.0,115.0,116.0,0,0.0,0.0
2019-09-24 00:00:00+02:00,116.0,118.0,116.0,118.0,0,0.0,0.0
2019-09-25 00:00:00+02:00,119.0,119.0,119.0,119.0,0,0.0,0.0
2019-09-26 00:00:00+02:00,119.0,119.0,117.0,117.0,0,0.0,0.0
2019-09-27 00:00:00+02:00,116.0,116.0,115.0,115.0,0,0.0,0.0
2019-09-30 00:00:00+02:00,115.0,116.0,115.0,116.0,0,0.0,0.0
2019-10-01 00:00:00+02:00,116.0,116.0,115.0,115.0,0,0.0,0.0
2019-10-02 00:00:00+02:00,114.0,114.0,113.0,113.0,0,0.0,0.0
2019-10-04 00:00:00+02:00,113.0,117.0,113.0,116.0,6,0.0,0.0
2019-10-07 00:00:00+02:00,112.0,114.0,112.0,114.0,0,0.0,0.0
2019-10-08 00:00:00+02:00,113.0,113.0,113.0,113.0,0,0.0,0.0
2019-10-09 00:00:00+02:00,107.0,109.0,107.0,109.0,0,0.0,0.0
2019-10-10 00:00:00+02:00,106.0,108.0,106.0,107.0,0,0.0,0.0
2019-10-11 00:00:00+02:00,106.0,108.0,106.0,108.0,0,0.0,0.0
2019-10-14 00:00:00+02:00,106.0,106.0,106.0,106.0,0,0.0,0.0
2019-10-15 00:00:00+02:00,105.0,106.0,105.0,106.0,0,0.0,0.0
2019-10-16 00:00:00+02:00,105.0,109.0,105.0,109.0,0,0.0,0.0
2019-10-17 00:00:00+02:00,106.0,109.0,106.0,109.0,0,0.0,0.0
2019-10-18 00:00:00+02:00,107.0,108.0,107.0,108.0,0,0.0,0.0
2019-10-21 00:00:00+02:00,106.0,108.0,106.0,108.0,0,0.0,0.0
2019-10-22 00:00:00+02:00,107.0,110.0,107.0,110.0,0,0.0,0.0
2019-10-23 00:00:00+02:00,108.0,109.0,108.0,109.0,0,0.0,0.0
2019-10-24 00:00:00+02:00,110.0,111.0,110.0,110.0,0,0.0,0.0
2019-10-25 00:00:00+02:00,109.0,112.0,109.0,112.0,0,0.0,0.0
2019-10-28 00:00:00+01:00,110.0,112.0,110.0,112.0,0,0.0,0.0
2019-10-29 00:00:00+01:00,110.0,112.0,110.0,112.0,0,0.0,0.0
2019-10-30 00:00:00+01:00,112.0,113.0,112.0,113.0,0,0.0,0.0
2019-10-31 00:00:00+01:00,111.0,112.0,111.0,112.0,0,0.0,0.0
2019-11-01 00:00:00+01:00,111.0,113.0,111.0,113.0,0,0.0,0.0
2019-11-04 00:00:00+01:00,112.0,114.0,112.0,114.0,0,0.0,0.0
2019-11-05 00:00:00+01:00,114.0,116.0,114.0,115.0,0,0.0,0.0
2019-11-06 00:00:00+01:00,113.0,115.0,113.0,115.0,0,0.0,0.0
2019-11-07 00:00:00+01:00,113.0,114.0,113.0,114.0,0,0.0,0.0
2019-11-08 00:00:00+01:00,112.0,116.0,112.0,116.0,0,0.0,0.0
2019-11-11 00:00:00+01:00,116.0,118.0,116.0,118.0,0,0.0,0.0
2019-11-12 00:00:00+01:00,117.0,117.0,117.0,117.0,0,0.0,0.0
2019-11-13 00:00:00+01:00,118.0,121.0,118.0,121.0,0,0.0,0.0
2019-11-14 00:00:00+01:00,119.0,120.0,119.0,120.0,0,0.0,0.0
2019-11-15 00:00:00+01:00,120.0,124.0,120.0,124.0,0,0.0,0.0
2019-11-18 00:00:00+01:00,123.0,127.0,123.0,124.0,40,0.0,0.0
2019-11-19 00:00:00+01:00,123.0,126.0,123.0,125.0,0,0.0,0.0
2019-11-20 00:00:00+01:00,123.0,127.0,123.0,127.0,0,0.0,0.0
2019-11-21 00:00:00+01:00,125.0,128.0,125.0,128.0,0,0.0,0.0
2019-11-22 00:00:00+01:00,127.0,127.0,127.0,127.0,0,0.0,0.0
2019-11-25 00:00:00+01:00,131.0,132.0,131.0,132.0,0,0.0,0.0
2019-11-26 00:00:00+01:00,132.0,132.0,132.0,132.0,0,0.0,0.0
2019-11-27 00:00:00+01:00,134.0,134.0,134.0,134.0,0,0.0,0.0
2019-11-28 00:00:00+01:00,134.0,134.0,134.0,134.0,0,0.0,0.0
2019-11-29 00:00:00+01:00,134.0,137.0,134.0,137.0,0,0.0,0.0
2019-12-02 00:00:00+01:00,135.0,136.0,135.0,135.0,0,0.0,0.0
2019-12-03 00:00:00+01:00,134.0,134.0,131.0,131.0,0,0.0,0.0
2019-12-04 00:00:00+01:00,130.0,133.0,130.0,133.0,0,0.0,0.0
2019-12-05 00:00:00+01:00,132.0,133.0,131.0,132.0,0,0.0,0.0
2019-12-06 00:00:00+01:00,131.0,134.0,131.0,134.0,0,0.0,0.0
2019-12-09 00:00:00+01:00,133.0,134.0,133.0,134.0,0,0.0,0.0
2019-12-10 00:00:00+01:00,135.0,135.0,134.0,135.0,0,0.0,0.0
2019-12-11 00:00:00+01:00,133.0,134.0,133.0,134.0,0,0.0,0.0
2019-12-12 00:00:00+01:00,131.0,133.0,131.0,133.0,0,0.0,0.0
2019-12-13 00:00:00+01:00,133.0,134.0,132.0,132.0,0,0.0,0.0
2019-12-16 00:00:00+01:00,131.0,132.0,131.0,132.0,0,0.0,0.0
2019-12-17 00:00:00+01:00,131.0,131.0,131.0,131.0,0,0.0,0.0
2019-12-18 00:00:00+01:00,132.0,133.0,132.0,133.0,0,0.0,0.0
2019-12-19 00:00:00+01:00,131.0,135.0,131.0,135.0,0,0.0,0.0
2019-12-20 00:00:00+01:00,135.0,135.0,135.0,135.0,0,0.0,0.0
2019-12-23 00:00:00+01:00,136.0,137.0,136.0,137.0,0,0.0,0.0
2019-12-27 00:00:00+01:00,135.0,135.0,135.0,135.0,0,0.0,0.0
2019-12-30 00:00:00+01:00,133.0,133.0,133.0,133.0,0,0.0,0.0
2020-01-02 00:00:00+01:00,131.0,131.0,131.0,131.0,0,0.0,0.0
2020-01-03 00:00:00+01:00,130.0,130.0,130.0,130.0,0,0.0,0.0
2020-01-06 00:00:00+01:00,128.0,129.0,127.0,129.0,0,0.0,0.0
2020-01-07 00:00:00+01:00,128.0,129.0,128.0,129.0,0,0.0,0.0
2020-01-08 00:00:00+01:00,127.0,128.0,127.0,128.0,0,0.0,0.0
2020-01-09 00:00:00+01:00,127.0,130.0,127.0,130.0,40,0.0,0.0
2020-01-10 00:00:00+01:00,129.0,131.0,129.0,131.0,0,0.0,0.0
2020-01-13 00:00:00+01:00,130.0,130.0,130.0,130.0,0,0.0,0.0
2020-01-14 00:00:00+01:00,129.0,132.0,129.0,132.0,0,0.0,0.0
2020-01-15 00:00:00+01:00,133.0,136.0,133.0,135.0,0,0.0,0.0
2020-01-16 00:00:00+01:00,135.0,135.0,135.0,135.0,0,0.0,0.0
2020-01-17 00:00:00+01:00,134.0,136.0,134.0,136.0,0,0.0,0.0
2020-01-20 00:00:00+01:00,134.0,134.0,134.0,134.0,0,0.0,0.0
2020-01-21 00:00:00+01:00,133.0,135.0,133.0,135.0,0,0.0,0.0
2020-01-22 00:00:00+01:00,134.0,136.0,134.0,135.0,0,0.0,0.0
2020-01-23 00:00:00+01:00,133.0,135.0,133.0,134.0,0,0.0,0.0
2020-01-24 00:00:00+01:00,133.0,134.0,131.0,131.0,0,0.0,0.0
2020-01-27 00:00:00+01:00,129.0,129.0,129.0,129.0,0,0.0,0.0
2020-01-28 00:00:00+01:00,129.0,132.0,129.0,132.0,0,0.0,0.0
2020-01-29 00:00:00+01:00,131.0,133.0,131.0,133.0,0,0.0,0.0
2020-01-30 00:00:00+01:00,130.0,131.0,130.0,131.0,0,0.0,0.0
2020-01-31 00:00:00+01:00,130.0,130.0,130.0,130.0,0,0.0,0.0
2020-02-03 00:00:00+01:00,128.0,129.0,128.0,129.0,0,0.0,0.0
2020-02-04 00:00:00+01:00,127.0,128.0,127.0,128.0,0,0.0,0.0
2020-02-05 00:00:00+01:00,126.0,134.0,126.0,130.0,31,0.0,0.0
2020-02-06 00:00:00+01:00,130.0,130.0,130.0,130.0,0,0.0,0.0
2020-02-07 00:00:00+01:00,131.0,132.0,131.0,131.0,0,0.0,0.0
2020-02-10 00:00:00+01:00,128.0,128.0,128.0,128.0,0,0.0,0.0
2020-02-11 00:00:00+01:00,130.0,131.0,130.0,131.0,0,0.0,0.0
2020-02-12 00:00:00+01:00,130.0,131.0,130.0,131.0,0,0.0,0.0
2020-02-13 00:00:00+01:00,129.0,130.0,129.0,130.0,0,0.0,0.0
2020-02-14 00:00:00+01:00,129.0,129.0,129.0,129.0,0,0.0,0.0
2020-02-17 00:00:00+01:00,128.0,128.0,128.0,128.0,0,0.0,0.0
2020-02-18 00:00:00+01:00,128.0,128.0,126.0,126.0,0,0.0,0.0
2020-02-19 00:00:00+01:00,125.0,127.0,125.0,127.0,0,0.0,0.0
2020-02-20 00:00:00+01:00,125.0,125.0,125.0,125.0,0,0.0,0.0
2020-02-21 00:00:00+01:00,123.0,124.0,122.0,122.0,10,0.0,0.0
2020-02-24 00:00:00+01:00,120.0,122.0,120.0,122.0,0,0.0,0.0
2020-02-25 00:00:00+01:00,119.0,120.0,116.0,116.0,0,0.0,0.0
2020-02-26 00:00:00+01:00,115.0,115.0,115.0,115.0,0,0.0,0.0
2020-02-27 00:00:00+01:00,104.0,105.0,104.0,105.0,0,0.0,0.0
2020-02-28 00:00:00+01:00,100.0,100.0,100.0,100.0,0,0.0,0.0
2020-03-02 00:00:00+01:00,103.0,103.0,103.0,104.0,0,0.0,0.0
2020-03-03 00:00:00+01:00,110.0,110.0,102.0,102.0,0,0.0,0.0
2020-03-04 00:00:00+01:00,102.0,105.0,102.0,105.0,0,0.0,0.0
2020-03-05 00:00:00+01:00,110.0,110.0,108.0,109.0,0,0.0,0.0
2020-03-06 00:00:00+01:00,108.0,108.0,108.0,108.0,0,0.0,0.0
2020-03-09 00:00:00+01:00,99.0,99.0,99.0,99.0,0,0.0,0.0
2020-03-10 00:00:00+01:00,98.0,103.0,94.5,94.5,200,0.0,0.0
2020-03-11 00:00:00+01:00,94.5,94.5,94.5,94.5,0,0.0,0.0
2020-03-12 00:00:00+01:00,90.0,93.5,90.0,93.5,15,0.0,0.0
2020-03-13 00:00:00+01:00,94.0,95.0,94.0,95.0,0,0.0,0.0
2020-03-16 00:00:00+01:00,92.0,92.0,92.0,92.0,0,0.0,0.0
2020-03-17 00:00:00+01:00,93.0,93.0,89.5,89.5,0,0.0,0.0
2020-03-18 00:00:00+01:00,87.5,87.5,87.5,87.5,0,0.0,0.0
2020-03-19 00:00:00+01:00,95.0,98.5,95.0,98.5,0,0.0,0.0
2020-03-20 00:00:00+01:00,97.5,102.0,97.5,102.0,200,0.0,0.0
2020-03-23 00:00:00+01:00,84.5,89.0,84.5,89.0,0,0.0,0.0
2020-03-24 00:00:00+01:00,84.0,84.5,83.5,83.5,55,0.0,0.0
2020-03-25 00:00:00+01:00,88.0,89.0,88.0,89.0,0,0.0,0.0
2020-03-26 00:00:00+01:00,84.5,87.0,84.5,87.0,0,0.0,0.0
2020-03-27 00:00:00+01:00,88.0,88.0,87.5,87.5,0,0.0,0.0
2020-03-30 00:00:00+02:00,86.5,86.5,86.5,86.5,0,0.0,0.0
2020-03-31 00:00:00+02:00,88.5,89.5,88.5,89.5,0,0.0,0.0
2020-04-01 00:00:00+02:00,85.5,87.5,85.5,87.5,0,0.0,0.0
2020-04-02 00:00:00+02:00,87.0,89.5,87.0,89.5,0,0.0,0.0
2020-04-03 00:00:00+02:00,89.5,92.5,89.5,90.5,0,0.0,0.0
2020-04-06 00:00:00+02:00,95.5,95.5,95.5,95.5,0,0.0,0.0
2020-04-07 00:00:00+02:00,97.0,99.0,97.0,99.0,0,0.0,0.0
2020-04-08 00:00:00+02:00,95.5,96.0,95.5,96.0,0,0.0,0.0
2020-04-09 00:00:00+02:00,98.5,98.5,98.5,98.5,0,0.0,0.0
2020-04-14 00:00:00+02:00,99.5,99.5,99.5,99.5,0,0.0,0.0
2020-04-15 00:00:00+02:00,99.5,99.5,99.0,99.0,0,0.0,0.0
2020-04-16 00:00:00+02:00,98.0,98.0,98.0,98.0,0,0.0,0.0
2020-04-17 00:00:00+02:00,101.0,101.0,101.0,101.0,0,0.0,0.0
2020-04-20 00:00:00+02:00,100.0,103.0,100.0,102.0,241,0.0,0.0
2020-04-21 00:00:00+02:00,98.0,98.0,94.0,94.0,0,0.0,0.0
2020-04-22 00:00:00+02:00,94.5,96.0,94.5,96.0,0,0.0,0.0
2020-04-23 00:00:00+02:00,93.5,97.5,93.5,97.0,0,0.0,0.0
2020-04-24 00:00:00+02:00,94.5,98.0,94.5,98.0,0,0.0,0.0
2020-04-27 00:00:00+02:00,98.5,98.5,98.5,98.5,0,0.0,0.0
2020-04-28 00:00:00+02:00,100.0,103.0,100.0,103.0,0,0.0,0.0
2020-04-29 00:00:00+02:00,104.0,106.0,104.0,106.0,25,0.0,0.0
2020-04-30 00:00:00+02:00,104.0,104.0,104.0,104.0,0,0.0,0.0
2020-05-04 00:00:00+02:00,97.5,98.5,97.5,98.5,0,0.0,0.0
2020-05-05 00:00:00+02:00,99.0,101.0,99.0,101.0,0,0.0,0.0
2020-05-06 00:00:00+02:00,94.5,94.5,94.5,94.5,0,0.0,0.0
2020-05-07 00:00:00+02:00,104.0,105.0,102.0,102.0,0,0.0,0.0
2020-05-08 00:00:00+02:00,101.0,102.0,101.0,102.0,0,0.0,0.0
2020-05-11 00:00:00+02:00,100.0,104.0,100.0,104.0,0,0.0,0.0
2020-05-12 00:00:00+02:00,103.0,106.0,103.0,106.0,0,0.0,0.0
2020-05-13 00:00:00+02:00,103.0,104.0,102.0,102.0,0,0.0,0.0
2020-05-14 00:00:00+02:00,101.0,101.0,99.0,100.0,0,0.0,0.0
2020-05-15 00:00:00+02:00,99.0,101.0,99.0,101.0,0,0.0,0.0
2020-05-18 00:00:00+02:00,102.0,103.0,102.0,103.0,0,0.0,0.0
2020-05-19 00:00:00+02:00,104.0,104.0,103.0,103.0,0,0.0,0.0
2020-05-20 00:00:00+02:00,102.0,102.0,102.0,102.0,0,0.0,0.0
2020-05-21 00:00:00+02:00,102.0,103.0,101.0,101.0,0,0.0,0.0
2020-05-22 00:00:00+02:00,99.0,100.0,99.0,100.0,0,0.0,0.0
2020-05-25 00:00:00+02:00,100.0,100.0,100.0,100.0,0,0.0,0.0
2020-05-26 00:00:00+02:00,101.0,101.0,101.0,101.0,0,0.0,0.0
2020-05-27 00:00:00+02:00,99.0,101.0,99.0,101.0,0,0.0,0.0
2020-05-28 00:00:00+02:00,105.0,105.0,105.0,105.0,0,0.0,0.0
2020-05-29 00:00:00+02:00,105.0,105.0,105.0,105.0,0,0.0,0.0
2020-06-02 00:00:00+02:00,105.0,105.0,105.0,105.0,0,0.0,0.0
2020-06-03 00:00:00+02:00,104.0,104.0,104.0,104.0,0,0.0,0.0
2020-06-04 00:00:00+02:00,104.0,104.0,104.0,104.0,0,0.0,0.0
2020-06-05 00:00:00+02:00,106.0,108.0,106.0,108.0,0,0.0,0.0
2020-06-08 00:00:00+02:00,105.0,105.0,105.0,105.0,0,0.0,0.0
2020-06-09 00:00:00+02:00,97.0,97.5,96.0,97.5,0,0.0,0.0
2020-06-10 00:00:00+02:00,98.0,98.0,98.0,98.0,0,0.0,0.0
2020-06-11 00:00:00+02:00,97.5,97.5,97.5,97.5,0,0.0,0.0
2020-06-12 00:00:00+02:00,92.0,95.5,92.0,92.0,12,0.0,0.0
2020-06-15 00:00:00+02:00,92.0,92.0,92.0,92.0,0,0.0,0.0
2020-06-16 00:00:00+02:00,96.0,101.0,96.0,98.5,0,0.0,0.0
2020-06-17 00:00:00+02:00,97.5,99.0,97.0,98.5,0,0.0,0.0
2020-06-18 00:00:00+02:00,97.0,98.5,97.0,98.0,0,0.0,0.0
2020-06-19 00:00:00+02:00,97.5,100.0,97.5,100.0,0,0.0,0.0
2020-06-22 00:00:00+02:00,100.0,100.0,99.0,99.0,0,0.0,0.0
2020-06-23 00:00:00+02:00,98.5,98.5,98.5,98.5,0,0.0,0.0
2020-06-24 00:00:00+02:00,99.5,100.0,97.5,97.5,0,0.0,0.0
2020-06-25 00:00:00+02:00,95.5,96.5,95.5,96.5,0,0.0,0.0
2020-06-26 00:00:00+02:00,96.5,97.0,96.5,97.0,0,0.0,0.0
2020-06-29 00:00:00+02:00,94.5,96.5,94.5,96.5,0,0.0,0.0
2020-06-30 00:00:00+02:00,96.0,97.5,96.0,96.0,0,0.0,0.0
2020-07-01 00:00:00+02:00,97.0,98.5,97.0,98.0,0,0.0,0.0
2020-07-02 00:00:00+02:00,96.0,98.5,96.0,98.5,0,0.0,0.0
2020-07-03 00:00:00+02:00,96.0,96.0,96.0,96.0,0,0.0,0.0
2020-07-06 00:00:00+02:00,96.0,96.0,96.0,96.0,0,0.0,0.0
2020-07-07 00:00:00+02:00,97.0,97.0,97.0,97.0,0,0.0,0.0
2020-07-08 00:00:00+02:00,95.0,95.5,95.0,95.5,0,0.0,0.0
2020-07-09 00:00:00+02:00,93.0,96.5,93.0,96.5,37,0.0,0.0
2020-07-10 00:00:00+02:00,92.0,93.5,92.0,93.5,0,0.0,0.0
2020-07-13 00:00:00+02:00,92.5,94.5,92.5,94.0,0,0.0,0.0
2020-07-14 00:00:00+02:00,91.5,92.5,91.5,92.5,0,0.0,0.0
2020-07-15 00:00:00+02:00,92.5,95.5,92.5,95.5,0,0.0,0.0
2020-07-16 00:00:00+02:00,94.5,95.0,94.0,94.5,0,0.0,0.0
2020-07-17 00:00:00+02:00,94.0,95.0,94.0,94.5,0,0.0,0.0
2020-07-20 00:00:00+02:00,93.0,93.0,93.0,93.0,0,0.0,0.0
2020-07-21 00:00:00+02:00,93.0,93.0,93.0,93.0,0,0.0,0.0
2020-07-22 00:00:00+02:00,90.0,90.0,90.0,90.0,140,0.0,0.0
2020-07-23 00:00:00+02:00,93.5,93.5,93.5,93.5,0,0.0,0.0
2020-07-24 00:00:00+02:00,96.0,96.0,96.0,96.0,0,0.0,0.0
2020-07-27 00:00:00+02:00,95.0,95.0,95.0,95.0,0,0.0,0.0
2020-07-28 00:00:00+02:00,95.5,95.5,95.5,95.5,0,0.0,0.0
2020-07-29 00:00:00+02:00,95.5,96.0,95.5,96.0,0,0.0,0.0
2020-07-30 00:00:00+02:00,96.0,96.0,95.5,95.5,0,0.0,0.0
2020-07-31 00:00:00+02:00,94.5,94.5,94.5,94.5,0,0.0,0.0
2020-08-03 00:00:00+02:00,90.5,90.5,90.5,90.5,0,0.0,0.0
2020-08-04 00:00:00+02:00,93.5,94.5,93.5,94.5,0,0.0,0.0
2020-08-05 00:00:00+02:00,95.0,101.0,95.0,101.0,50,0.0,0.0
2020-08-06 00:00:00+02:00,101.0,106.0,101.0,106.0,0,0.0,0.0
2020-08-07 00:00:00+02:00,105.0,107.0,105.0,107.0,0,0.0,0.0
2020-08-10 00:00:00+02:00,105.0,106.0,105.0,106.0,0,0.0,0.0
2020-08-11 00:00:00+02:00,106.0,106.0,106.0,106.0,0,0.0,0.0
2020-08-12 00:00:00+02:00,103.0,104.0,103.0,104.0,0,0.0,0.0
2020-08-13 00:00:00+02:00,100.0,103.0,100.0,103.0,0,0.0,0.0
2020-08-14 00:00:00+02:00,102.0,102.0,102.0,102.0,0,0.0,0.0
2020-08-17 00:00:00+02:00,103.0,104.0,103.0,104.0,0,0.0,0.0
2020-08-18 00:00:00+02:00,103.0,103.0,102.0,102.0,0,0.0,0.0
2020-08-19 00:00:00+02:00,101.0,104.0,101.0,104.0,0,0.0,0.0
2020-08-20 00:00:00+02:00,103.0,104.0,103.0,104.0,0,0.0,0.0
2020-08-21 00:00:00+02:00,103.0,104.0,103.0,104.0,0,0.0,0.0
2020-08-24 00:00:00+02:00,103.0,104.0,103.0,104.0,0,0.0,0.0
2020-08-25 00:00:00+02:00,103.0,103.0,103.0,103.0,0,0.0,0.0
2020-08-26 00:00:00+02:00,103.0,104.0,103.0,104.0,0,0.0,0.0
2020-08-27 00:00:00+02:00,104.0,108.0,103.0,108.0,32,0.0,0.0
2020-08-28 00:00:00+02:00,104.0,108.0,103.0,108.0,32,0.0,0.0
2020-08-31 00:00:00+02:00,113.0,113.0,111.0,111.0,50,0.0,0.0
2020-09-01 00:00:00+02:00,110.0,110.0,110.0,110.0,0,0.0,0.0
2020-09-02 00:00:00+02:00,112.0,114.0,112.0,114.0,0,0.0,0.0
2020-09-03 00:00:00+02:00,113.0,114.0,113.0,113.0,0,0.0,0.0
2020-09-04 00:00:00+02:00,111.0,112.0,110.0,110.0,192,0.0,0.0
2020-09-07 00:00:00+02:00,114.0,114.0,114.0,114.0,50,0.0,0.0
2020-09-08 00:00:00+02:00,114.0,117.0,112.0,117.0,50,0.0,0.0
2020-09-09 00:00:00+02:00,115.0,118.0,115.0,118.0,0,0.0,0.0
2020-09-10 00:00:00+02:00,117.0,119.0,117.0,118.0,0,0.0,0.0
2020-09-11 00:00:00+02:00,116.0,116.0,114.0,115.0,0,0.0,0.0
2020-09-14 00:00:00+02:00,114.0,114.0,114.0,114.0,199,0.0,0.0
2020-09-15 00:00:00+02:00,116.0,116.0,116.0,116.0,0,0.0,0.0
2020-09-16 00:00:00+02:00,118.0,120.0,117.0,120.0,0,0.0,0.0
2020-09-17 00:00:00+02:00,120.0,120.0,119.0,120.0,0,0.0,0.0
2020-09-18 00:00:00+02:00,116.0,116.0,116.0,116.0,0,0.0,0.0
2020-09-21 00:00:00+02:00,116.0,116.0,116.0,116.0,0,0.0,0.0
2020-09-22 00:00:00+02:00,116.0,116.0,116.0,116.0,0,0.0,0.0
2020-09-23 00:00:00+02:00,116.0,116.0,116.0,116.0,0,0.0,0.0
2020-09-24 00:00:00+02:00,116.0,116.0,116.0,116.0,0,0.0,0.0
2020-09-25 00:00:00+02:00,116.0,116.0,116.0,116.0,0,0.0,0.0
2020-09-28 00:00:00+02:00,116.0,116.0,116.0,116.0,0,0.0,0.0
2020-09-29 00:00:00+02:00,116.0,116.0,116.0,116.0,0,0.0,0.0
2020-09-30 00:00:00+02:00,116.0,116.0,116.0,116.0,0,0.0,0.0
2020-10-01 00:00:00+02:00,116.0,116.0,116.0,116.0,0,0.0,0.0
2020-10-02 00:00:00+02:00,116.0,116.0,116.0,116.0,0,0.0,0.0
2020-10-05 00:00:00+02:00,116.0,116.0,116.0,116.0,0,0.0,0.0
2020-10-06 00:00:00+02:00,116.0,116.0,116.0,116.0,0,0.0,0.0
2020-10-07 00:00:00+02:00,116.0,116.0,116.0,116.0,0,0.0,0.0
2020-10-08 00:00:00+02:00,116.0,116.0,116.0,116.0,0,0.0,0.0
2020-10-09 00:00:00+02:00,116.0,116.0,116.0,116.0,0,0.0,0.0
2020-10-12 00:00:00+02:00,116.0,116.0,116.0,116.0,0,0.0,0.0
2020-10-13 00:00:00+02:00,116.0,116.0,116.0,116.0,0,0.0,0.0
2020-10-14 00:00:00+02:00,116.0,116.0,116.0,116.0,0,0.0,0.0
2020-10-15 00:00:00+02:00,116.0,116.0,116.0,116.0,0,0.0,0.0
2020-10-16 00:00:00+02:00,116.0,116.0,116.0,116.0,0,0.0,0.0
2020-10-19 00:00:00+02:00,116.0,116.0,116.0,116.0,0,0.0,0.0
2020-10-20 00:00:00+02:00,116.0,116.0,116.0,116.0,0,0.0,0.0
2020-10-21 00:00:00+02:00,116.0,116.0,116.0,116.0,0,0.0,0.0
2020-10-22 00:00:00+02:00,116.0,116.0,116.0,116.0,0,0.0,0.0
2020-10-23 00:00:00+02:00,116.0,116.0,116.0,116.0,0,0.0,0.0
2020-10-26 00:00:00+01:00,116.0,116.0,116.0,116.0,0,0.0,0.0
2020-10-27 00:00:00+01:00,116.0,116.0,116.0,116.0,0,0.0,0.0
2020-10-28 00:00:00+01:00,116.0,116.0,116.0,116.0,0,0.0,0.0
2020-10-29 00:00:00+01:00,116.0,116.0,116.0,116.0,0,0.0,0.0
2020-10-30 00:00:00+01:00,123.0,124.0,122.0,122.0,0,0.0,0.0
2020-11-02 00:00:00+01:00,122.0,125.0,122.0,125.0,0,0.0,0.0
2020-11-03 00:00:00+01:00,131.0,131.0,131.0,131.0,0,0.0,0.0
2020-11-04 00:00:00+01:00,126.0,126.0,126.0,126.0,0,0.0,0.0
2020-11-05 00:00:00+01:00,132.0,132.0,129.0,129.0,0,0.0,0.0
2020-11-06 00:00:00+01:00,127.0,127.0,125.0,125.0,10,0.0,0.0
2020-11-09 00:00:00+01:00,123.0,125.0,123.0,124.0,0,0.0,0.0
2020-11-10 00:00:00+01:00,121.0,121.0,121.0,121.0,0,0.0,0.0
2020-11-11 00:00:00+01:00,125.0,126.0,125.0,125.0,0,0.0,0.0
2020-11-12 00:00:00+01:00,123.0,123.0,122.0,122.0,0,0.0,0.0
2020-11-13 00:00:00+01:00,121.0,124.0,121.0,124.0,0,0.0,0.0
2020-11-16 00:00:00+01:00,122.0,123.0,122.0,122.0,0,0.0,0.0
2020-11-17 00:00:00+01:00,121.0,122.0,121.0,122.0,0,0.0,0.0
2020-11-18 00:00:00+01:00,121.0,123.0,121.0,122.0,0,0.0,0.0
2020-11-19 00:00:00+01:00,119.0,119.0,119.0,119.0,0,0.0,0.0
2020-11-20 00:00:00+01:00,119.0,121.0,119.0,121.0,0,0.0,0.0
2020-11-23 00:00:00+01:00,119.0,119.0,119.0,119.0,0,0.0,0.0
2020-11-24 00:00:00+01:00,120.0,121.0,119.0,119.0,0,0.0,0.0
2020-11-25 00:00:00+01:00,118.0,118.0,118.0,118.0,0,0.0,0.0
2020-11-26 00:00:00+01:00,117.0,117.0,117.0,117.0,0,0.0,0.0
2020-11-27 00:00:00+01:00,117.0,119.0,117.0,119.0,0,0.0,0.0
2020-11-30 00:00:00+01:00,118.0,118.0,118.0,118.0,0,0.0,0.0
2020-12-01 00:00:00+01:00,116.0,118.0,116.0,118.0,0,0.0,0.0
2020-12-02 00:00:00+01:00,117.0,119.0,117.0,118.0,0,0.0,0.0
2020-12-03 00:00:00+01:00,117.0,117.0,117.0,117.0,0,0.0,0.0
2020-12-04 00:00:00+01:00,122.0,125.0,122.0,125.0,0,0.0,0.0
2020-12-07 00:00:00+01:00,122.0,122.0,122.0,122.0,0,0.0,0.0
2020-12-08 00:00:00+01:00,120.0,120.0,120.0,120.0,0,0.0,0.0
2020-12-09 00:00:00+01:00,121.0,121.0,120.0,120.0,0,0.0,0.0
2020-12-10 00:00:00+01:00,119.0,120.0,119.0,120.0,0,0.0,0.0
2020-12-11 00:00:00+01:00,119.0,120.0,119.0,120.0,0,0.0,0.0
2020-12-14 00:00:00+01:00,118.0,121.0,118.0,121.0,0,0.0,0.0
2020-12-15 00:00:00+01:00,121.0,121.0,121.0,121.0,0,0.0,0.0
2020-12-16 00:00:00+01:00,126.0,126.0,123.0,124.0,0,0.0,0.0
2020-12-17 00:00:00+01:00,122.0,122.0,122.0,122.0,90,0.0,0.0
2020-12-18 00:00:00+01:00,120.0,120.0,120.0,120.0,0,0.0,0.0
2020-12-21 00:00:00+01:00,122.0,122.0,121.0,122.0,0,0.0,0.0
2020-12-22 00:00:00+01:00,121.0,124.0,121.0,124.0,0,0.0,0.0
2020-12-23 00:00:00+01:00,122.0,122.0,122.0,122.0,0,0.0,0.0
2020-12-28 00:00:00+01:00,127.0,129.0,127.0,129.0,0,0.0,0.0
2020-12-29 00:00:00+01:00,128.0,130.0,128.0,130.0,0,0.0,0.0
2020-12-30 00:00:00+01:00,128.0,128.0,128.0,128.0,0,0.0,0.0
2021-01-04 00:00:00+01:00,132.0,132.0,130.0,130.0,0,0.0,0.0
2021-01-05 00:00:00+01:00,129.0,131.0,129.0,131.0,0,0.0,0.0
2021-01-06 00:00:00+01:00,130.0,132.0,130.0,132.0,0,0.0,0.0
2021-01-07 00:00:00+01:00,131.0,133.0,131.0,133.0,0,0.0,0.0
2021-01-08 00:00:00+01:00,131.0,131.0,131.0,131.0,0,0.0,0.0
2021-01-11 00:00:00+01:00,130.0,132.0,130.0,132.0,0,0.0,0.0
2021-01-12 00:00:00+01:00,131.0,131.0,131.0,131.0,0,0.0,0.0
2021-01-13 00:00:00+01:00,130.0,130.0,130.0,130.0,0,0.0,0.0
2021-01-14 00:00:00+01:00,132.0,132.0,132.0,132.0,0,0.0,0.0
2021-01-15 00:00:00+01:00,134.0,138.0,134.0,138.0,0,0.0,0.0
2021-01-18 00:00:00+01:00,136.0,136.0,136.0,136.0,8,0.0,0.0
2021-01-19 00:00:00+01:00,136.0,136.0,136.0,136.0,0,0.0,0.0
2021-01-20 00:00:00+01:00,135.0,139.0,135.0,139.0,0,0.0,0.0
2021-01-21 00:00:00+01:00,136.0,136.0,136.0,136.0,0,0.0,0.0
2021-01-22 00:00:00+01:00,134.0,134.0,134.0,134.0,0,0.0,0.0
2021-01-25 00:00:00+01:00,136.0,140.0,136.0,140.0,0,0.0,0.0
2021-01-26 00:00:00+01:00,139.0,139.0,139.0,139.0,0,0.0,0.0
2021-01-27 00:00:00+01:00,134.0,135.0,133.0,133.0,20,0.0,0.0
2021-01-28 00:00:00+01:00,133.0,134.0,133.0,134.0,0,0.0,0.0
2021-01-29 00:00:00+01:00,129.0,129.0,129.0,129.0,0,0.0,0.0
2021-02-01 00:00:00+01:00,126.0,129.0,126.0,129.0,0,0.0,0.0
2021-02-02 00:00:00+01:00,127.0,130.0,127.0,130.0,0,0.0,0.0
2021-02-03 00:00:00+01:00,129.0,129.0,126.0,127.0,38,0.0,0.0
2021-02-04 00:00:00+01:00,124.0,126.0,124.0,126.0,0,0.0,0.0
2021-02-05 00:00:00+01:00,124.0,124.0,124.0,124.0,0,0.0,0.0
2021-02-08 00:00:00+01:00,128.0,128.0,128.0,128.0,0,0.0,0.0
2021-02-09 00:00:00+01:00,135.0,135.0,135.0,135.0,0,0.0,0.0
2021-02-10 00:00:00+01:00,136.0,140.0,136.0,140.0,50,0.0,0.0
2021-02-11 00:00:00+01:00,134.0,134.0,134.0,134.0,0,0.0,0.0
2021-02-12 00:00:00+01:00,136.0,136.0,136.0,136.0,0,0.0,0.0
2021-02-15 00:00:00+01:00,136.0,136.0,136.0,136.0,0,0.0,0.0
2021-02-16 00:00:00+01:00,136.0,136.0,136.0,136.0,0,0.0,0.0
2021-02-17 00:00:00+01:00,136.0,136.0,135.0,135.0,0,0.0,0.0
2021-02-18 00:00:00+01:00,134.0,134.0,130.0,130.0,0,0.0,0.0
2021-02-19 00:00:00+01:00,129.0,131.0,129.0,131.0,0,0.0,0.0
2021-02-22 00:00:00+01:00,130.0,133.0,130.0,133.0,0,0.0,0.0
2021-02-23 00:00:00+01:00,131.0,131.0,128.0,130.0,0,0.0,0.0
2021-02-24 00:00:00+01:00,129.0,142.0,129.0,142.0,25,0.0,0.0
2021-02-25 00:00:00+01:00,140.0,140.0,139.0,139.0,0,0.0,0.0
2021-02-26 00:00:00+01:00,138.0,140.0,138.0,140.0,0,0.0,0.0
2021-03-01 00:00:00+01:00,137.0,139.0,137.0,139.0,0,0.0,0.0
2021-03-02 00:00:00+01:00,138.0,138.0,138.0,138.0,0,0.0,0.0
2021-03-03 00:00:00+01:00,135.0,135.0,135.0,135.0,0,0.0,0.0
2021-03-04 00:00:00+01:00,133.0,133.0,133.0,133.0,0,0.0,0.0
2021-03-05 00:00:00+01:00,132.0,133.0,132.0,133.0,0,0.0,0.0
2021-03-08 00:00:00+01:00,136.0,138.0,136.0,138.0,0,0.0,0.0
2021-03-09 00:00:00+01:00,134.0,136.0,134.0,136.0,0,0.0,0.0
2021-03-10 00:00:00+01:00,133.0,133.0,133.0,133.0,0,0.0,0.0
2021-03-11 00:00:00+01:00,135.0,138.0,135.0,137.0,0,0.0,0.0
2021-03-12 00:00:00+01:00,136.0,139.0,136.0,139.0,0,0.0,0.0
2021-03-15 00:00:00+01:00,138.0,142.0,138.0,142.0,0,0.0,0.0
2021-03-16 00:00:00+01:00,142.0,145.0,142.0,143.0,10,0.0,0.0
2021-03-17 00:00:00+01:00,142.0,144.0,142.0,144.0,0,0.0,0.0
2021-03-18 00:00:00+01:00,142.0,145.0,141.0,141.0,0,0.0,0.0
2021-03-19 00:00:00+01:00,140.0,143.0,140.0,143.0,0,0.0,0.0
2021-03-22 00:00:00+01:00,143.0,143.0,142.0,142.0,0,0.0,0.0
2021-03-23 00:00:00+01:00,141.0,141.0,141.0,141.0,0,0.0,0.0
2021-03-24 00:00:00+01:00,137.0,137.0,137.0,137.0,0,0.0,0.0
2021-03-25 00:00:00+01:00,134.0,134.0,134.0,134.0,0,0.0,0.0
2021-03-26 00:00:00+01:00,139.0,142.0,139.0,142.0,0,0.0,0.0
2021-03-29 00:00:00+02:00,141.0,141.0,141.0,141.0,0,0.0,0.0
2021-03-30 00:00:00+02:00,140.0,141.0,140.0,141.0,0,0.0,0.0
2021-03-31 00:00:00+02:00,140.0,141.0,140.0,140.0,0,0.0,0.0
2021-04-01 00:00:00+02:00,138.5500030517578,138.5500030517578,138.25,138.25,50,0.0,0.0
2021-04-06 00:00:00+02:00,137.5500030517578,139.0500030517578,135.9499969482422,135.9499969482422,0,0.0,0.0
2021-04-07 00:00:00+02:00,135.39999389648438,136.39999389648438,135.39999389648438,136.0500030517578,0,0.0,0.0
2021-04-08 00:00:00+02:00,134.5,135.4499969482422,134.5,135.10000610351562,0,0.0,0.0
2021-04-09 00:00:00+02:00,133.64999389648438,135.10000610351562,133.64999389648438,135.10000610351562,0,0.0,0.0
2021-04-12 00:00:00+02:00,133.6999969482422,135.6999969482422,133.6999969482422,135.6999969482422,0,0.0,0.0
2021-04-13 00:00:00+02:00,134.75,135.10000610351562,134.75,134.9499969482422,0,0.0,0.0
2021-04-14 00:00:00+02:00,134.8000030517578,138.3000030517578,134.8000030517578,138.25,0,0.0,0.0
2021-04-15 00:00:00+02:00,137.25,139.8000030517578,137.25,139.8000030517578,0,0.0,0.0
2021-04-16 00:00:00+02:00,138.85000610351562,140.9499969482422,138.85000610351562,140.0500030517578,0,0.0,0.0
2021-04-19 00:00:00+02:00,139.35000610351562,139.35000610351562,139.35000610351562,139.35000610351562,0,0.0,0.0
2021-04-20 00:00:00+02:00,136.85000610351562,136.85000610351562,136.85000610351562,136.85000610351562,0,0.0,0.0
2021-04-21 00:00:00+02:00,138.0500030517578,140.60000610351562,138.0500030517578,140.60000610351562,0,0.0,0.0
2021-04-22 00:00:00+02:00,139.10000610351562,139.1999969482422,139.0500030517578,139.1999969482422,0,0.0,0.0
2021-04-23 00:00:00+02:00,137.4499969482422,137.4499969482422,137.4499969482422,137.4499969482422,0,0.0,0.0
2021-04-26 00:00:00+02:00,136.0,136.0,136.0,136.0,0,0.0,0.0
2021-04-27 00:00:00+02:00,135.35000610351562,135.35000610351562,135.35000610351562,135.35000610351562,0,0.0,0.0
2021-04-28 00:00:00+02:00,133.5,136.5,133.5,136.5,0,0.0,0.0
2021-04-29 00:00:00+02:00,134.35000610351562,136.0,134.35000610351562,136.0,0,0.0,0.0
2021-04-30 00:00:00+02:00,135.0,135.0,135.0,135.0,0,0.0,0.0
2021-05-03 00:00:00+02:00,134.9499969482422,136.5,134.9499969482422,136.5,0,0.0,0.0
2021-05-04 00:00:00+02:00,135.5,135.5,132.89999389648438,132.89999389648438,0,0.0,0.0
2021-05-05 00:00:00+02:00,134.5,140.85000610351562,134.5,140.3000030517578,0,0.0,0.0
2021-05-06 00:00:00+02:00,140.5,141.25,138.39999389648438,141.25,0,0.0,0.0
2021-05-07 00:00:00+02:00,141.5500030517578,144.0500030517578,141.5500030517578,142.85000610351562,0,0.0,0.0
2021-05-10 00:00:00+02:00,141.85000610351562,145.10000610351562,141.85000610351562,145.10000610351562,0,0.0,0.0
2021-05-11 00:00:00+02:00,143.1999969482422,143.1999969482422,143.1999969482422,143.1999969482422,0,0.0,0.0
2021-05-12 00:00:00+02:00,141.5,145.14999389648438,141.39999389648438,145.14999389648438,1,0.0,0.0
2021-05-13 00:00:00+02:00,143.75,143.75,143.75,143.75,0,0.0,0.0
2021-05-14 00:00:00+02:00,145.5500030517578,146.6999969482422,145.5500030517578,146.6999969482422,0,0.0,0.0
2021-05-17 00:00:00+02:00,147.85000610351562,147.85000610351562,144.6999969482422,144.75,0,0.0,0.0
2021-05-18 00:00:00+02:00,143.35000610351562,144.10000610351562,143.0500030517578,143.85000610351562,0,0.0,0.0
2021-05-19 00:00:00+02:00,141.3000030517578,143.0500030517578,141.3000030517578,143.0500030517578,0,0.0,0.0
2021-05-20 00:00:00+02:00,141.8000030517578,145.9499969482422,141.75,145.85000610351562,1,0.0,0.0
2021-05-21 00:00:00+02:00,144.14999389648438,144.39999389648438,144.14999389648438,144.1999969482422,6,0.0,0.0
2021-05-25 00:00:00+02:00,144.5500030517578,144.8000030517578,144.5500030517578,144.8000030517578,0,0.0,0.0
2021-05-26 00:00:00+02:00,143.14999389648438,145.25,143.14999389648438,145.25,0,0.0,0.0
2021-05-27 00:00:00+02:00,144.35000610351562,147.0,144.0500030517578,144.0500030517578,4,0.0,0.0
2021-05-28 00:00:00+02:00,142.60000610351562,145.0,142.60000610351562,145.0,0,0.0,0.0
2021-05-31 00:00:00+02:00,144.10000610351562,147.85000610351562,143.6999969482422,143.75,220,0.0,0.0
2021-06-01 00:00:00+02:00,143.75,143.75,143.75,143.75,0,0.0,0.0
2021-06-02 00:00:00+02:00,141.85000610351562,142.39999389648438,141.60000610351562,141.85000610351562,0,0.0,0.0
2021-06-03 00:00:00+02:00,140.6999969482422,142.3000030517578,140.6999969482422,142.3000030517578,0,0.0,0.0
2021-06-04 00:00:00+02:00,141.35000610351562,141.35000610351562,141.25,141.25,0,0.0,0.0
2021-06-07 00:00:00+02:00,140.85000610351562,144.5500030517578,140.6999969482422,144.39999389648438,0,0.0,0.0
2021-06-08 00:00:00+02:00,143.0500030517578,146.85000610351562,143.0500030517578,145.8000030517578,17,0.0,0.0
2021-06-09 00:00:00+02:00,145.0500030517578,149.8000030517578,144.89999389648438,148.85000610351562,0,0.0,0.0
2021-06-10 00:00:00+02:00,147.64999389648438,150.8000030517578,147.60000610351562,150.8000030517578,0,0.0,0.0
2021-06-11 00:00:00+02:00,150.60000610351562,151.10000610351562,150.60000610351562,151.10000610351562,0,0.0,0.0
2021-06-14 00:00:00+02:00,151.9499969482422,153.14999389648438,151.9499969482422,152.89999389648438,0,0.0,0.0
2021-06-15 00:00:00+02:00,151.89999389648438,153.25,151.89999389648438,153.25,0,0.0,0.0
2021-06-16 00:00:00+02:00,149.14999389648438,150.39999389648438,149.14999389648438,150.39999389648438,0,0.0,0.0
2021-06-17 00:00:00+02:00,149.0500030517578,152.5500030517578,146.39999389648438,148.64999389648438,58,0.0,0.0
2021-06-18 00:00:00+02:00,147.35000610351562,151.35000610351562,147.10000610351562,147.64999389648438,10,0.0,0.0
2021-06-21 00:00:00+02:00,147.3000030517578,148.5,147.3000030517578,148.3000030517578,0,0.0,0.0
2021-06-22 00:00:00+02:00,147.25,147.25,147.25,147.25,19,0.0,0.0
2021-06-23 00:00:00+02:00,146.85000610351562,146.85000610351562,146.60000610351562,146.60000610351562,0,0.0,0.0
2021-06-24 00:00:00+02:00,146.64999389648438,148.60000610351562,146.64999389648438,148.60000610351562,0,0.0,0.0
2021-06-25 00:00:00+02:00,147.75,150.4499969482422,147.75,150.4499969482422,0,0.0,0.0
2021-06-28 00:00:00+02:00,149.75,151.60000610351562,149.75,151.60000610351562,0,0.0,0.0
2021-06-29 00:00:00+02:00,150.6999969482422,152.5,150.6999969482422,151.0,0,0.0,0.0
2021-06-30 00:00:00+02:00,149.8000030517578,149.8000030517578,148.5,149.8000030517578,50,0.0,0.0
2021-07-01 00:00:00+02:00,152.9499969482422,153.3000030517578,151.85000610351562,152.5,10,0.0,0.0
2021-07-02 00:00:00+02:00,151.10000610351562,152.14999389648438,151.10000610351562,152.14999389648438,0,0.0,0.0
2021-07-05 00:00:00+02:00,151.25,151.25,151.0500030517578,151.0500030517578,0,0.0,0.0
2021-07-06 00:00:00+02:00,150.8000030517578,150.8000030517578,150.8000030517578,150.8000030517578,0,0.0,0.0
2021-07-07 00:00:00+02:00,152.6999969482422,152.6999969482422,152.6999969482422,152.6999969482422,0,0.0,0.0
2021-07-08 00:00:00+02:00,153.9499969482422,153.9499969482422,153.9499969482422,153.9499969482422,0,0.0,0.0
2021-07-09 00:00:00+02:00,153.0,155.3000030517578,152.64999389648438,155.3000030517578,0,0.0,0.0
2021-07-12 00:00:00+02:00,156.0,156.0,154.6999969482422,155.25,0,0.0,0.0
2021-07-13 00:00:00+02:00,153.9499969482422,155.60000610351562,153.8000030517578,155.60000610351562,0,0.0,0.0
2021-07-14 00:00:00+02:00,153.0,153.0,151.85000610351562,152.39999389648438,0,0.0,0.0
2021-07-15 00:00:00+02:00,150.5500030517578,151.1999969482422,149.10000610351562,150.5500030517578,0,0.0,0.0
2021-07-16 00:00:00+02:00,149.25,151.4499969482422,148.4499969482422,148.4499969482422,0,0.0,0.0
2021-07-19 00:00:00+02:00,146.75,147.10000610351562,143.60000610351562,144.6999969482422,10,0.0,0.0
2021-07-20 00:00:00+02:00,143.75,143.75,143.6999969482422,143.6999969482422,0,0.0,0.0
2021-07-21 00:00:00+02:00,147.14999389648438,149.0500030517578,147.14999389648438,149.0500030517578,0,0.0,0.0
2021-07-22 00:00:00+02:00,148.10000610351562,148.10000610351562,147.3000030517578,147.60000610351562,0,0.0,0.0
2021-07-23 00:00:00+02:00,145.85000610351562,147.5,145.60000610351562,147.1999969482422,0,0.0,0.0
2021-07-26 00:00:00+02:00,145.75,147.4499969482422,145.75,146.39999389648438,0,0.0,0.0
2021-07-27 00:00:00+02:00,145.0,145.0,145.0,145.0,0,0.0,0.0
2021-07-28 00:00:00+02:00,145.14999389648438,145.14999389648438,145.14999389648438,145.14999389648438,0,0.0,0.0
2021-07-29 00:00:00+02:00,145.39999389648438,145.39999389648438,144.5,144.5,0,0.0,0.0
2021-07-30 00:00:00+02:00,141.75,142.64999389648438,141.75,142.5,0,0.0,0.0
2021-08-02 00:00:00+02:00,141.0,143.5500030517578,141.0,143.1999969482422,0,0.0,0.0
2021-08-03 00:00:00+02:00,141.89999389648438,143.6999969482422,141.14999389648438,143.60000610351562,0,0.0,0.0
2021-08-04 00:00:00+02:00,142.1999969482422,142.1999969482422,142.1999969482422,142.1999969482422,0,0.0,0.0
2021-08-05 00:00:00+02:00,129.5,131.1999969482422,125.0,125.0,15,0.0,0.0
2021-08-06 00:00:00+02:00,123.94999694824219,127.75,123.94999694824219,127.30000305175781,10,0.0,0.0
2021-08-09 00:00:00+02:00,125.94999694824219,129.25,125.94999694824219,127.80000305175781,50,0.0,0.0
2021-08-10 00:00:00+02:00,128.5500030517578,128.5500030517578,128.5500030517578,128.5500030517578,0,0.0,0.0
2021-08-11 00:00:00+02:00,123.6500015258789,123.6500015258789,122.19999694824219,122.55000305175781,0,0.0,0.0
2021-08-12 00:00:00+02:00,121.94999694824219,123.80000305175781,121.94999694824219,123.80000305175781,0,0.0,0.0
2021-08-13 00:00:00+02:00,122.55000305175781,122.55000305175781,120.8499984741211,120.8499984741211,0,0.0,0.0
2021-08-16 00:00:00+02:00,119.0999984741211,119.0999984741211,119.0999984741211,119.0999984741211,0,0.0,0.0
2021-08-17 00:00:00+02:00,117.55000305175781,117.55000305175781,116.25,116.25,0,0.0,0.0
2021-08-18 00:00:00+02:00,116.05000305175781,116.55000305175781,116.05000305175781,116.05000305175781,0,0.0,0.0
2021-08-19 00:00:00+02:00,114.0,116.69999694824219,114.0,116.69999694824219,45,0.0,0.0
2021-08-20 00:00:00+02:00,111.1500015258789,112.9000015258789,111.1500015258789,112.69999694824219,0,0.0,0.0
2021-08-23 00:00:00+02:00,112.44999694824219,112.44999694824219,112.44999694824219,112.44999694824219,0,0.0,0.0
2021-08-24 00:00:00+02:00,116.9000015258789,124.44999694824219,115.25,115.25,91,0.0,0.0
2021-08-25 00:00:00+02:00,114.69999694824219,114.69999694824219,114.3499984741211,114.55000305175781,0,0.0,0.0
2021-08-26 00:00:00+02:00,113.55000305175781,113.55000305175781,112.0999984741211,112.0999984741211,0,0.0,0.0
2021-08-27 00:00:00+02:00,111.69999694824219,115.5,111.69999694824219,112.55000305175781,20,0.0,0.0
2021-08-30 00:00:00+02:00,111.44999694824219,112.19999694824219,111.05000305175781,111.05000305175781,0,0.0,0.0
2021-08-31 00:00:00+02:00,109.69999694824219,112.0999984741211,109.69999694824219,111.3499984741211,9,0.0,0.0
2021-09-01 00:00:00+02:00,110.25,111.94999694824219,110.0,111.4000015258789,0,0.0,0.0
2021-09-02 00:00:00+02:00,110.0999984741211,112.6500015258789,110.0999984741211,112.5999984741211,0,0.0,0.0
2021-09-03 00:00:00+02:00,112.80000305175781,114.6500015258789,112.80000305175781,114.25,0,0.0,0.0
2021-09-06 00:00:00+02:00,113.80000305175781,116.80000305175781,113.80000305175781,116.80000305175781,1,0.0,0.0
2021-09-07 00:00:00+02:00,113.80000305175781,114.4000015258789,112.8499984741211,114.4000015258789,0,0.0,0.0
2021-09-08 00:00:00+02:00,112.6500015258789,113.69999694824219,112.6500015258789,113.69999694824219,0,0.0,0.0
2021-09-09 00:00:00+02:00,112.69999694824219,113.9000015258789,112.69999694824219,113.1500015258789,0,0.0,0.0
2021-09-10 00:00:00+02:00,112.19999694824219,112.19999694824219,112.19999694824219,112.19999694824219,0,0.0,0.0
2021-09-13 00:00:00+02:00,115.6500015258789,115.6500015258789,112.5999984741211,113.8499984741211,10,0.0,0.0
2021-09-14 00:00:00+02:00,113.19999694824219,113.94999694824219,112.80000305175781,113.80000305175781,0,0.0,0.0
2021-09-15 00:00:00+02:00,113.6500015258789,114.69999694824219,112.30000305175781,112.55000305175781,0,0.0,0.0
2021-09-16 00:00:00+02:00,111.4000015258789,112.0,108.75,108.75,0,0.0,0.0
2021-09-17 00:00:00+02:00,110.25,110.25,110.25,110.25,0,0.0,0.0
2021-09-20 00:00:00+02:00,111.55000305175781,111.94999694824219,109.44999694824219,111.94999694824219,0,0.0,0.0
2021-09-21 00:00:00+02:00,108.80000305175781,110.44999694824219,108.75,109.25,0,0.0,0.0
2021-09-22 00:00:00+02:00,108.80000305175781,110.4000015258789,108.6500015258789,110.4000015258789,0,0.0,0.0
2021-09-23 00:00:00+02:00,109.25,113.75,109.05000305175781,113.75,0,0.0,0.0
2021-09-24 00:00:00+02:00,113.19999694824219,117.1500015258789,113.1500015258789,117.1500015258789,0,0.0,0.0
2021-09-27 00:00:00+02:00,113.94999694824219,115.80000305175781,113.94999694824219,114.0,0,0.0,0.0
2021-09-28 00:00:00+02:00,112.9000015258789,113.80000305175781,112.30000305175781,113.69999694824219,0,0.0,0.0
2021-09-29 00:00:00+02:00,111.9000015258789,113.9000015258789,111.9000015258789,113.9000015258789,0,0.0,0.0
2021-09-30 00:00:00+02:00,112.0999984741211,112.8499984741211,112.0,112.69999694824219,0,0.0,0.0
2021-10-01 00:00:00+02:00,111.05000305175781,112.1500015258789,110.8499984741211,111.6500015258789,0,0.0,0.0
2021-10-04 00:00:00+02:00,110.55000305175781,110.55000305175781,109.55000305175781,109.69999694824219,0,0.0,0.0
2021-10-05 00:00:00+02:00,108.30000305175781,110.9000015258789,108.30000305175781,110.9000015258789,0,0.0,0.0
2021-10-06 00:00:00+02:00,110.4000015258789,110.4000015258789,110.4000015258789,110.4000015258789,0,0.0,0.0
2021-10-07 00:00:00+02:00,117.05000305175781,120.0999984741211,117.05000305175781,120.0999984741211,0,0.0,0.0
2021-10-08 00:00:00+02:00,118.3499984741211,119.9000015258789,118.0,118.69999694824219,0,0.0,0.0
2021-10-11 00:00:00+02:00,115.94999694824219,118.94999694824219,115.94999694824219,118.80000305175781,0,0.0,0.0
2021-10-12 00:00:00+02:00,116.4000015258789,117.9000015258789,116.4000015258789,117.9000015258789,0,0.0,0.0
2021-10-13 00:00:00+02:00,115.25,116.69999694824219,115.25,116.05000305175781,0,0.0,0.0
2021-10-14 00:00:00+02:00,115.0,117.94999694824219,115.0,117.80000305175781,0,0.0,0.0
2021-10-15 00:00:00+02:00,117.1500015258789,121.0,117.1500015258789,120.4000015258789,10,0.0,0.0
2021-10-18 00:00:00+02:00,119.75,120.55000305175781,119.75,120.55000305175781,0,0.0,0.0
2021-10-19 00:00:00+02:00,119.1500015258789,123.19999694824219,119.1500015258789,123.19999694824219,0,0.0,0.0
2021-10-20 00:00:00+02:00,121.94999694824219,125.3499984741211,121.94999694824219,124.5999984741211,0,0.0,0.0
2021-10-21 00:00:00+02:00,123.0999984741211,124.19999694824219,122.75,123.0999984741211,0,0.0,0.0
2021-10-22 00:00:00+02:00,122.44999694824219,123.69999694824219,122.25,123.5,0,0.0,0.0
2021-10-25 00:00:00+02:00,122.80000305175781,123.6500015258789,122.75,122.75,0,0.0,0.0
2021-10-26 00:00:00+02:00,121.6500015258789,121.75,117.94999694824219,118.1500015258789,0,0.0,0.0
2021-10-27 00:00:00+02:00,117.19999694824219,118.3499984741211,115.69999694824219,115.69999694824219,4,0.0,0.0
2021-10-28 00:00:00+02:00,114.05000305175781,114.30000305175781,113.75,114.1500015258789,0,0.0,0.0
2021-10-29 00:00:00+02:00,113.19999694824219,113.9000015258789,113.19999694824219,113.44999694824219,0,0.0,0.0
2021-11-01 00:00:00+01:00,113.69999694824219,119.19999694824219,113.69999694824219,118.3499984741211,252,0.0,0.0
2021-11-02 00:00:00+01:00,115.5999984741211,117.30000305175781,115.5999984741211,116.5,0,0.0,0.0
2021-11-03 00:00:00+01:00,115.1500015258789,117.19999694824219,115.1500015258789,117.0999984741211,0,0.0,0.0
2021-11-04 00:00:00+01:00,116.69999694824219,116.69999694824219,115.19999694824219,115.19999694824219,0,0.0,0.0
2021-11-05 00:00:00+01:00,114.0,116.19999694824219,114.0,116.19999694824219,0,0.0,0.0
2021-11-08 00:00:00+01:00,115.25,116.9000015258789,114.9000015258789,114.9000015258789,15,0.0,0.0
2021-11-09 00:00:00+01:00,113.44999694824219,114.0,113.05000305175781,113.9000015258789,0,0.0,0.0
2021-11-10 00:00:00+01:00,114.9000015258789,119.25,114.9000015258789,118.3499984741211,130,0.0,0.0
2021-11-11 00:00:00+01:00,117.19999694824219,117.30000305175781,117.19999694824219,117.30000305175781,0,0.0,0.0
2021-11-12 00:00:00+01:00,116.94999694824219,116.94999694824219,116.94999694824219,116.94999694824219,0,0.0,0.0
2021-11-15 00:00:00+01:00,120.25,120.6500015258789,120.25,120.6500015258789,0,0.0,0.0
2021-11-16 00:00:00+01:00,120.80000305175781,121.6500015258789,120.80000305175781,121.6500015258789,0,0.0,0.0
2021-11-17 00:00:00+01:00,120.5999984741211,120.5999984741211,120.5999984741211,120.5999984741211,0,0.0,0.0
2021-11-18 00:00:00+01:00,116.0999984741211,116.0999984741211,114.94999694824219,114.94999694824219,0,0.0,0.0
2021-11-19 00:00:00+01:00,116.69999694824219,117.4000015258789,113.69999694824219,113.69999694824219,410,0.0,0.0
2021-11-22 00:00:00+01:00,112.5,116.9000015258789,112.5,114.8499984741211,400,0.0,0.0
2021-11-23 00:00:00+01:00,113.69999694824219,114.55000305175781,113.5,114.5,0,0.0,0.0
2021-11-24 00:00:00+01:00,113.5999984741211,116.6500015258789,113.5999984741211,115.0,1,0.0,0.0
2021-11-25 00:00:00+01:00,113.80000305175781,113.9000015258789,113.80000305175781,113.8499984741211,0,0.0,0.0
2021-11-26 00:00:00+01:00,113.6500015258789,113.6500015258789,106.8499984741211,106.94999694824219,67,0.0,0.0
2021-11-29 00:00:00+01:00,108.75,109.80000305175781,108.75,109.80000305175781,0,0.0,0.0
2021-11-30 00:00:00+01:00,106.6500015258789,106.6500015258789,105.94999694824219,105.94999694824219,0,0.0,0.0
2021-12-01 00:00:00+01:00,104.44999694824219,104.44999694824219,104.44999694824219,104.44999694824219,0,0.0,0.0
2021-12-02 00:00:00+01:00,105.75,108.5999984741211,105.75,108.5999984741211,0,0.0,0.0
2021-12-03 00:00:00+01:00,107.4000015258789,108.8499984741211,106.44999694824219,106.44999694824219,40,0.0,0.0
2021-12-06 00:00:00+01:00,105.30000305175781,108.5999984741211,105.30000305175781,107.55000305175781,72,0.0,0.0
2021-12-07 00:00:00+01:00,106.25,110.05000305175781,106.25,109.5999984741211,10,0.0,0.0
2021-12-08 00:00:00+01:00,108.25,112.3499984741211,108.25,112.3499984741211,0,0.0,0.0
2021-12-09 00:00:00+01:00,109.94999694824219,109.94999694824219,108.75,108.75,0,0.0,0.0
2021-12-10 00:00:00+01:00,107.55000305175781,107.94999694824219,107.55000305175781,107.94999694824219,0,0.0,0.0
2021-12-13 00:00:00+01:00,107.4000015258789,109.5999984741211,107.4000015258789,109.5999984741211,40,0.0,0.0
2021-12-14 00:00:00+01:00,108.25,108.25,106.8499984741211,106.8499984741211,0,0.0,0.0
2021-12-15 00:00:00+01:00,105.75,106.4000015258789,105.75,106.1500015258789,0,0.0,0.0
2021-12-16 00:00:00+01:00,106.3499984741211,106.3499984741211,105.80000305175781,105.8499984741211,0,0.0,0.0
2021-12-17 00:00:00+01:00,108.5,110.5,108.5,110.5,0,0.0,0.0
2021-12-20 00:00:00+01:00,109.80000305175781,111.30000305175781,109.19999694824219,111.30000305175781,0,0.0,0.0
2021-12-21 00:00:00+01:00,110.6500015258789,113.3499984741211,110.6500015258789,111.44999694824219,0,0.0,0.0
2021-12-22 00:00:00+01:00,110.6500015258789,112.44999694824219,110.4000015258789,112.19999694824219,0,0.0,0.0
2021-12-23 00:00:00+01:00,111.25,113.3499984741211,111.25,113.3499984741211,0,0.0,0.0
2021-12-27 00:00:00+01:00,111.80000305175781,111.80000305175781,111.80000305175781,111.80000305175781,0,0.0,0.0
2021-12-28 00:00:00+01:00,113.0,114.5999984741211,113.0,114.5999984741211,0,0.0,0.0
2021-12-29 00:00:00+01:00,114.05000305175781,115.25,114.05000305175781,115.25,0,0.0,0.0
2021-12-30 00:00:00+01:00,114.6500015258789,114.6500015258789,114.6500015258789,114.6500015258789,0,0.0,0.0
2022-01-03 00:00:00+01:00,110.9000015258789,110.9000015258789,110.9000015258789,110.9000015258789,0,0.0,0.0
2022-01-04 00:00:00+01:00,114.55000305175781,116.3499984741211,114.4000015258789,115.05000305175781,0,0.0,0.0
2022-01-05 00:00:00+01:00,113.19999694824219,116.94999694824219,113.19999694824219,115.8499984741211,0,0.0,0.0
2022-01-06 00:00:00+01:00,113.3499984741211,117.3499984741211,113.3499984741211,117.3499984741211,0,0.0,0.0
2022-01-07 00:00:00+01:00,115.80000305175781,118.4000015258789,115.80000305175781,117.94999694824219,0,0.0,0.0
2022-01-10 00:00:00+01:00,120.19999694824219,120.19999694824219,117.25,117.25,18,0.0,0.0
2022-01-11 00:00:00+01:00,127.6500015258789,130.60000610351562,127.6500015258789,130.60000610351562,0,0.0,0.0
2022-01-12 00:00:00+01:00,130.14999389648438,130.8000030517578,130.14999389648438,130.5500030517578,0,0.0,0.0
2022-01-13 00:00:00+01:00,125.1500015258789,126.05000305175781,125.1500015258789,126.05000305175781,0,0.0,0.0
2022-01-14 00:00:00+01:00,123.6500015258789,126.19999694824219,123.6500015258789,125.5999984741211,0,0.0,0.0
2022-01-17 00:00:00+01:00,124.80000305175781,124.9000015258789,124.80000305175781,124.9000015258789,0,0.0,0.0
2022-01-18 00:00:00+01:00,124.94999694824219,125.05000305175781,124.94999694824219,125.05000305175781,0,0.0,0.0
2022-01-19 00:00:00+01:00,124.30000305175781,124.30000305175781,122.8499984741211,123.44999694824219,50,0.0,0.0
2022-01-20 00:00:00+01:00,122.4000015258789,125.6500015258789,122.4000015258789,125.6500015258789,40,0.0,0.0
2022-01-21 00:00:00+01:00,121.25,121.30000305175781,121.25,121.30000305175781,0,0.0,0.0
2022-01-24 00:00:00+01:00,119.1500015258789,119.1500015258789,117.1500015258789,117.5,0,0.0,0.0
2022-01-25 00:00:00+01:00,118.4000015258789,121.55000305175781,116.75,116.75,32,0.0,0.0
2022-01-26 00:00:00+01:00,114.69999694824219,119.75,114.69999694824219,119.75,0,0.0,0.0
2022-01-27 00:00:00+01:00,116.05000305175781,116.05000305175781,116.05000305175781,116.05000305175781,0,0.0,0.0
2022-01-28 00:00:00+01:00,120.0999984741211,120.30000305175781,119.6500015258789,120.30000305175781,0,0.0,0.0
2022-01-31 00:00:00+01:00,120.25,122.30000305175781,120.25,122.30000305175781,0,0.0,0.0
2022-02-01 00:00:00+01:00,121.9000015258789,123.8499984741211,121.9000015258789,123.8499984741211,0,0.0,0.0
2022-02-02 00:00:00+01:00,123.8499984741211,124.19999694824219,123.8499984741211,124.19999694824219,0,0.0,0.0
2022-02-03 00:00:00+01:00,122.1500015258789,122.19999694824219,120.0,121.3499984741211,40,0.0,0.0
2022-02-04 00:00:00+01:00,121.30000305175781,121.30000305175781,121.30000305175781,121.30000305175781,0,0.0,0.0
2022-02-07 00:00:00+01:00,121.8499984741211,121.8499984741211,121.8499984741211,121.8499984741211,0,0.0,0.0
2022-02-08 00:00:00+01:00,122.1500015258789,122.5,121.8499984741211,122.44999694824219,0,0.0,0.0
2022-02-09 00:00:00+01:00,121.1500015258789,121.1500015258789,121.1500015258789,121.1500015258789,0,0.0,0.0
2022-02-10 00:00:00+01:00,125.19999694824219,125.19999694824219,124.5999984741211,124.5999984741211,0,0.0,0.0
2022-02-11 00:00:00+01:00,123.69999694824219,123.69999694824219,123.69999694824219,123.69999694824219,0,0.0,0.0
2022-02-14 00:00:00+01:00,123.6500015258789,125.6500015258789,123.6500015258789,125.6500015258789,0,0.0,0.0
2022-02-15 00:00:00+01:00,124.0999984741211,126.80000305175781,124.0999984741211,126.80000305175781,0,0.0,0.0
2022-02-16 00:00:00+01:00,125.44999694824219,125.44999694824219,125.44999694824219,125.44999694824219,0,0.0,0.0
2022-02-17 00:00:00+01:00,125.25,125.25,125.25,125.25,0,0.0,0.0
2022-02-18 00:00:00+01:00,122.94999694824219,122.94999694824219,121.3499984741211,121.80000305175781,0,0.0,0.0
2022-02-21 00:00:00+01:00,120.5999984741211,120.5999984741211,120.5999984741211,120.5999984741211,0,0.0,0.0
2022-02-22 00:00:00+01:00,118.9000015258789,118.9000015258789,118.9000015258789,118.9000015258789,0,0.0,0.0
2022-02-23 00:00:00+01:00,118.4000015258789,118.9000015258789,118.4000015258789,118.9000015258789,0,0.0,0.0
2022-02-24 00:00:00+01:00,115.4000015258789,117.4000015258789,115.4000015258789,117.4000015258789,0,0.0,0.0
2022-02-25 00:00:00+01:00,118.0999984741211,118.0999984741211,118.0999984741211,118.0999984741211,0,0.0,0.0
2022-02-28 00:00:00+01:00,121.30000305175781,121.3499984741211,121.30000305175781,121.3499984741211,0,0.0,0.0
2022-03-01 00:00:00+01:00,121.3499984741211,122.5,121.3499984741211,122.30000305175781,0,0.0,0.0
2022-03-02 00:00:00+01:00,123.0,135.0,123.0,135.0,50,0.0,0.0
2022-03-03 00:00:00+01:00,136.39999389648438,136.39999389648438,136.39999389648438,136.39999389648438,0,0.0,0.0
2022-03-04 00:00:00+01:00,136.5500030517578,136.5500030517578,136.5500030517578,136.5500030517578,0,0.0,0.0
2022-03-07 00:00:00+01:00,139.1999969482422,142.39999389648438,139.1999969482422,142.39999389648438,0,0.0,0.0
2022-03-08 00:00:00+01:00,139.10000610351562,143.85000610351562,139.10000610351562,143.85000610351562,80,0.0,0.0
2022-03-09 00:00:00+01:00,139.4499969482422,140.10000610351562,139.0500030517578,139.1999969482422,0,0.0,0.0
2022-03-10 00:00:00+01:00,137.4499969482422,140.9499969482422,137.4499969482422,140.9499969482422,0,0.0,0.0
2022-03-11 00:00:00+01:00,139.4499969482422,142.39999389648438,139.4499969482422,141.5500030517578,0,0.0,0.0
2022-03-14 00:00:00+01:00,140.64999389648438,140.64999389648438,140.64999389648438,140.64999389648438,0,0.0,0.0
2022-03-15 00:00:00+01:00,138.39999389648438,140.39999389648438,138.39999389648438,140.39999389648438,0,0.0,0.0
2022-03-16 00:00:00+01:00,139.1999969482422,142.1999969482422,139.1999969482422,142.1999969482422,0,0.0,0.0
2022-03-17 00:00:00+01:00,141.60000610351562,141.60000610351562,141.39999389648438,141.39999389648438,0,0.0,0.0
2022-03-18 00:00:00+01:00,140.25,140.25,140.25,140.25,0,0.0,0.0
2022-03-21 00:00:00+01:00,139.60000610351562,143.5,139.60000610351562,143.5,0,0.0,0.0
2022-03-22 00:00:00+01:00,143.8000030517578,146.3000030517578,143.8000030517578,146.3000030517578,0,0.0,0.0
2022-03-23 00:00:00+01:00,142.8000030517578,144.1999969482422,142.8000030517578,144.1999969482422,0,0.0,0.0
2022-03-24 00:00:00+01:00,142.35000610351562,144.4499969482422,142.35000610351562,144.4499969482422,0,0.0,0.0
2022-03-25 00:00:00+01:00,142.8000030517578,146.0500030517578,142.8000030517578,145.35000610351562,0,0.0,0.0
2022-03-28 00:00:00+02:00,144.85000610351562,144.85000610351562,144.85000610351562,144.85000610351562,0,0.0,0.0
2022-03-29 00:00:00+02:00,142.1999969482422,142.1999969482422,142.1999969482422,142.1999969482422,0,0.0,0.0
2022-03-30 00:00:00+02:00,140.5500030517578,140.75,140.5500030517578,140.75,0,0.0,0.0
2022-03-31 00:00:00+02:00,139.25,139.25,139.25,139.25,0,0.0,0.0
2022-04-01 00:00:00+02:00,138.9199981689453,138.9199981689453,138.9199981689453,138.9199981689453,0,0.0,0.0
2022-04-04 00:00:00+02:00,142.0,147.83999633789062,142.0,147.83999633789062,0,0.0,0.0
2022-04-05 00:00:00+02:00,144.72000122070312,144.72000122070312,144.72000122070312,144.72000122070312,0,0.0,0.0
2022-04-06 00:00:00+02:00,147.86000061035156,147.86000061035156,144.36000061035156,147.5800018310547,30,0.0,0.0
2022-04-07 00:00:00+02:00,147.5399932861328,147.5399932861328,147.5399932861328,147.5399932861328,0,0.0,0.0
2022-04-08 00:00:00+02:00,153.3000030517578,154.0,152.9600067138672,152.9600067138672,170,0.0,0.0
2022-04-11 00:00:00+02:00,150.3000030517578,150.3000030517578,150.3000030517578,150.3000030517578,0,0.0,0.0
2022-04-12 00:00:00+02:00,145.5800018310547,145.5800018310547,145.5800018310547,145.5800018310547,0,0.0,0.0
2022-04-13 00:00:00+02:00,146.60000610351562,146.60000610351562,146.60000610351562,146.60000610351562,0,0.0,0.0
2022-04-14 00:00:00+02:00,146.94000244140625,146.94000244140625,146.94000244140625,146.94000244140625,0,0.0,0.0
2022-04-19 00:00:00+02:00,150.5,150.5,150.5,150.5,0,0.0,0.0
2022-04-20 00:00:00+02:00,151.97999572753906,151.97999572753906,151.97999572753906,151.97999572753906,0,0.0,0.0
2022-04-21 00:00:00+02:00,153.02000427246094,153.02000427246094,153.02000427246094,153.02000427246094,0,0.0,0.0
2022-04-22 00:00:00+02:00,150.66000366210938,150.66000366210938,150.66000366210938,150.66000366210938,0,0.0,0.0
2022-04-25 00:00:00+02:00,151.47999572753906,151.47999572753906,151.47999572753906,151.47999572753906,0,0.0,0.0
2022-04-26 00:00:00+02:00,152.9199981689453,153.17999267578125,151.5399932861328,152.33999633789062,0,0.0,0.0
2022-04-27 00:00:00+02:00,150.66000366210938,153.9199981689453,150.66000366210938,153.9199981689453,0,0.0,0.0
2022-04-28 00:00:00+02:00,152.82000732421875,152.82000732421875,152.82000732421875,152.82000732421875,0,0.0,0.0
2022-04-29 00:00:00+02:00,151.1199951171875,152.39999389648438,151.1199951171875,152.39999389648438,0,0.0,0.0
2022-05-02 00:00:00+02:00,151.0,151.0,148.33999633789062,148.3800048828125,0,0.0,0.0
2022-05-03 00:00:00+02:00,148.22000122070312,148.39999389648438,148.16000366210938,148.39999389648438,0,0.0,0.0
2022-05-04 00:00:00+02:00,146.97999572753906,150.8000030517578,146.97999572753906,147.8800048828125,9,0.0,0.0
2022-05-05 00:00:00+02:00,142.39999389648438,151.86000061035156,142.39999389648438,151.86000061035156,28,0.0,0.0
2022-05-06 00:00:00+02:00,143.75999450683594,145.13999938964844,143.16000366210938,144.97999572753906,0,0.0,0.0
2022-05-09 00:00:00+02:00,141.1199951171875,145.10000610351562,136.89999389648438,136.89999389648438,70,0.0,0.0
2022-05-10 00:00:00+02:00,133.77999877929688,136.44000244140625,133.4199981689453,136.44000244140625,0,0.0,0.0
2022-05-11 00:00:00+02:00,135.22000122070312,135.22000122070312,135.22000122070312,135.22000122070312,0,0.0,0.0
2022-05-12 00:00:00+02:00,132.22000122070312,136.0399932861328,132.22000122070312,136.0399932861328,0,0.0,0.0
2022-05-13 00:00:00+02:00,137.52000427246094,140.60000610351562,137.52000427246094,140.60000610351562,0,0.0,0.0
2022-05-16 00:00:00+02:00,138.5399932861328,141.94000244140625,138.5399932861328,141.67999267578125,0,0.0,0.0
2022-05-17 00:00:00+02:00,140.02000427246094,144.22000122070312,140.02000427246094,143.60000610351562,0,0.0,0.0
2022-05-18 00:00:00+02:00,142.4199981689453,142.97999572753906,140.4199981689453,140.4199981689453,0,0.0,0.0
2022-05-19 00:00:00+02:00,138.6199951171875,141.89999389648438,138.6199951171875,141.89999389648438,0,0.0,0.0
2022-05-20 00:00:00+02:00,140.3000030517578,140.3000030517578,137.24000549316406,137.24000549316406,0,0.0,0.0
2022-05-23 00:00:00+02:00,139.6199951171875,139.6199951171875,136.75999450683594,137.1199951171875,0,0.0,0.0
2022-05-24 00:00:00+02:00,133.4600067138672,133.4600067138672,131.10000610351562,131.10000610351562,0,0.0,0.0
2022-05-25 00:00:00+02:00,131.97999572753906,131.97999572753906,131.97999572753906,131.97999572753906,0,0.0,0.0
2022-05-26 00:00:00+02:00,136.1199951171875,136.1199951171875,136.1199951171875,136.1199951171875,0,0.0,0.0
2022-05-27 00:00:00+02:00,139.8800048828125,139.8800048828125,139.60000610351562,139.60000610351562,0,0.0,0.0
2022-05-30 00:00:00+02:00,139.5,139.5,139.5,139.5,0,0.0,0.0
2022-05-31 00:00:00+02:00,138.9199981689453,139.27999877929688,137.39999389648438,137.39999389648438,0,0.0,0.0
2022-06-01 00:00:00+02:00,138.0,138.77999877929688,136.17999267578125,138.77999877929688,0,0.0,0.0
2022-06-02 00:00:00+02:00,136.66000366210938,139.16000366210938,136.66000366210938,139.16000366210938,0,0.0,0.0
2022-06-03 00:00:00+02:00,138.67999267578125,141.0,137.83999633789062,141.0,50,0.0,0.0
2022-06-06 00:00:00+02:00,140.66000366210938,141.33999633789062,139.5,139.5,0,0.0,0.0
2022-06-07 00:00:00+02:00,136.72000122070312,136.72000122070312,136.72000122070312,136.72000122070312,0,0.0,0.0
2022-06-08 00:00:00+02:00,142.32000732421875,142.32000732421875,142.32000732421875,142.32000732421875,0,0.0,0.0
2022-06-09 00:00:00+02:00,139.5800018310547,140.33999633789062,139.5800018310547,140.33999633789062,0,0.0,0.0
2022-06-10 00:00:00+02:00,137.67999267578125,138.9600067138672,136.86000061035156,138.9600067138672,0,0.0,0.0
2022-06-13 00:00:00+02:00,137.16000366210938,137.16000366210938,135.74000549316406,135.74000549316406,0,0.0,0.0
2022-06-14 00:00:00+02:00,134.94000244140625,138.0,134.94000244140625,136.63999938964844,0,0.0,0.0
2022-06-15 00:00:00+02:00,135.4199981689453,138.52000427246094,135.4199981689453,138.52000427246094,0,0.0,0.0
2022-06-16 00:00:00+02:00,137.6199951171875,137.6199951171875,133.8000030517578,135.22000122070312,0,0.0,0.0
2022-06-17 00:00:00+02:00,134.39999389648438,138.0,134.39999389648438,137.5399932861328,0,0.0,0.0
2022-06-20 00:00:00+02:00,134.67999267578125,135.1199951171875,134.67999267578125,135.1199951171875,0,0.0,0.0
2022-06-21 00:00:00+02:00,135.9600067138672,135.9600067138672,135.9600067138672,135.9600067138672,0,0.0,0.0
2022-06-22 00:00:00+02:00,139.1199951171875,139.1199951171875,139.1199951171875,139.1199951171875,0,0.0,0.0
2022-06-23 00:00:00+02:00,139.27999877929688,141.94000244140625,139.27999877929688,141.94000244140625,0,0.0,0.0
2022-06-24 00:00:00+02:00,142.13999938964844,145.24000549316406,142.13999938964844,145.24000549316406,0,0.0,0.0
2022-06-27 00:00:00+02:00,143.55999755859375,143.55999755859375,143.55999755859375,143.55999755859375,0,0.0,0.0
2022-06-28 00:00:00+02:00,146.33999633789062,146.33999633789062,146.33999633789062,146.33999633789062,0,0.0,0.0
2022-06-29 00:00:00+02:00,146.1199951171875,148.0,146.1199951171875,148.0,0,0.0,0.0
2022-06-30 00:00:00+02:00,146.94000244140625,149.8000030517578,146.94000244140625,148.44000244140625,0,0.0,0.0
2022-07-01 00:00:00+02:00,146.05999755859375,150.27999877929688,146.05999755859375,150.27999877929688,0,0.0,0.0
2022-07-04 00:00:00+02:00,149.55999755859375,149.55999755859375,149.55999755859375,149.55999755859375,0,0.0,0.0
2022-07-05 00:00:00+02:00,150.8000030517578,150.8000030517578,150.8000030517578,150.8000030517578,0,0.0,0.0
2022-07-06 00:00:00+02:00,153.8800048828125,155.9600067138672,153.8800048828125,155.82000732421875,0,0.0,0.0
2022-07-07 00:00:00+02:00,155.47999572753906,157.0800018310547,155.47999572753906,156.27999877929688,0,0.0,0.0
2022-07-08 00:00:00+02:00,153.6199951171875,154.77999877929688,153.25999450683594,154.77999877929688,0,0.0,0.0
2022-07-11 00:00:00+02:00,153.52000427246094,153.52000427246094,153.52000427246094,153.52000427246094,0,0.0,0.0
2022-07-12 00:00:00+02:00,152.6999969482422,152.6999969482422,152.6999969482422,152.6999969482422,0,0.0,0.0
2022-07-13 00:00:00+02:00,152.17999267578125,152.17999267578125,152.17999267578125,152.17999267578125,0,0.0,0.0
2022-07-14 00:00:00+02:00,151.47999572753906,155.13999938964844,151.47999572753906,155.13999938964844,0,0.0,0.0
2022-07-15 00:00:00+02:00,153.1199951171875,154.72000122070312,153.1199951171875,154.72000122070312,0,0.0,0.0
2022-07-18 00:00:00+02:00,154.74000549316406,155.32000732421875,153.16000366210938,153.16000366210938,0,0.0,0.0
2022-07-19 00:00:00+02:00,151.66000366210938,151.66000366210938,151.66000366210938,151.66000366210938,0,0.0,0.0
2022-07-20 00:00:00+02:00,153.9199981689453,153.9199981689453,153.9199981689453,153.9199981689453,0,0.0,0.0
2022-07-21 00:00:00+02:00,151.0399932861328,154.0800018310547,151.0399932861328,154.0800018310547,0,0.0,0.0
2022-07-22 00:00:00+02:00,153.0800018310547,153.0800018310547,153.0800018310547,153.0800018310547,0,0.0,0.0
2022-07-25 00:00:00+02:00,152.3800048828125,154.77999877929688,152.3800048828125,153.16000366210938,0,0.0,0.0
2022-07-26 00:00:00+02:00,152.0800018310547,153.0,152.0800018310547,153.0,0,0.0,0.0
2022-07-27 00:00:00+02:00,155.17999267578125,155.17999267578125,155.17999267578125,155.17999267578125,0,0.0,0.0
2022-07-28 00:00:00+02:00,154.24000549316406,155.4600067138672,154.24000549316406,155.4600067138672,0,0.0,0.0
2022-07-29 00:00:00+02:00,153.1999969482422,153.1999969482422,151.52000427246094,151.52000427246094,0,0.0,0.0
2022-08-01 00:00:00+02:00,150.5,150.5,147.17999267578125,147.17999267578125,0,0.0,0.0
2022-08-02 00:00:00+02:00,144.74000549316406,144.74000549316406,144.74000549316406,144.74000549316406,0,0.0,0.0
2022-08-03 00:00:00+02:00,148.5800018310547,148.5800018310547,148.5800018310547,148.5800018310547,0,0.0,0.0
2022-08-04 00:00:00+02:00,147.02000427246094,150.5,147.02000427246094,150.5,6,0.0,0.0
2022-08-05 00:00:00+02:00,146.13999938964844,146.13999938964844,146.13999938964844,146.13999938964844,0,0.0,0.0
2022-08-08 00:00:00+02:00,149.1199951171875,150.8800048828125,149.1199951171875,150.8800048828125,0,0.0,0.0
2022-08-09 00:00:00+02:00,149.27999877929688,153.1199951171875,149.27999877929688,153.1199951171875,0,0.0,0.0
2022-08-10 00:00:00+02:00,151.1999969482422,152.27999877929688,151.1999969482422,152.27999877929688,0,0.0,0.0
2022-08-11 00:00:00+02:00,151.36000061035156,151.67999267578125,149.82000732421875,149.9199981689453,0,0.0,0.0
2022-08-12 00:00:00+02:00,147.83999633789062,151.36000061035156,147.83999633789062,151.36000061035156,0,0.0,0.0
2022-08-15 00:00:00+02:00,151.22000122070312,156.22000122070312,151.22000122070312,156.22000122070312,50,0.0,0.0
2022-08-16 00:00:00+02:00,155.67999267578125,157.94000244140625,155.67999267578125,156.82000732421875,0,0.0,0.0
2022-08-17 00:00:00+02:00,154.13999938964844,155.44000244140625,153.52000427246094,154.4199981689453,0,0.0,0.0
2022-08-18 00:00:00+02:00,153.0399932861328,155.55999755859375,153.0399932861328,154.6199951171875,0,0.0,0.0
2022-08-19 00:00:00+02:00,153.02000427246094,154.8800048828125,152.9199981689453,154.5399932861328,0,0.0,0.0
2022-08-22 00:00:00+02:00,153.83999633789062,157.77999877929688,153.83999633789062,157.77999877929688,0,0.0,0.0
2022-08-23 00:00:00+02:00,156.66000366210938,156.66000366210938,156.13999938964844,156.4199981689453,0,0.0,0.0
2022-08-24 00:00:00+02:00,155.72000122070312,163.02000427246094,155.72000122070312,162.3800048828125,13,0.0,0.0
2022-08-25 00:00:00+02:00,159.67999267578125,160.3800048828125,159.63999938964844,159.63999938964844,0,0.0,0.0
2022-08-26 00:00:00+02:00,158.8800048828125,158.8800048828125,155.97999572753906,155.97999572753906,13,0.0,0.0
2022-08-29 00:00:00+02:00,154.32000732421875,154.32000732421875,152.67999267578125,154.0,9,0.0,0.0
2022-08-30 00:00:00+02:00,150.89999389648438,152.1999969482422,150.89999389648438,151.1999969482422,0,0.0,0.0
2022-08-31 00:00:00+02:00,150.24000549316406,151.83999633789062,150.24000549316406,151.83999633789062,0,0.0,0.0
2022-09-01 00:00:00+02:00,152.63999938964844,155.66000366210938,152.63999938964844,155.66000366210938,0,0.0,0.0
2022-09-02 00:00:00+02:00,155.47999572753906,156.8800048828125,154.9199981689453,154.9199981689453,0,0.0,0.0
2022-09-05 00:00:00+02:00,154.8800048828125,154.8800048828125,154.8800048828125,154.8800048828125,0,0.0,0.0
2022-09-06 00:00:00+02:00,154.10000610351562,154.10000610351562,153.82000732421875,153.82000732421875,0,0.0,0.0
2022-09-07 00:00:00+02:00,150.25999450683594,150.25999450683594,150.25999450683594,150.25999450683594,0,0.0,0.0
2022-09-08 00:00:00+02:00,150.17999267578125,150.17999267578125,150.17999267578125,150.17999267578125,0,0.0,0.0
2022-09-09 00:00:00+02:00,148.9600067138672,148.9600067138672,148.9600067138672,148.9600067138672,0,0.0,0.0
2022-09-12 00:00:00+02:00,149.3000030517578,151.47999572753906,149.3000030517578,150.63999938964844,0,0.0,0.0
2022-09-13 00:00:00+02:00,149.13999938964844,151.0399932861328,149.13999938964844,150.9600067138672,0,0.0,0.0
2022-09-14 00:00:00+02:00,149.83999633789062,151.16000366210938,149.83999633789062,151.16000366210938,0,0.0,0.0
2022-09-15 00:00:00+02:00,150.5,153.52000427246094,150.0800018310547,151.44000244140625,0,0.0,0.0
2022-09-16 00:00:00+02:00,150.05999755859375,150.13999938964844,150.05999755859375,150.13999938964844,0,0.0,0.0
2022-09-19 00:00:00+02:00,145.5399932861328,145.5399932861328,145.5399932861328,145.5399932861328,0,0.0,0.0
2022-09-20 00:00:00+02:00,146.16000366210938,146.16000366210938,138.3800048828125,138.3800048828125,0,0.0,0.0
2022-09-21 00:00:00+02:00,136.83999633789062,136.83999633789062,136.83999633789062,136.83999633789062,0,0.0,0.0
2022-09-22 00:00:00+02:00,133.5800018310547,133.5800018310547,133.5800018310547,133.5800018310547,0,0.0,0.0
2022-09-23 00:00:00+02:00,131.02000427246094,131.22000122070312,131.02000427246094,131.22000122070312,0,0.0,0.0
2022-09-26 00:00:00+02:00,130.25999450683594,130.25999450683594,129.6199951171875,129.6199951171875,61,0.0,0.0
2022-09-27 00:00:00+02:00,131.0,132.5399932861328,131.0,132.5399932861328,0,0.0,0.0
2022-09-28 00:00:00+02:00,130.44000244140625,131.22000122070312,130.44000244140625,131.22000122070312,0,0.0,0.0
2022-09-29 00:00:00+02:00,131.27999877929688,134.75999450683594,129.89999389648438,134.75999450683594,0,0.0,0.0
2022-09-30 00:00:00+02:00,132.9199981689453,136.86000061035156,132.9199981689453,135.72000122070312,0,0.0,0.0
2022-10-03 00:00:00+02:00,134.52000427246094,134.52000427246094,134.52000427246094,134.52000427246094,0,0.0,0.0
2022-10-04 00:00:00+02:00,136.8000030517578,136.8000030517578,136.8000030517578,136.8000030517578,0,0.0,0.0
2022-10-05 00:00:00+02:00,136.77999877929688,138.83999633789062,136.77999877929688,138.83999633789062,0,0.0,0.0
2022-10-06 00:00:00+02:00,136.24000549316406,139.05999755859375,136.05999755859375,139.05999755859375,0,0.0,0.0
2022-10-07 00:00:00+02:00,140.0800018310547,140.0800018310547,139.6199951171875,139.6199951171875,0,0.0,0.0
2022-10-10 00:00:00+02:00,137.5800018310547,138.66000366210938,137.5800018310547,138.66000366210938,0,0.0,0.0
2022-10-11 00:00:00+02:00,135.75999450683594,137.97999572753906,135.75999450683594,137.97999572753906,0,0.0,0.0
2022-10-12 00:00:00+02:00,136.1199951171875,136.1199951171875,134.55999755859375,134.55999755859375,0,0.0,0.0
2022-10-13 00:00:00+02:00,133.55999755859375,137.0800018310547,133.55999755859375,136.0399932861328,0,0.0,0.0
2022-10-14 00:00:00+02:00,136.5,137.60000610351562,136.5,137.17999267578125,0,0.0,0.0
2022-10-17 00:00:00+02:00,135.55999755859375,137.63999938964844,135.55999755859375,137.63999938964844,0,0.0,0.0
2022-10-18 00:00:00+02:00,137.0,137.0,137.0,137.0,0,0.0,0.0
2022-10-19 00:00:00+02:00,135.77999877929688,136.0399932861328,134.5800018310547,134.5800018310547,0,0.0,0.0
2022-10-20 00:00:00+02:00,133.36000061035156,134.67999267578125,133.36000061035156,134.67999267578125,0,0.0,0.0
2022-10-21 00:00:00+02:00,130.66000366210938,132.22000122070312,130.66000366210938,132.22000122070312,0,0.0,0.0
2022-10-24 00:00:00+02:00,135.4600067138672,135.4600067138672,135.4600067138672,135.4600067138672,0,0.0,0.0
2022-10-25 00:00:00+02:00,134.8800048828125,134.8800048828125,134.8800048828125,134.8800048828125,0,0.0,0.0
2022-10-26 00:00:00+02:00,135.47999572753906,135.47999572753906,135.47999572753906,135.47999572753906,0,0.0,0.0
2022-10-27 00:00:00+02:00,137.10000610351562,137.10000610351562,137.10000610351562,137.10000610351562,0,0.0,0.0
2022-10-28 00:00:00+02:00,139.60000610351562,140.02000427246094,139.60000610351562,140.02000427246094,9,0.0,0.0
2022-10-31 00:00:00+01:00,142.66000366210938,145.25999450683594,142.66000366210938,145.25999450683594,0,0.0,0.0
2022-11-01 00:00:00+01:00,143.55999755859375,146.22000122070312,143.55999755859375,146.17999267578125,0,0.0,0.0
2022-11-02 00:00:00+01:00,145.8000030517578,146.74000549316406,145.8000030517578,146.27999877929688,0,0.0,0.0
2022-11-03 00:00:00+01:00,144.36000061035156,144.89999389648438,143.77999877929688,144.89999389648438,0,0.0,0.0
2022-11-04 00:00:00+01:00,146.86000061035156,146.97999572753906,145.44000244140625,145.44000244140625,0,0.0,0.0
2022-11-07 00:00:00+01:00,145.3800048828125,145.3800048828125,145.3800048828125,145.3800048828125,0,0.0,0.0
2022-11-08 00:00:00+01:00,143.44000244140625,143.44000244140625,143.44000244140625,143.44000244140625,0,0.0,0.0
2022-11-09 00:00:00+01:00,139.9199981689453,143.17999267578125,139.9199981689453,143.17999267578125,0,0.0,0.0
2022-11-10 00:00:00+01:00,137.8800048828125,137.8800048828125,137.8800048828125,137.8800048828125,0,0.0,0.0
2022-11-11 00:00:00+01:00,145.32000732421875,145.32000732421875,145.32000732421875,145.32000732421875,0,0.0,0.0
2022-11-14 00:00:00+01:00,142.47999572753906,147.3000030517578,142.47999572753906,147.3000030517578,0,0.0,0.0
2022-11-15 00:00:00+01:00,142.24000549316406,143.67999267578125,142.24000549316406,142.75999450683594,0,0.0,0.0
2022-11-16 00:00:00+01:00,141.27999877929688,141.27999877929688,138.5800018310547,138.5800018310547,0,0.0,0.0
2022-11-17 00:00:00+01:00,136.0800018310547,137.32000732421875,136.0800018310547,137.13999938964844,0,0.0,0.0
2022-11-18 00:00:00+01:00,138.02000427246094,138.02000427246094,138.02000427246094,138.02000427246094,0,0.0,0.0
2022-11-21 00:00:00+01:00,141.3000030517578,141.3000030517578,141.3000030517578,141.3000030517578,0,0.0,0.0
2022-11-22 00:00:00+01:00,143.5,146.60000610351562,143.5,146.0800018310547,0,0.0,0.0
2022-11-23 00:00:00+01:00,146.44000244140625,146.44000244140625,146.44000244140625,146.44000244140625,0,0.0,0.0
2022-11-24 00:00:00+01:00,143.4199981689453,143.9600067138672,143.4199981689453,143.9600067138672,0,0.0,0.0
2022-11-25 00:00:00+01:00,143.75999450683594,146.8800048828125,143.60000610351562,146.8800048828125,0,0.0,0.0
2022-11-28 00:00:00+01:00,145.22000122070312,145.22000122070312,144.32000732421875,144.32000732421875,0,0.0,0.0
2022-11-29 00:00:00+01:00,147.16000366210938,147.16000366210938,147.1199951171875,147.1199951171875,0,0.0,0.0
2022-11-30 00:00:00+01:00,148.72000122070312,151.52000427246094,148.72000122070312,151.52000427246094,0,0.0,0.0
2022-12-01 00:00:00+01:00,148.6199951171875,148.86000061035156,148.6199951171875,148.86000061035156,0,0.0,0.0
2022-12-02 00:00:00+01:00,146.67999267578125,148.67999267578125,146.67999267578125,148.67999267578125,0,0.0,0.0
2022-12-05 00:00:00+01:00,146.77999877929688,146.77999877929688,146.77999877929688,146.77999877929688,0,0.0,0.0
2022-12-06 00:00:00+01:00,142.24000549316406,142.24000549316406,141.72000122070312,141.72000122070312,9,0.0,0.0
2022-12-07 00:00:00+01:00,141.66000366210938,141.66000366210938,141.66000366210938,141.66000366210938,0,0.0,0.0
2022-12-08 00:00:00+01:00,142.10000610351562,142.10000610351562,142.10000610351562,142.10000610351562,0,0.0,0.0
2022-12-09 00:00:00+01:00,140.33999633789062,140.33999633789062,140.33999633789062,140.33999633789062,0,0.0,0.0
2022-12-12 00:00:00+01:00,142.5399932861328,144.33999633789062,142.5399932861328,144.24000549316406,0,0.0,0.0
2022-12-13 00:00:00+01:00,142.86000061035156,142.86000061035156,141.39999389648438,141.39999389648438,0,0.0,0.0
2022-12-14 00:00:00+01:00,141.6199951171875,141.6199951171875,141.6199951171875,141.6199951171875,0,0.0,0.0
2022-12-15 00:00:00+01:00,145.75999450683594,145.75999450683594,144.63999938964844,144.63999938964844,0,0.0,0.0
2022-12-16 00:00:00+01:00,141.66000366210938,144.89999389648438,141.66000366210938,144.89999389648438,0,0.0,0.0
2022-12-19 00:00:00+01:00,147.05999755859375,147.05999755859375,147.05999755859375,147.05999755859375,0,0.0,0.0
2022-12-20 00:00:00+01:00,145.32000732421875,146.0800018310547,145.32000732421875,146.0800018310547,0,0.0,0.0
2022-12-21 00:00:00+01:00,145.63999938964844,150.5800018310547,145.63999938964844,150.3800048828125,0,0.0,0.0
2022-12-22 00:00:00+01:00,147.1999969482422,147.1999969482422,147.1999969482422,147.1999969482422,0,0.0,0.0
2022-12-23 00:00:00+01:00,148.97999572753906,148.97999572753906,148.97999572753906,148.97999572753906,0,0.0,0.0
2022-12-27 00:00:00+01:00,146.0,146.0,146.0,146.0,0,0.0,0.0
2022-12-28 00:00:00+01:00,147.13999938964844,147.13999938964844,147.13999938964844,147.13999938964844,0,0.0,0.0
2022-12-29 00:00:00+01:00,146.0399932861328,146.0399932861328,146.0399932861328,146.0399932861328,0,0.0,0.0
2022-12-30 00:00:00+01:00,146.36000061035156,146.36000061035156,146.36000061035156,146.36000061035156,0,0.0,0.0
2023-01-02 00:00:00+01:00,147.32000732421875,147.77999877929688,147.32000732421875,147.77999877929688,0,0.0,0.0
2023-01-03 00:00:00+01:00,150.39999389648438,150.39999389648438,146.22000122070312,146.22000122070312,5,0.0,0.0
2023-01-04 00:00:00+01:00,146.22000122070312,150.02000427246094,146.22000122070312,150.02000427246094,0,0.0,0.0
2023-01-05 00:00:00+01:00,149.1999969482422,150.4600067138672,149.1999969482422,150.4600067138672,0,0.0,0.0
2023-01-06 00:00:00+01:00,149.9600067138672,150.67999267578125,149.9600067138672,150.67999267578125,0,0.0,0.0
2023-01-09 00:00:00+01:00,146.9199981689453,146.9199981689453,146.9199981689453,146.9199981689453,0,0.0,0.0
2023-01-10 00:00:00+01:00,140.4600067138672,141.5399932861328,140.4600067138672,141.5399932861328,0,0.0,0.0
2023-01-11 00:00:00+01:00,140.1999969482422,140.1999969482422,140.1999969482422,140.1999969482422,0,0.0,0.0
2023-01-12 00:00:00+01:00,142.13999938964844,142.13999938964844,142.13999938964844,142.13999938964844,0,0.0,0.0
2023-01-13 00:00:00+01:00,143.39999389648438,144.3000030517578,143.39999389648438,144.3000030517578,0,0.0,0.0
2023-01-16 00:00:00+01:00,142.52000427246094,142.77999877929688,142.52000427246094,142.77999877929688,0,0.0,0.0
2023-01-17 00:00:00+01:00,142.55999755859375,144.13999938964844,142.55999755859375,144.13999938964844,0,0.0,0.0
2023-01-18 00:00:00+01:00,142.77999877929688,144.5399932861328,142.77999877929688,144.5399932861328,0,0.0,0.0
2023-01-19 00:00:00+01:00,141.5800018310547,144.32000732421875,141.5800018310547,143.74000549316406,0,0.0,0.0
2023-01-20 00:00:00+01:00,142.67999267578125,142.67999267578125,142.67999267578125,142.67999267578125,0,0.0,0.0
2023-01-23 00:00:00+01:00,142.39999389648438,142.39999389648438,142.39999389648438,142.39999389648438,3,0.0,0.0
2023-01-24 00:00:00+01:00,141.10000610351562,141.3000030517578,141.10000610351562,141.3000030517578,0,0.0,0.0
2023-01-25 00:00:00+01:00,138.6199951171875,140.55999755859375,138.6199951171875,140.44000244140625,0,0.0,0.0
2023-01-26 00:00:00+01:00,140.63999938964844,140.63999938964844,140.63999938964844,140.63999938964844,0,0.0,0.0
2023-01-27 00:00:00+01:00,140.17999267578125,143.17999267578125,140.17999267578125,143.17999267578125,0,0.0,0.0
2023-01-30 00:00:00+01:00,141.10000610351562,141.16000366210938,140.60000610351562,141.16000366210938,0,0.0,0.0
2023-01-31 00:00:00+01:00,140.10000610351562,142.9600067138672,140.10000610351562,142.9600067138672,0,0.0,0.0
2023-02-01 00:00:00+01:00,142.13999938964844,142.13999938964844,141.6999969482422,141.72000122070312,0,0.0,0.0
2023-02-02 00:00:00+01:00,141.86000061035156,142.63999938964844,141.6199951171875,141.6199951171875,0,0.0,0.0
2023-02-03 00:00:00+01:00,141.17999267578125,141.17999267578125,141.17999267578125,141.17999267578125,0,0.0,0.0
2023-02-06 00:00:00+01:00,142.0,142.0,142.0,142.0,0,0.0,0.0
2023-02-07 00:00:00+01:00,141.0,141.0,141.0,141.0,0,0.0,0.0
2023-02-08 00:00:00+01:00,141.97999572753906,141.97999572753906,141.97999572753906,141.97999572753906,0,0.0,0.0
2023-02-09 00:00:00+01:00,139.4199981689453,139.4199981689453,139.4199981689453,139.4199981689453,0,0.0,0.0
2023-02-10 00:00:00+01:00,138.1999969482422,140.10000610351562,138.1999969482422,140.10000610351562,0,0.0,0.0
2023-02-13 00:00:00+01:00,138.52000427246094,139.5800018310547,138.52000427246094,139.5800018310547,0,0.0,0.0
2023-02-14 00:00:00+01:00,139.10000610351562,139.10000610351562,139.10000610351562,139.10000610351562,0,0.0,0.0
2023-02-15 00:00:00+01:00,138.5,139.0800018310547,138.02000427246094,138.02000427246094,0,0.0,0.0
2023-02-16 00:00:00+01:00,137.9600067138672,137.9600067138672,137.1999969482422,137.1999969482422,0,0.0,0.0
2023-02-17 00:00:00+01:00,135.4600067138672,137.3000030517578,135.27999877929688,137.3000030517578,0,0.0,0.0
2023-02-20 00:00:00+01:00,136.4199981689453,136.4199981689453,136.1999969482422,136.1999969482422,0,0.0,0.0
2023-02-21 00:00:00+01:00,136.24000549316406,136.24000549316406,135.1999969482422,136.02000427246094,0,0.0,0.0
2023-02-22 00:00:00+01:00,134.47999572753906,134.47999572753906,134.47999572753906,134.47999572753906,0,0.0,0.0
2023-02-23 00:00:00+01:00,135.52000427246094,136.9600067138672,135.52000427246094,136.9600067138672,0,0.0,0.0
2023-02-24 00:00:00+01:00,136.22000122070312,136.22000122070312,136.22000122070312,136.22000122070312,0,0.0,0.0
2023-02-27 00:00:00+01:00,134.74000549316406,134.74000549316406,134.74000549316406,134.74000549316406,0,0.0,0.0
2023-02-28 00:00:00+01:00,131.83999633789062,133.16000366210938,131.83999633789062,133.16000366210938,0,0.0,0.0
2023-03-01 00:00:00+01:00,130.86000061035156,131.27999877929688,130.86000061035156,131.27999877929688,0,0.0,0.0
2023-03-02 00:00:00+01:00,129.86000061035156,129.86000061035156,129.86000061035156,129.86000061035156,0,0.0,0.0
2023-03-03 00:00:00+01:00,134.0,137.36000061035156,134.0,136.67999267578125,0,0.0,0.0
2023-03-06 00:00:00+01:00,135.55999755859375,135.55999755859375,135.55999755859375,135.55999755859375,0,0.0,0.0
2023-03-07 00:00:00+01:00,132.1999969482422,132.1999969482422,132.1999969482422,132.1999969482422,0,0.0,0.0
2023-03-08 00:00:00+01:00,130.33999633789062,132.25999450683594,130.33999633789062,132.25999450683594,0,0.0,0.0
2023-03-09 00:00:00+01:00,130.8000030517578,130.8000030517578,130.8000030517578,130.8000030517578,0,0.0,0.0
2023-03-10 00:00:00+01:00,127.72000122070312,127.72000122070312,126.4800033569336,126.4800033569336,0,0.0,0.0
2023-03-13 00:00:00+01:00,124.62000274658203,125.16000366210938,124.0199966430664,125.16000366210938,0,0.0,0.0
2023-03-14 00:00:00+01:00,123.94000244140625,126.62000274658203,123.94000244140625,125.41999816894531,0,0.0,0.0
2023-03-15 00:00:00+01:00,124.58000183105469,127.13999938964844,124.58000183105469,127.13999938964844,0,0.0,0.0
2023-03-16 00:00:00+01:00,125.66000366210938,125.66000366210938,125.66000366210938,125.66000366210938,0,0.0,0.0
2023-03-17 00:00:00+01:00,127.0999984741211,127.73999786376953,127.0999984741211,127.73999786376953,0,0.0,0.0
2023-03-20 00:00:00+01:00,124.5,124.5,124.5,124.5,0,0.0,0.0
2023-03-21 00:00:00+01:00,127.54000091552734,129.63999938964844,127.54000091552734,129.63999938964844,0,0.0,0.0
2023-03-22 00:00:00+01:00,128.1199951171875,129.74000549316406,128.1199951171875,129.67999267578125,0,0.0,0.0
2023-03-23 00:00:00+01:00,125.9800033569336,129.47999572753906,125.9800033569336,127.73999786376953,30,0.0,0.0
2023-03-24 00:00:00+01:00,125.80000305175781,129.5399932861328,125.80000305175781,129.5399932861328,0,0.0,0.0
2023-03-27 00:00:00+02:00,130.17999267578125,132.9600067138672,130.17999267578125,132.9600067138672,0,0.0,0.0
2023-03-28 00:00:00+02:00,131.16000366210938,132.0,130.32000732421875,131.5399932861328,0,0.0,0.0
2023-03-29 00:00:00+02:00,130.66000366210938,131.6999969482422,130.66000366210938,131.5,0,0.0,0.0
2023-03-30 00:00:00+02:00,130.75999450683594,131.97999572753906,130.75999450683594,131.97999572753906,0,0.0,0.0
2023-03-31 00:00:00+02:00,131.36000061035156,134.4199981689453,131.36000061035156,134.4199981689453,0,0.0,0.0
2023-04-03 00:00:00+02:00,133.60000610351562,133.60000610351562,133.60000610351562,133.60000610351562,0,0.0,0.0
2023-04-04 00:00:00+02:00,131.64999389648438,131.64999389648438,131.64999389648438,131.64999389648438,0,0.0,0.0
2023-04-05 00:00:00+02:00,129.8000030517578,129.8000030517578,129.8000030517578,129.8000030517578,0,0.0,0.0
2023-04-06 00:00:00+02:00,131.9499969482422,131.9499969482422,131.9499969482422,131.9499969482422,0,0.0,0.0
2023-04-12 00:00:00+02:00,132.5,132.5,131.5500030517578,131.5500030517578,0,0.0,0.0
2023-04-13 00:00:00+02:00,129.4499969482422,132.0500030517578,129.4499969482422,132.0500030517578,0,0.0,0.0
2023-04-14 00:00:00+02:00,129.8000030517578,131.5500030517578,129.8000030517578,131.5500030517578,0,0.0,0.0
2023-04-17 00:00:00+02:00,130.9499969482422,132.75,130.9499969482422,132.75,0,0.0,0.0
2023-04-18 00:00:00+02:00,131.75,131.75,131.75,131.75,0,0.0,0.0
2023-04-19 00:00:00+02:00,129.14999389648438,129.14999389648438,129.14999389648438,129.14999389648438,0,0.0,0.0
2023-04-20 00:00:00+02:00,130.64999389648438,130.64999389648438,130.64999389648438,130.64999389648438,0,0.0,0.0
2023-04-21 00:00:00+02:00,130.5,130.5,130.5,130.5,0,0.0,0.0
2023-04-24 00:00:00+02:00,130.39999389648438,130.89999389648438,129.85000610351562,130.4499969482422,0,0.0,0.0
2023-04-25 00:00:00+02:00,128.75,130.25,128.75,129.5,0,0.0,0.0
2023-04-26 00:00:00+02:00,127.0,127.0,126.19999694824219,126.19999694824219,0,0.0,0.0
2023-04-27 00:00:00+02:00,123.3499984741211,126.0,123.3499984741211,125.5,0,0.0,0.0
2023-04-28 00:00:00+02:00,124.5999984741211,124.5999984741211,124.5999984741211,124.5999984741211,0,0.0,0.0
2023-05-02 00:00:00+02:00,126.9000015258789,126.9000015258789,124.19999694824219,124.19999694824219,0,0.0,0.0
2023-05-03 00:00:00+02:00,122.94999694824219,122.94999694824219,122.94999694824219,122.94999694824219,0,0.0,0.0
2023-05-04 00:00:00+02:00,121.9000015258789,123.25,121.9000015258789,122.9000015258789,0,0.0,0.0
2023-05-05 00:00:00+02:00,122.6500015258789,126.25,122.6500015258789,126.25,0,0.0,0.0
2023-05-08 00:00:00+02:00,124.5999984741211,125.3499984741211,124.5999984741211,124.94999694824219,0,0.0,0.0
2023-05-09 00:00:00+02:00,124.4000015258789,125.0,123.8499984741211,123.8499984741211,0,0.0,0.0
2023-05-10 00:00:00+02:00,121.94999694824219,121.94999694824219,121.94999694824219,121.94999694824219,0,0.0,0.0
2023-05-11 00:00:00+02:00,122.94999694824219,127.5999984741211,122.94999694824219,125.9000015258789,38,0.0,0.0
2023-05-12 00:00:00+02:00,124.05000305175781,127.30000305175781,124.05000305175781,127.30000305175781,100,0.0,0.0
2023-05-15 00:00:00+02:00,123.55000305175781,123.55000305175781,123.55000305175781,123.55000305175781,0,0.0,0.0
2023-05-16 00:00:00+02:00,122.05000305175781,122.05000305175781,122.05000305175781,122.05000305175781,0,0.0,0.0
2023-05-17 00:00:00+02:00,119.25,119.25,119.25,119.25,0,0.0,0.0
2023-05-18 00:00:00+02:00,120.25,120.25,120.25,120.25,0,0.0,0.0
2023-05-19 00:00:00+02:00,120.9000015258789,124.0999984741211,120.9000015258789,124.0999984741211,0,0.0,0.0
2023-05-22 00:00:00+02:00,122.5999984741211,122.5999984741211,122.25,122.25,0,0.0,0.0
2023-05-24 00:00:00+02:00,119.44999694824219,120.6500015258789,119.44999694824219,120.6500015258789,0,0.0,0.0
2023-05-25 00:00:00+02:00,118.5,118.5,117.05000305175781,117.05000305175781,0,0.0,0.0
2023-05-26 00:00:00+02:00,117.1500015258789,117.44999694824219,117.1500015258789,117.30000305175781,0,0.0,0.0
2023-05-29 00:00:00+02:00,115.94999694824219,115.94999694824219,115.94999694824219,115.94999694824219,0,0.0,0.0
2023-05-30 00:00:00+02:00,116.5,116.5,116.5,116.5,0,0.0,0.0
2023-05-31 00:00:00+02:00,116.8499984741211,121.05000305175781,116.8499984741211,120.69999694824219,0,0.0,0.0
2023-06-02 00:00:00+02:00,118.5,119.55000305175781,118.5,119.55000305175781,0,0.0,0.0
2023-06-05 00:00:00+02:00,118.55000305175781,119.80000305175781,118.55000305175781,119.80000305175781,0,0.0,0.0
2023-06-06 00:00:00+02:00,119.3499984741211,121.6500015258789,119.3499984741211,119.80000305175781,28,0.0,0.0
2023-06-07 00:00:00+02:00,119.19999694824219,119.69999694824219,119.1500015258789,119.69999694824219,0,0.0,0.0
2023-06-08 00:00:00+02:00,118.55000305175781,118.80000305175781,118.55000305175781,118.5999984741211,0,0.0,0.0
2023-06-09 00:00:00+02:00,116.6500015258789,118.4000015258789,116.6500015258789,118.0999984741211,0,0.0,0.0
2023-06-13 00:00:00+02:00,115.25,115.25,115.25,115.25,0,0.0,0.0
2023-06-14 00:00:00+02:00,116.4000015258789,116.4000015258789,116.4000015258789,116.4000015258789,0,0.0,0.0
2023-06-15 00:00:00+02:00,115.4000015258789,115.4000015258789,114.4000015258789,114.4000015258789,0,0.0,0.0
2023-06-16 00:00:00+02:00,116.1500015258789,116.5,116.1500015258789,116.5,0,0.0,0.0
2023-06-19 00:00:00+02:00,115.9000015258789,115.9000015258789,115.9000015258789,115.9000015258789,0,0.0,0.0
2023-06-20 00:00:00+02:00,113.4000015258789,113.4000015258789,113.4000015258789,113.4000015258789,0,0.0,0.0
2023-06-21 00:00:00+02:00,115.8499984741211,116.55000305175781,115.8499984741211,116.3499984741211,0,0.0,0.0
2023-06-22 00:00:00+02:00,115.19999694824219,116.3499984741211,115.19999694824219,116.19999694824219,0,0.0,0.0
2023-06-23 00:00:00+02:00,115.0,115.3499984741211,114.30000305175781,114.44999694824219,0,0.0,0.0
2023-06-26 00:00:00+02:00,113.1500015258789,114.05000305175781,113.1500015258789,114.05000305175781,0,0.0,0.0
2023-06-27 00:00:00+02:00,113.44999694824219,113.44999694824219,113.44999694824219,113.44999694824219,0,0.0,0.0
2023-06-28 00:00:00+02:00,111.1500015258789,111.1500015258789,111.1500015258789,111.1500015258789,0,0.0,0.0
2023-06-29 00:00:00+02:00,111.05000305175781,111.05000305175781,111.05000305175781,111.05000305175781,0,0.0,0.0
2023-06-30 00:00:00+02:00,112.4000015258789,112.4000015258789,112.4000015258789,112.4000015258789,0,0.0,0.0
2023-07-03 00:00:00+02:00,112.0,112.0,112.0,112.0,0,0.0,0.0
2023-07-04 00:00:00+02:00,111.4000015258789,111.4000015258789,111.4000015258789,111.4000015258789,0,0.0,0.0
2023-07-05 00:00:00+02:00,112.55000305175781,113.44999694824219,112.55000305175781,113.44999694824219,0,0.0,0.0
2023-07-06 00:00:00+02:00,112.1500015258789,112.1500015258789,111.6500015258789,111.6500015258789,0,0.0,0.0
2023-07-07 00:00:00+02:00,110.6500015258789,110.8499984741211,110.6500015258789,110.8499984741211,0,0.0,0.0
2023-07-10 00:00:00+02:00,109.5,112.44999694824219,109.5,112.44999694824219,0,0.0,0.0
2023-07-11 00:00:00+02:00,111.25,114.69999694824219,111.25,114.55000305175781,0,0.0,0.0
2023-07-12 00:00:00+02:00,114.0,114.0999984741211,112.19999694824219,112.19999694824219,0,0.0,0.0
2023-07-13 00:00:00+02:00,111.30000305175781,112.80000305175781,110.8499984741211,112.80000305175781,0,0.0,0.0
2023-07-14 00:00:00+02:00,111.4000015258789,111.4000015258789,111.4000015258789,111.4000015258789,0,0.0,0.0
2023-07-17 00:00:00+02:00,111.25,112.5999984741211,111.25,111.5999984741211,0,0.0,0.0
2023-07-18 00:00:00+02:00,110.6500015258789,113.3499984741211,110.6500015258789,113.3499984741211,0,0.0,0.0
2023-07-19 00:00:00+02:00,113.8499984741211,116.69999694824219,113.8499984741211,116.69999694824219,0,0.0,0.0
2023-07-20 00:00:00+02:00,115.69999694824219,115.69999694824219,115.69999694824219,115.69999694824219,0,0.0,0.0
2023-07-21 00:00:00+02:00,113.69999694824219,113.69999694824219,113.69999694824219,113.69999694824219,0,0.0,0.0
2023-07-24 00:00:00+02:00,116.05000305175781,118.80000305175781,116.05000305175781,118.6500015258789,0,0.0,0.0
2023-07-25 00:00:00+02:00,117.5999984741211,119.1500015258789,117.5999984741211,118.6500015258789,0,0.0,0.0
2023-07-26 00:00:00+02:00,117.75,118.05000305175781,117.75,118.0,0,0.0,0.0
2023-07-27 00:00:00+02:00,116.55000305175781,116.55000305175781,116.55000305175781,116.55000305175781,0,0.0,0.0
2023-07-28 00:00:00+02:00,117.25,118.30000305175781,117.25,118.30000305175781,0,0.0,0.0
2023-07-31 00:00:00+02:00,117.25,117.25,117.25,117.25,0,0.0,0.0
2023-08-01 00:00:00+02:00,117.0999984741211,117.0999984741211,117.0999984741211,117.0999984741211,0,0.0,0.0
2023-08-02 00:00:00+02:00,115.8499984741211,115.8499984741211,115.8499984741211,115.8499984741211,0,0.0,0.0
2023-08-03 00:00:00+02:00,117.55000305175781,118.5,117.55000305175781,118.0999984741211,0,0.0,0.0
2023-08-04 00:00:00+02:00,116.94999694824219,117.0,116.94999694824219,117.0,0,0.0,0.0
2023-08-08 00:00:00+02:00,117.69999694824219,119.8499984741211,117.6500015258789,119.5,0,0.0,0.0
2023-08-09 00:00:00+02:00,119.0999984741211,120.05000305175781,119.0999984741211,120.05000305175781,0,0.0,0.0
2023-08-10 00:00:00+02:00,122.25,122.9000015258789,122.25,122.6500015258789,0,0.0,0.0
2023-08-11 00:00:00+02:00,121.5,127.0,121.5,126.69999694824219,4,0.0,0.0
2023-08-14 00:00:00+02:00,125.5999984741211,125.6500015258789,125.5999984741211,125.6500015258789,4,0.0,0.0
2023-08-15 00:00:00+02:00,126.80000305175781,127.19999694824219,126.80000305175781,126.9000015258789,0,0.0,0.0
2023-08-16 00:00:00+02:00,126.69999694824219,126.69999694824219,126.69999694824219,126.69999694824219,0,0.0,0.0
2023-08-17 00:00:00+02:00,126.1500015258789,127.25,126.1500015258789,126.5,0,0.0,0.0
2023-08-18 00:00:00+02:00,125.6500015258789,126.8499984741211,125.6500015258789,126.8499984741211,0,0.0,0.0
2023-08-21 00:00:00+02:00,123.8499984741211,127.19999694824219,123.8499984741211,127.19999694824219,0,0.0,0.0
2023-08-22 00:00:00+02:00,125.3499984741211,129.3000030517578,125.3499984741211,129.3000030517578,0,0.0,0.0
2023-08-23 00:00:00+02:00,127.75,128.39999389648438,127.75,128.39999389648438,0,0.0,0.0
2023-08-24 00:00:00+02:00,126.5999984741211,129.6999969482422,126.5999984741211,127.94999694824219,5,0.0,0.0
2023-08-25 00:00:00+02:00,127.1500015258789,130.3000030517578,127.1500015258789,130.3000030517578,0,0.0,0.0
2023-08-28 00:00:00+02:00,129.14999389648438,131.10000610351562,129.14999389648438,130.9499969482422,0,0.0,0.0
2023-08-29 00:00:00+02:00,129.8000030517578,131.6999969482422,129.8000030517578,131.35000610351562,0,0.0,0.0
2023-08-30 00:00:00+02:00,130.60000610351562,132.75,130.60000610351562,132.4499969482422,0,0.0,0.0
2023-08-31 00:00:00+02:00,131.5500030517578,131.5500030517578,131.5500030517578,131.5500030517578,0,0.0,0.0
2023-09-01 00:00:00+02:00,130.75,133.0,130.75,132.9499969482422,0,0.0,0.0
2023-09-04 00:00:00+02:00,131.5500030517578,131.5500030517578,131.5500030517578,131.5500030517578,0,0.0,0.0
2023-09-05 00:00:00+02:00,131.14999389648438,131.14999389648438,130.0,130.0,0,0.0,0.0
2023-09-06 00:00:00+02:00,127.69999694824219,128.60000610351562,127.19999694824219,127.19999694824219,0,0.0,0.0
2023-09-07 00:00:00+02:00,125.5999984741211,126.6500015258789,125.5999984741211,126.55000305175781,0,0.0,0.0
2023-09-08 00:00:00+02:00,125.1500015258789,127.0,125.1500015258789,127.0,0,0.0,0.0
2023-09-11 00:00:00+02:00,125.69999694824219,127.3499984741211,125.69999694824219,126.8499984741211,0,0.0,0.0
2023-09-12 00:00:00+02:00,125.44999694824219,127.05000305175781,125.44999694824219,125.75,0,0.0,0.0
2023-09-13 00:00:00+02:00,124.5999984741211,125.44999694824219,123.5999984741211,123.5999984741211,0,0.0,0.0
2023-09-14 00:00:00+02:00,123.4000015258789,123.4000015258789,123.4000015258789,123.4000015258789,0,0.0,0.0
2023-09-15 00:00:00+02:00,124.19999694824219,124.9000015258789,124.05000305175781,124.5999984741211,0,0.0,0.0
2023-09-18 00:00:00+02:00,122.75,122.75,122.75,122.75,0,0.0,0.0
