Date,Open,High,Low,Close,Volume,Dividends,Stock Splits
2013-09-16 00:00:00-04:00,5.6666669845581055,5.6666669845581055,5.533332824707031,5.646667003631592,14250,0.0,0.0
2013-09-17 00:00:00-04:00,5.633333206176758,5.8933329582214355,5.573332786560059,5.686666965484619,47100,0.0,0.0
2013-09-18 00:00:00-04:00,5.519999980926514,5.6666669845581055,5.466667175292969,5.586667060852051,29400,0.0,0.0
2013-09-19 00:00:00-04:00,5.613333225250244,5.633333206176758,5.373332977294922,5.480000019073486,40800,0.0,0.0
2013-09-20 00:00:00-04:00,5.506667137145996,5.633333206176758,5.420000076293945,5.633333206176758,18300,0.0,0.0
2013-09-23 00:00:00-04:00,5.533332824707031,5.599999904632568,5.5,5.586667060852051,13800,0.0,0.0
2013-09-24 00:00:00-04:00,5.599999904632568,5.599999904632568,5.480000019073486,5.539999961853027,6600,0.0,0.0
2013-09-25 00:00:00-04:00,5.593332767486572,5.626667022705078,5.486667156219482,5.626667022705078,9750,0.0,0.0
2013-09-26 00:00:00-04:00,5.633333206176758,5.880000114440918,5.6066670417785645,5.8333330154418945,26250,0.0,0.0
2013-09-27 00:00:00-04:00,5.860000133514404,5.860000133514404,5.75333309173584,5.75333309173584,3750,0.0,0.0
2013-09-30 00:00:00-04:00,5.820000171661377,5.820000171661377,5.679999828338623,5.71999979019165,3750,0.0,0.0
2013-10-01 00:00:00-04:00,5.706666946411133,5.7133331298828125,5.566667079925537,5.6666669845581055,15600,0.0,0.0
2013-10-02 00:00:00-04:00,5.733333110809326,5.820000171661377,5.6666669845581055,5.7866668701171875,11100,0.0,0.0
2013-10-03 00:00:00-04:00,5.7133331298828125,5.8466668128967285,5.693333148956299,5.8466668128967285,4050,0.0,0.0
2013-10-04 00:00:00-04:00,5.820000171661377,5.820000171661377,5.699999809265137,5.7866668701171875,15300,0.0,0.0
2013-10-07 00:00:00-04:00,5.793333053588867,5.900000095367432,5.673333168029785,5.7733330726623535,27900,0.0,0.0
2013-10-08 00:00:00-04:00,5.813333034515381,5.933332920074463,5.766666889190674,5.813333034515381,148350,0.0,0.0
2013-10-09 00:00:00-04:00,5.8466668128967285,5.900000095367432,5.686666965484619,5.686666965484619,103200,0.0,0.0
2013-10-10 00:00:00-04:00,5.793333053588867,5.8933329582214355,5.766666889190674,5.813333034515381,52500,0.0,0.0
2013-10-11 00:00:00-04:00,5.8466668128967285,5.900000095367432,5.693333148956299,5.866666793823242,7950,0.0,0.0
2013-10-14 00:00:00-04:00,5.860000133514404,6.126667022705078,5.860000133514404,6.086667060852051,22800,0.0,0.0
2013-10-15 00:00:00-04:00,6.013332843780518,6.126667022705078,5.960000038146973,5.980000019073486,11250,0.0,0.0
2013-10-16 00:00:00-04:00,5.993332862854004,6.093332767486572,5.933332920074463,5.933332920074463,6000,0.0,0.0
2013-10-17 00:00:00-04:00,5.97333288192749,6.033332824707031,5.946667194366455,5.986667156219482,10200,0.0,0.0
2013-10-18 00:00:00-04:00,5.940000057220459,6.02666711807251,5.933332920074463,5.966667175292969,21900,0.0,0.0
2013-10-21 00:00:00-04:00,6.0,6.073332786560059,5.97333288192749,5.97333288192749,7950,0.0,0.0
2013-10-22 00:00:00-04:00,5.97333288192749,6.086667060852051,5.966667175292969,6.006667137145996,12150,0.0,0.0
2013-10-23 00:00:00-04:00,6.073332786560059,6.119999885559082,6.0,6.093332767486572,12750,0.0,0.0
2013-10-24 00:00:00-04:00,6.139999866485596,6.159999847412109,5.97333288192749,6.079999923706055,14400,0.0,0.0
2013-10-25 00:00:00-04:00,5.97333288192749,6.199999809265137,5.966667175292969,5.97333288192749,14700,0.0,0.0
2013-10-28 00:00:00-04:00,6.033332824707031,6.199999809265137,6.033332824707031,6.079999923706055,4650,0.0,0.0
2013-10-29 00:00:00-04:00,6.086667060852051,6.173333168029785,6.073332786560059,6.086667060852051,5550,0.0,0.0
2013-10-30 00:00:00-04:00,6.086667060852051,6.1533331871032715,6.073332786560059,6.073332786560059,5100,0.0,0.0
2013-10-31 00:00:00-04:00,6.133333206176758,6.133333206176758,6.053332805633545,6.086667060852051,3450,0.0,0.0
2013-11-01 00:00:00-04:00,6.119999885559082,6.1666669845581055,6.086667060852051,6.1066670417785645,4200,0.0,0.0
2013-11-04 00:00:00-05:00,6.1666669845581055,6.1666669845581055,5.980000019073486,6.079999923706055,37350,0.0,0.0
2013-11-05 00:00:00-05:00,6.099999904632568,6.099999904632568,5.97333288192749,6.033332824707031,7950,0.0,0.0
2013-11-06 00:00:00-05:00,6.0,6.113333225250244,5.97333288192749,6.093332767486572,6150,0.0,0.0
2013-11-07 00:00:00-05:00,6.099999904632568,6.099999904632568,5.966667175292969,6.053332805633545,13650,0.0,0.0
2013-11-08 00:00:00-05:00,6.02666711807251,6.093332767486572,6.006667137145996,6.093332767486572,1350,0.0,0.0
2013-11-11 00:00:00-05:00,6.099999904632568,6.1666669845581055,6.046667098999023,6.053332805633545,7950,0.0,0.0
2013-11-12 00:00:00-05:00,6.039999961853027,6.099999904632568,6.0,6.093332767486572,15450,0.0,0.0
2013-11-13 00:00:00-05:00,6.046667098999023,6.093332767486572,6.046667098999023,6.093332767486572,1650,0.0,0.0
2013-11-14 00:00:00-05:00,6.079999923706055,6.093332767486572,5.986667156219482,6.019999980926514,12450,0.0,0.0
2013-11-15 00:00:00-05:00,6.093332767486572,6.093332767486572,5.880000114440918,6.02666711807251,6450,0.0,0.0
2013-11-18 00:00:00-05:00,6.033332824707031,6.033332824707031,6.0,6.033332824707031,23550,0.0,0.0
2013-11-19 00:00:00-05:00,6.0,6.033332824707031,6.0,6.013332843780518,10050,0.0,0.0
2013-11-20 00:00:00-05:00,6.006667137145996,6.013332843780518,6.006667137145996,6.006667137145996,2400,0.0,0.0
2013-11-21 00:00:00-05:00,6.0,6.033332824707031,5.980000019073486,5.980000019073486,2850,0.0,0.0
2013-11-22 00:00:00-05:00,5.986667156219482,6.02666711807251,5.940000057220459,6.0,6750,0.0,0.0
2013-11-25 00:00:00-05:00,5.980000019073486,6.099999904632568,5.980000019073486,6.039999961853027,10350,0.0,0.0
2013-11-26 00:00:00-05:00,6.033332824707031,6.039999961853027,6.019999980926514,6.039999961853027,8550,0.0,0.0
2013-11-27 00:00:00-05:00,6.039999961853027,6.099999904632568,6.039999961853027,6.093332767486572,13050,0.0,0.0
2013-11-29 00:00:00-05:00,6.093332767486572,6.099999904632568,6.093332767486572,6.093332767486572,7200,0.0,0.0
2013-12-02 00:00:00-05:00,6.093332767486572,6.133333206176758,6.013332843780518,6.086667060852051,8850,0.0,0.0
2013-12-03 00:00:00-05:00,6.119999885559082,6.320000171661377,6.119999885559082,6.260000228881836,73650,0.0,0.0
2013-12-04 00:00:00-05:00,6.233333110809326,6.3333330154418945,6.133333206176758,6.24666690826416,25650,0.0,0.0
2013-12-05 00:00:00-05:00,6.206666946411133,6.2266669273376465,6.02666711807251,6.2266669273376465,5250,0.0,0.0
2013-12-06 00:00:00-05:00,6.1666669845581055,6.21999979019165,6.099999904632568,6.199999809265137,14100,0.0,0.0
2013-12-09 00:00:00-05:00,6.239999771118164,6.326666831970215,6.086667060852051,6.199999809265137,16650,0.0,0.0
2013-12-10 00:00:00-05:00,6.1666669845581055,6.199999809265137,6.099999904632568,6.199999809265137,7350,0.0,0.0
2013-12-11 00:00:00-05:00,6.179999828338623,6.266666889190674,6.1066670417785645,6.113333225250244,4800,0.0,0.0
2013-12-12 00:00:00-05:00,6.186666965484619,6.260000228881836,6.119999885559082,6.159999847412109,8250,0.0,0.0
2013-12-13 00:00:00-05:00,6.260000228881836,6.3333330154418945,6.099999904632568,6.233333110809326,60300,0.0,0.0
2013-12-16 00:00:00-05:00,6.206666946411133,6.3333330154418945,6.1533331871032715,6.320000171661377,35400,0.0,0.0
2013-12-17 00:00:00-05:00,6.2733330726623535,6.300000190734863,6.113333225250244,6.2133331298828125,59400,0.0,0.0
2013-12-18 00:00:00-05:00,6.193333148956299,6.260000228881836,6.119999885559082,6.260000228881836,31200,0.0,0.0
2013-12-19 00:00:00-05:00,6.300000190734863,6.300000190734863,6.186666965484619,6.2866668701171875,6750,0.0,0.0
2013-12-20 00:00:00-05:00,6.206666946411133,6.400000095367432,6.206666946411133,6.400000095367432,14550,0.0,0.0
2013-12-23 00:00:00-05:00,6.306666851043701,6.433332920074463,6.306666851043701,6.420000076293945,12150,0.0,0.0
2013-12-24 00:00:00-05:00,6.426667213439941,6.480000019073486,6.386666774749756,6.413332939147949,17250,0.0,0.0
2013-12-26 00:00:00-05:00,6.453332901000977,6.453332901000977,6.233333110809326,6.433332920074463,15600,0.0,0.0
2013-12-27 00:00:00-05:00,6.426667213439941,6.426667213439941,6.326666831970215,6.386666774749756,16200,0.0,0.0
2013-12-30 00:00:00-05:00,6.386666774749756,6.480000019073486,6.360000133514404,6.3933329582214355,7800,0.0,0.0
2013-12-31 00:00:00-05:00,6.426667213439941,6.480000019073486,6.360000133514404,6.360000133514404,20550,0.0,0.0
2014-01-02 00:00:00-05:00,6.3333330154418945,6.413332939147949,6.3333330154418945,6.380000114440918,4500,0.0,0.0
2014-01-03 00:00:00-05:00,6.406667232513428,6.406667232513428,6.3333330154418945,6.3333330154418945,2700,0.0,0.0
2014-01-06 00:00:00-05:00,6.3333330154418945,6.3333330154418945,6.2133331298828125,6.24666690826416,10950,0.0,0.0
2014-01-07 00:00:00-05:00,6.24666690826416,6.453332901000977,6.24666690826416,6.2733330726623535,30600,0.0,0.0
2014-01-08 00:00:00-05:00,6.3333330154418945,6.466667175292969,6.300000190734863,6.360000133514404,37350,0.0,0.0
2014-01-09 00:00:00-05:00,6.340000152587891,6.446667194366455,6.266666889190674,6.446667194366455,23400,0.0,0.0
2014-01-10 00:00:00-05:00,6.420000076293945,6.426667213439941,6.300000190734863,6.380000114440918,34950,0.0,0.0
2014-01-13 00:00:00-05:00,6.2866668701171875,6.460000038146973,6.266666889190674,6.300000190734863,31950,0.0,0.0
2014-01-14 00:00:00-05:00,6.3333330154418945,6.386666774749756,6.28000020980835,6.300000190734863,2700,0.0,0.0
2014-01-15 00:00:00-05:00,6.3333330154418945,6.406667232513428,6.2733330726623535,6.2866668701171875,26400,0.0,0.0
2014-01-16 00:00:00-05:00,6.2866668701171875,6.3466668128967285,6.2866668701171875,6.313333034515381,8850,0.0,0.0
2014-01-17 00:00:00-05:00,6.3933329582214355,6.406667232513428,6.293333053588867,6.293333053588867,6000,0.0,0.0
2014-01-21 00:00:00-05:00,6.3333330154418945,6.406667232513428,6.3333330154418945,6.353332996368408,3150,0.0,0.0
2014-01-22 00:00:00-05:00,6.3466668128967285,6.3933329582214355,6.306666851043701,6.3333330154418945,6000,0.0,0.0
2014-01-23 00:00:00-05:00,6.3333330154418945,6.366666793823242,6.306666851043701,6.306666851043701,1350,0.0,0.0
2014-01-24 00:00:00-05:00,6.306666851043701,6.306666851043701,6.086667060852051,6.159999847412109,32700,0.0,0.0
2014-01-27 00:00:00-05:00,6.126667022705078,6.326666831970215,5.97333288192749,6.0,31650,0.0,0.0
2014-01-28 00:00:00-05:00,6.266666889190674,6.266666889190674,6.066667079925537,6.159999847412109,13350,0.0,0.0
2014-01-29 00:00:00-05:00,6.159999847412109,6.2733330726623535,6.013332843780518,6.146667003631592,9300,0.0,0.0
2014-01-30 00:00:00-05:00,6.113333225250244,6.306666851043701,6.113333225250244,6.193333148956299,1350,0.0,0.0
2014-01-31 00:00:00-05:00,6.139999866485596,6.300000190734863,6.006667137145996,6.25333309173584,6450,0.0,0.0
2014-02-03 00:00:00-05:00,6.1666669845581055,6.320000171661377,6.066667079925537,6.113333225250244,3450,0.0,0.0
2014-02-04 00:00:00-05:00,6.193333148956299,6.25333309173584,6.1066670417785645,6.159999847412109,13950,0.0,0.0
2014-02-05 00:00:00-05:00,6.119999885559082,6.186666965484619,6.013332843780518,6.133333206176758,15750,0.0,0.0
2014-02-06 00:00:00-05:00,6.133333206176758,6.173333168029785,6.099999904632568,6.133333206176758,13350,0.0,0.0
2014-02-07 00:00:00-05:00,6.21999979019165,6.300000190734863,6.113333225250244,6.206666946411133,61950,0.0,0.0
2014-02-10 00:00:00-05:00,6.239999771118164,6.266666889190674,6.206666946411133,6.233333110809326,13650,0.0,0.0
2014-02-11 00:00:00-05:00,6.233333110809326,6.293333053588867,6.206666946411133,6.233333110809326,20250,0.0,0.0
2014-02-12 00:00:00-05:00,6.266666889190674,6.71999979019165,6.21999979019165,6.679999828338623,149850,0.0,0.0
2014-02-13 00:00:00-05:00,6.679999828338623,7.74666690826416,6.6066670417785645,7.380000114440918,175050,0.0,0.0
2014-02-14 00:00:00-05:00,7.3333330154418945,7.3333330154418945,7.013332843780518,7.186666965484619,23100,0.0,0.0
2014-02-18 00:00:00-05:00,7.1666669845581055,7.433332920074463,7.1666669845581055,7.373332977294922,78600,0.0,0.0
2014-02-19 00:00:00-05:00,7.426667213439941,7.466667175292969,7.2266669273376465,7.2266669273376465,68250,0.0,0.0
2014-02-20 00:00:00-05:00,7.313333034515381,7.3333330154418945,7.199999809265137,7.25333309173584,29250,0.0,0.0
2014-02-21 00:00:00-05:00,7.206666946411133,7.426667213439941,7.199999809265137,7.340000152587891,25650,0.0,0.0
2014-02-24 00:00:00-05:00,7.433332920074463,7.593332767486572,7.380000114440918,7.380000114440918,69600,0.0,0.0
2014-02-25 00:00:00-05:00,7.453332901000977,7.460000038146973,7.266666889190674,7.2733330726623535,33300,0.0,0.0
2014-02-26 00:00:00-05:00,7.3333330154418945,7.440000057220459,6.933332920074463,7.126667022705078,107250,0.0,0.0
2014-02-27 00:00:00-05:00,7.173333168029785,7.3933329582214355,7.1533331871032715,7.239999771118164,9900,0.0,0.0
2014-02-28 00:00:00-05:00,7.260000228881836,7.373332977294922,7.1666669845581055,7.179999828338623,12900,0.0,0.0
2014-03-03 00:00:00-05:00,7.3466668128967285,7.453332901000977,7.119999885559082,7.159999847412109,25350,0.0,0.0
2014-03-04 00:00:00-05:00,7.126667022705078,7.326666831970215,7.126667022705078,7.326666831970215,10650,0.0,0.0
2014-03-05 00:00:00-05:00,7.2733330726623535,7.300000190734863,7.1533331871032715,7.186666965484619,6750,0.0,0.0
2014-03-06 00:00:00-05:00,7.266666889190674,7.326666831970215,7.199999809265137,7.326666831970215,13350,0.0,0.0
2014-03-07 00:00:00-05:00,7.3333330154418945,7.426667213439941,7.199999809265137,7.3333330154418945,58650,0.0,0.0
2014-03-10 00:00:00-04:00,7.366666793823242,7.426667213439941,7.266666889190674,7.266666889190674,16200,0.0,0.0
2014-03-11 00:00:00-04:00,7.186666965484619,7.306666851043701,7.126667022705078,7.300000190734863,84300,0.0,0.0
2014-03-12 00:00:00-04:00,7.233333110809326,7.300000190734863,7.133333206176758,7.28000020980835,16350,0.0,0.0
2014-03-13 00:00:00-04:00,7.24666690826416,7.300000190734863,7.133333206176758,7.233333110809326,12600,0.0,0.0
2014-03-14 00:00:00-04:00,7.266666889190674,7.266666889190674,7.086667060852051,7.21999979019165,44400,0.0,0.0
2014-03-17 00:00:00-04:00,7.179999828338623,7.233333110809326,6.866666793823242,7.019999980926514,25050,0.0,0.0
2014-03-18 00:00:00-04:00,7.079999923706055,7.099999904632568,6.97333288192749,7.033332824707031,12150,0.0,0.0
2014-03-19 00:00:00-04:00,7.046667098999023,7.1666669845581055,6.913332939147949,7.0,9300,0.0,0.0
2014-03-20 00:00:00-04:00,7.0,7.046667098999023,6.940000057220459,6.986667156219482,9750,0.0,0.0
2014-03-21 00:00:00-04:00,6.946667194366455,7.066667079925537,6.946667194366455,6.986667156219482,14250,0.0,0.0
2014-03-24 00:00:00-04:00,7.066667079925537,7.113333225250244,6.673333168029785,6.933332920074463,42450,0.0,0.0
2014-03-25 00:00:00-04:00,6.933332920074463,6.940000057220459,6.886666774749756,6.926667213439941,13650,0.0,0.0
2014-03-26 00:00:00-04:00,6.953332901000977,7.113333225250244,6.673333168029785,6.840000152587891,45900,0.0,0.0
2014-03-27 00:00:00-04:00,6.793333053588867,6.960000038146973,6.793333053588867,6.8333330154418945,16350,0.0,0.0
2014-03-28 00:00:00-04:00,7.099999904632568,7.1066670417785645,6.880000114440918,6.8933329582214355,29850,0.0,0.0
2014-03-31 00:00:00-04:00,6.840000152587891,6.8933329582214355,6.8333330154418945,6.886666774749756,12300,0.0,0.0
2014-04-01 00:00:00-04:00,6.913332939147949,6.933332920074463,6.806666851043701,6.8333330154418945,7200,0.0,0.0
2014-04-02 00:00:00-04:00,6.806666851043701,6.97333288192749,6.679999828338623,6.940000057220459,30450,0.0,0.0
2014-04-03 00:00:00-04:00,6.913332939147949,6.953332901000977,6.860000133514404,6.920000076293945,17550,0.0,0.0
2014-04-04 00:00:00-04:00,7.0,7.0,6.853332996368408,6.853332996368408,19050,0.0,0.0
2014-04-07 00:00:00-04:00,6.853332996368408,6.886666774749756,6.820000171661377,6.820000171661377,18300,0.0,0.0
2014-04-08 00:00:00-04:00,6.8466668128967285,6.900000095367432,6.6666669845581055,6.900000095367432,45450,0.0,0.0
2014-04-09 00:00:00-04:00,6.900000095367432,6.900000095367432,6.766666889190674,6.793333053588867,25650,0.0,0.0
2014-04-10 00:00:00-04:00,6.760000228881836,6.8333330154418945,6.760000228881836,6.800000190734863,18600,0.0,0.0
2014-04-11 00:00:00-04:00,6.97333288192749,7.0,6.74666690826416,6.75333309173584,31500,0.0,0.0
2014-04-14 00:00:00-04:00,6.75333309173584,6.886666774749756,6.739999771118164,6.74666690826416,17100,0.0,0.0
2014-04-15 00:00:00-04:00,6.806666851043701,6.926667213439941,6.78000020980835,6.793333053588867,20400,0.0,0.0
2014-04-16 00:00:00-04:00,6.800000190734863,6.866666793823242,6.699999809265137,6.7866668701171875,67500,0.0,0.0
2014-04-17 00:00:00-04:00,6.7266669273376465,6.920000076293945,6.7266669273376465,6.8466668128967285,16500,0.0,0.0
2014-04-21 00:00:00-04:00,6.800000190734863,7.093332767486572,6.74666690826416,7.059999942779541,12900,0.0,0.0
2014-04-22 00:00:00-04:00,7.039999961853027,7.320000171661377,7.039999961853027,7.199999809265137,28350,0.0,0.0
2014-04-23 00:00:00-04:00,7.21999979019165,7.300000190734863,7.099999904632568,7.099999904632568,6450,0.0,0.0
2014-04-24 00:00:00-04:00,7.093332767486572,7.266666889190674,7.086667060852051,7.179999828338623,7350,0.0,0.0
2014-04-25 00:00:00-04:00,7.28000020980835,7.28000020980835,7.053332805633545,7.053332805633545,10800,0.0,0.0
2014-04-28 00:00:00-04:00,7.079999923706055,7.2866668701171875,6.800000190734863,7.046667098999023,45000,0.0,0.0
2014-04-29 00:00:00-04:00,7.02666711807251,7.1666669845581055,6.946667194366455,6.946667194366455,10200,0.0,0.0
2014-04-30 00:00:00-04:00,6.980000019073486,7.126667022705078,6.960000038146973,6.993332862854004,7350,0.0,0.0
2014-05-01 00:00:00-04:00,7.133333206176758,7.1533331871032715,6.986667156219482,7.0,3600,0.0,0.0
2014-05-02 00:00:00-04:00,7.053332805633545,7.053332805633545,6.946667194366455,6.946667194366455,7050,0.0,0.0
2014-05-05 00:00:00-04:00,6.960000038146973,7.0,6.960000038146973,6.960000038146973,2100,0.0,0.0
2014-05-06 00:00:00-04:00,7.199999809265137,7.199999809265137,6.940000057220459,6.980000019073486,6750,0.0,0.0
2014-05-07 00:00:00-04:00,6.993332862854004,6.993332862854004,6.906667232513428,6.906667232513428,4950,0.0,0.0
2014-05-08 00:00:00-04:00,6.886666774749756,7.019999980926514,6.886666774749756,6.986667156219482,3750,0.0,0.0
2014-05-09 00:00:00-04:00,6.986667156219482,6.986667156219482,6.313333034515381,6.313333034515381,219900,0.0,0.0
2014-05-12 00:00:00-04:00,6.433332920074463,6.693333148956299,6.433332920074463,6.599999904632568,75900,0.0,0.0
2014-05-13 00:00:00-04:00,6.433332920074463,6.633333206176758,6.433332920074463,6.480000019073486,24300,0.0,0.0
2014-05-14 00:00:00-04:00,6.599999904632568,6.599999904632568,6.433332920074463,6.433332920074463,6150,0.0,0.0
2014-05-15 00:00:00-04:00,6.446667194366455,6.480000019073486,6.433332920074463,6.466667175292969,10350,0.0,0.0
2014-05-16 00:00:00-04:00,6.566667079925537,6.613333225250244,6.506667137145996,6.506667137145996,13650,0.0,0.0
2014-05-19 00:00:00-04:00,6.466667175292969,6.480000019073486,6.453332901000977,6.480000019073486,7950,0.0,0.0
2014-05-20 00:00:00-04:00,6.433332920074463,6.433332920074463,6.433332920074463,6.433332920074463,1050,0.0,0.0
2014-05-21 00:00:00-04:00,6.480000019073486,6.579999923706055,6.433332920074463,6.433332920074463,10500,0.0,0.0
2014-05-22 00:00:00-04:00,6.493332862854004,6.626667022705078,6.460000038146973,6.566667079925537,7500,0.0,0.0
2014-05-23 00:00:00-04:00,6.586667060852051,6.633333206176758,6.533332824707031,6.6066670417785645,7950,0.0,0.0
2014-05-27 00:00:00-04:00,6.626667022705078,6.626667022705078,6.613333225250244,6.619999885559082,8250,0.0,0.0
2014-05-28 00:00:00-04:00,6.6666669845581055,6.6666669845581055,6.613333225250244,6.659999847412109,7800,0.0,0.0
2014-05-29 00:00:00-04:00,6.6666669845581055,6.7733330726623535,6.6666669845581055,6.760000228881836,7050,0.0,0.0
2014-05-30 00:00:00-04:00,6.706666946411133,6.880000114440918,6.706666946411133,6.78000020980835,23250,0.0,0.0
2014-06-02 00:00:00-04:00,6.920000076293945,6.920000076293945,6.639999866485596,6.820000171661377,30150,0.0,0.0
2014-06-03 00:00:00-04:00,6.8466668128967285,6.8466668128967285,6.6666669845581055,6.6666669845581055,4500,0.0,0.0
2014-06-04 00:00:00-04:00,6.6533331871032715,6.739999771118164,6.6066670417785645,6.6066670417785645,4200,0.0,0.0
2014-06-05 00:00:00-04:00,6.639999866485596,6.6533331871032715,6.639999866485596,6.6533331871032715,2250,0.0,0.0
2014-06-06 00:00:00-04:00,6.7266669273376465,6.766666889190674,6.693333148956299,6.7266669273376465,25500,0.0,0.0
2014-06-09 00:00:00-04:00,6.639999866485596,6.880000114440918,6.639999866485596,6.880000114440918,23550,0.0,0.0
2014-06-10 00:00:00-04:00,6.826666831970215,6.920000076293945,6.766666889190674,6.920000076293945,9450,0.0,0.0
2014-06-11 00:00:00-04:00,6.920000076293945,7.293333053588867,6.806666851043701,7.293333053588867,34050,0.0,0.0
2014-06-12 00:00:00-04:00,7.266666889190674,7.2733330726623535,6.886666774749756,7.233333110809326,56700,0.0,0.0
2014-06-13 00:00:00-04:00,7.2133331298828125,7.300000190734863,7.1666669845581055,7.300000190734863,41850,0.0,0.0
2014-06-16 00:00:00-04:00,7.260000228881836,7.366666793823242,7.146667003631592,7.21999979019165,38100,0.0,0.0
2014-06-17 00:00:00-04:00,7.233333110809326,7.326666831970215,7.133333206176758,7.2733330726623535,4800,0.0,0.0
2014-06-18 00:00:00-04:00,7.179999828338623,7.313333034515381,7.179999828338623,7.266666889190674,8700,0.0,0.0
2014-06-19 00:00:00-04:00,7.260000228881836,7.366666793823242,7.233333110809326,7.3333330154418945,22800,0.0,0.0
2014-06-20 00:00:00-04:00,7.3333330154418945,7.433332920074463,7.300000190734863,7.400000095367432,9900,0.0,0.0
2014-06-23 00:00:00-04:00,7.400000095367432,7.400000095367432,7.293333053588867,7.400000095367432,17550,0.0,0.0
2014-06-24 00:00:00-04:00,7.433332920074463,7.446667194366455,7.366666793823242,7.426667213439941,20100,0.0,0.0
2014-06-25 00:00:00-04:00,7.366666793823242,7.426667213439941,7.353332996368408,7.413332939147949,17400,0.0,0.0
2014-06-26 00:00:00-04:00,7.413332939147949,7.413332939147949,7.24666690826416,7.2733330726623535,4500,0.0,0.0
2014-06-27 00:00:00-04:00,7.266666889190674,7.460000038146973,7.239999771118164,7.460000038146973,4050,0.0,0.0
2014-06-30 00:00:00-04:00,7.420000076293945,7.440000057220459,7.266666889190674,7.340000152587891,6000,0.0,0.0
2014-07-01 00:00:00-04:00,7.426667213439941,7.646667003631592,7.340000152587891,7.619999885559082,22050,0.0,0.0
2014-07-02 00:00:00-04:00,7.599999904632568,7.659999847412109,7.566667079925537,7.639999866485596,68400,0.0,0.0
2014-07-03 00:00:00-04:00,7.659999847412109,7.71999979019165,7.633333206176758,7.659999847412109,44550,0.0,0.0
2014-07-07 00:00:00-04:00,7.546667098999023,7.6666669845581055,7.453332901000977,7.553332805633545,21150,0.0,0.0
2014-07-08 00:00:00-04:00,7.579999923706055,7.619999885559082,7.373332977294922,7.6066670417785645,10950,0.0,0.0
2014-07-09 00:00:00-04:00,7.613333225250244,7.613333225250244,7.400000095367432,7.533332824707031,6750,0.0,0.0
2014-07-10 00:00:00-04:00,7.460000038146973,7.486667156219482,7.3333330154418945,7.466667175292969,7650,0.0,0.0
2014-07-11 00:00:00-04:00,7.3933329582214355,7.586667060852051,7.3933329582214355,7.546667098999023,5250,0.0,0.0
2014-07-14 00:00:00-04:00,7.480000019073486,7.6666669845581055,7.480000019073486,7.599999904632568,40050,0.0,0.0
2014-07-15 00:00:00-04:00,7.633333206176758,7.633333206176758,7.519999980926514,7.599999904632568,7350,0.0,0.0
2014-07-16 00:00:00-04:00,7.586667060852051,7.6066670417785645,7.533332824707031,7.579999923706055,12300,0.0,0.0
2014-07-17 00:00:00-04:00,7.539999961853027,7.566667079925537,7.433332920074463,7.460000038146973,41400,0.0,0.0
2014-07-18 00:00:00-04:00,7.453332901000977,7.52666711807251,7.440000057220459,7.5,37350,0.0,0.0
2014-07-21 00:00:00-04:00,7.519999980926514,7.566667079925537,7.380000114440918,7.453332901000977,39150,0.0,0.0
2014-07-22 00:00:00-04:00,7.47333288192749,7.47333288192749,7.433332920074463,7.433332920074463,1950,0.0,0.0
2014-07-23 00:00:00-04:00,7.440000057220459,7.506667137145996,7.420000076293945,7.420000076293945,2850,0.0,0.0
2014-07-24 00:00:00-04:00,7.386666774749756,7.440000057220459,7.28000020980835,7.28000020980835,9900,0.0,0.0
2014-07-25 00:00:00-04:00,7.313333034515381,7.400000095367432,7.313333034515381,7.340000152587891,1950,0.0,0.0
2014-07-28 00:00:00-04:00,7.413332939147949,7.446667194366455,7.340000152587891,7.446667194366455,5100,0.0,0.0
2014-07-29 00:00:00-04:00,7.406667232513428,7.406667232513428,7.3333330154418945,7.3333330154418945,3000,0.0,0.0
2014-07-30 00:00:00-04:00,7.466667175292969,7.466667175292969,7.3333330154418945,7.453332901000977,3750,0.0,0.0
2014-07-31 00:00:00-04:00,7.360000133514404,7.380000114440918,7.173333168029785,7.186666965484619,4500,0.0,0.0
2014-08-01 00:00:00-04:00,7.179999828338623,7.179999828338623,6.8466668128967285,6.993332862854004,14100,0.0,0.0
2014-08-04 00:00:00-04:00,6.966667175292969,7.019999980926514,6.826666831970215,6.940000057220459,12450,0.0,0.0
2014-08-05 00:00:00-04:00,6.880000114440918,6.906667232513428,6.733333110809326,6.793333053588867,19200,0.0,0.0
2014-08-06 00:00:00-04:00,6.793333053588867,6.820000171661377,6.74666690826416,6.800000190734863,23700,0.0,0.0
2014-08-07 00:00:00-04:00,6.800000190734863,6.813333034515381,6.673333168029785,6.75333309173584,26700,0.0,0.0
2014-08-08 00:00:00-04:00,6.78000020980835,6.800000190734863,6.766666889190674,6.7866668701171875,6000,0.0,0.0
2014-08-11 00:00:00-04:00,6.6666669845581055,6.8333330154418945,6.6666669845581055,6.800000190734863,8700,0.0,0.0
2014-08-12 00:00:00-04:00,6.853332996368408,6.966667175292969,6.800000190734863,6.853332996368408,13500,0.0,0.0
2014-08-13 00:00:00-04:00,6.866666793823242,6.880000114440918,6.733333110809326,6.733333110809326,84000,0.0,0.0
2014-08-14 00:00:00-04:00,6.74666690826416,6.840000152587891,6.673333168029785,6.766666889190674,27150,0.0,0.0
2014-08-15 00:00:00-04:00,6.71999979019165,6.8333330154418945,6.579999923706055,6.639999866485596,46650,0.0,0.0
2014-08-18 00:00:00-04:00,6.639999866485596,6.953332901000977,6.639999866485596,6.840000152587891,66000,0.0,0.0
2014-08-19 00:00:00-04:00,6.906667232513428,6.906667232513428,6.733333110809326,6.75333309173584,9000,0.0,0.0
2014-08-20 00:00:00-04:00,6.7733330726623535,6.820000171661377,6.766666889190674,6.766666889190674,6300,0.0,0.0
2014-08-21 00:00:00-04:00,6.75333309173584,6.860000133514404,6.699999809265137,6.78000020980835,36300,0.0,0.0
2014-08-22 00:00:00-04:00,6.820000171661377,6.820000171661377,6.75333309173584,6.793333053588867,5100,0.0,0.0
2014-08-25 00:00:00-04:00,6.826666831970215,6.826666831970215,6.760000228881836,6.766666889190674,33750,0.0,0.0
2014-08-26 00:00:00-04:00,6.873332977294922,6.873332977294922,6.766666889190674,6.78000020980835,44400,0.0,0.0
2014-08-27 00:00:00-04:00,6.800000190734863,6.806666851043701,6.733333110809326,6.766666889190674,12600,0.0,0.0
2014-08-28 00:00:00-04:00,6.766666889190674,6.800000190734863,6.699999809265137,6.793333053588867,26100,0.0,0.0
2014-08-29 00:00:00-04:00,6.7866668701171875,6.7866668701171875,6.693333148956299,6.733333110809326,28950,0.0,0.0
2014-09-02 00:00:00-04:00,6.699999809265137,6.800000190734863,6.6666669845581055,6.793333053588867,48300,0.0,0.0
2014-09-03 00:00:00-04:00,6.826666831970215,6.826666831970215,6.71999979019165,6.7266669273376465,17850,0.0,0.0
2014-09-04 00:00:00-04:00,6.7266669273376465,6.78000020980835,6.71999979019165,6.78000020980835,1650,0.0,0.0
2014-09-05 00:00:00-04:00,6.760000228881836,6.840000152587891,6.699999809265137,6.7133331298828125,16950,0.0,0.0
2014-09-08 00:00:00-04:00,6.706666946411133,6.793333053588867,6.699999809265137,6.7133331298828125,11250,0.0,0.0
2014-09-09 00:00:00-04:00,6.733333110809326,6.75333309173584,6.7133331298828125,6.733333110809326,2100,0.0,0.0
2014-09-10 00:00:00-04:00,6.699999809265137,6.74666690826416,6.699999809265137,6.74666690826416,3750,0.0,0.0
2014-09-11 00:00:00-04:00,6.7266669273376465,6.739999771118164,6.686666965484619,6.686666965484619,7350,0.0,0.0
2014-09-12 00:00:00-04:00,6.686666965484619,6.75333309173584,6.673333168029785,6.7133331298828125,4200,0.0,0.0
2014-09-15 00:00:00-04:00,6.75333309173584,6.7733330726623535,6.679999828338623,6.760000228881836,5400,0.0,0.0
2014-09-16 00:00:00-04:00,6.78000020980835,6.78000020980835,6.733333110809326,6.766666889190674,2250,0.0,0.0
2014-09-17 00:00:00-04:00,6.699999809265137,6.71999979019165,6.6666669845581055,6.686666965484619,13650,0.0,0.0
2014-09-18 00:00:00-04:00,6.7133331298828125,6.7733330726623535,6.7133331298828125,6.71999979019165,3600,0.0,0.0
2014-09-19 00:00:00-04:00,6.7866668701171875,6.800000190734863,6.639999866485596,6.800000190734863,24450,0.0,0.0
2014-09-22 00:00:00-04:00,6.7266669273376465,6.74666690826416,6.6533331871032715,6.6533331871032715,8700,0.0,0.0
2014-09-23 00:00:00-04:00,6.6533331871032715,6.74666690826416,6.599999904632568,6.633333206176758,7500,0.0,0.0
2014-09-24 00:00:00-04:00,6.533332824707031,6.646667003631592,6.533332824707031,6.599999904632568,8700,0.0,0.0
2014-09-25 00:00:00-04:00,6.619999885559082,6.679999828338623,6.546667098999023,6.546667098999023,6750,0.0,0.0
2014-09-26 00:00:00-04:00,6.579999923706055,6.71999979019165,6.566667079925537,6.699999809265137,8250,0.0,0.0
2014-09-29 00:00:00-04:00,6.619999885559082,6.6666669845581055,6.553332805633545,6.573332786560059,7050,0.0,0.0
2014-09-30 00:00:00-04:00,6.686666965484619,6.686666965484619,6.546667098999023,6.546667098999023,11400,0.0,0.0
2014-10-01 00:00:00-04:00,6.553332805633545,6.553332805633545,6.47333288192749,6.47333288192749,18000,0.0,0.0
2014-10-02 00:00:00-04:00,6.47333288192749,6.6066670417785645,6.466667175292969,6.566667079925537,10200,0.0,0.0
2014-10-03 00:00:00-04:00,6.659999847412109,6.659999847412109,6.493332862854004,6.553332805633545,7500,0.0,0.0
2014-10-06 00:00:00-04:00,6.52666711807251,6.639999866485596,6.5,6.6066670417785645,13050,0.0,0.0
2014-10-07 00:00:00-04:00,6.6533331871032715,6.6533331871032715,6.539999961853027,6.579999923706055,11250,0.0,0.0
2014-10-08 00:00:00-04:00,6.566667079925537,6.593332767486572,6.539999961853027,6.566667079925537,10800,0.0,0.0
2014-10-09 00:00:00-04:00,6.693333148956299,6.693333148956299,6.573332786560059,6.593332767486572,1500,0.0,0.0
2014-10-10 00:00:00-04:00,6.599999904632568,6.599999904632568,6.533332824707031,6.533332824707031,5550,0.0,0.0
2014-10-13 00:00:00-04:00,6.533332824707031,6.646667003631592,6.533332824707031,6.533332824707031,12300,0.0,0.0
2014-10-14 00:00:00-04:00,6.546667098999023,6.659999847412109,6.533332824707031,6.593332767486572,17550,0.0,0.0
2014-10-15 00:00:00-04:00,6.533332824707031,6.553332805633545,6.506667137145996,6.513332843780518,23250,0.0,0.0
2014-10-16 00:00:00-04:00,6.506667137145996,6.599999904632568,6.506667137145996,6.533332824707031,27300,0.0,0.0
2014-10-17 00:00:00-04:00,6.593332767486572,6.593332767486572,6.513332843780518,6.533332824707031,5550,0.0,0.0
2014-10-20 00:00:00-04:00,6.506667137145996,6.533332824707031,6.506667137145996,6.533332824707031,14400,0.0,0.0
2014-10-21 00:00:00-04:00,6.6066670417785645,6.613333225250244,6.506667137145996,6.513332843780518,26700,0.0,0.0
2014-10-22 00:00:00-04:00,6.519999980926514,6.519999980926514,6.480000019073486,6.480000019073486,10650,0.0,0.0
2014-10-23 00:00:00-04:00,6.519999980926514,6.573332786560059,6.466667175292969,6.559999942779541,9450,0.0,0.0
2014-10-24 00:00:00-04:00,6.519999980926514,6.519999980926514,6.466667175292969,6.480000019073486,8100,0.0,0.0
2014-10-27 00:00:00-04:00,6.466667175292969,6.506667137145996,6.460000038146973,6.466667175292969,10800,0.0,0.0
2014-10-28 00:00:00-04:00,6.466667175292969,6.466667175292969,6.3466668128967285,6.420000076293945,7050,0.0,0.0
2014-10-29 00:00:00-04:00,6.480000019073486,6.493332862854004,6.466667175292969,6.486667156219482,3150,0.0,0.0
2014-10-30 00:00:00-04:00,6.460000038146973,6.5,6.413332939147949,6.420000076293945,4950,0.0,0.0
2014-10-31 00:00:00-04:00,6.493332862854004,6.493332862854004,6.406667232513428,6.460000038146973,1650,0.0,0.0
2014-11-03 00:00:00-05:00,6.493332862854004,6.493332862854004,6.406667232513428,6.486667156219482,8700,0.0,0.0
2014-11-04 00:00:00-05:00,6.466667175292969,6.466667175292969,6.366666793823242,6.446667194366455,4950,0.0,0.0
2014-11-05 00:00:00-05:00,6.426667213439941,6.433332920074463,6.400000095367432,6.433332920074463,5550,0.0,0.0
2014-11-06 00:00:00-05:00,6.546667098999023,6.546667098999023,6.440000057220459,6.466667175292969,6750,0.0,0.0
2014-11-07 00:00:00-05:00,6.446667194366455,6.579999923706055,6.366666793823242,6.579999923706055,7800,0.0,0.0
2014-11-10 00:00:00-05:00,6.480000019073486,6.553332805633545,6.480000019073486,6.553332805633545,900,0.0,0.0
2014-11-11 00:00:00-05:00,6.539999961853027,6.566667079925537,6.460000038146973,6.52666711807251,19950,0.0,0.0
2014-11-12 00:00:00-05:00,6.453332901000977,6.586667060852051,6.453332901000977,6.579999923706055,16650,0.0,0.0
2014-11-13 00:00:00-05:00,6.519999980926514,6.519999980926514,6.353332996368408,6.47333288192749,22800,0.0,0.0
2014-11-14 00:00:00-05:00,6.400000095367432,6.413332939147949,6.3933329582214355,6.400000095367432,23400,0.0,0.0
2014-11-17 00:00:00-05:00,6.533332824707031,6.533332824707031,6.406667232513428,6.480000019073486,2700,0.0,0.0
2014-11-18 00:00:00-05:00,6.486667156219482,6.539999961853027,6.340000152587891,6.519999980926514,4200,0.0,0.0
2014-11-19 00:00:00-05:00,6.466667175292969,6.466667175292969,6.453332901000977,6.453332901000977,1350,0.0,0.0
2014-11-20 00:00:00-05:00,6.493332862854004,6.52666711807251,6.413332939147949,6.466667175292969,7200,0.0,0.0
2014-11-21 00:00:00-05:00,6.360000133514404,6.480000019073486,6.360000133514404,6.366666793823242,18750,0.0,0.0
2014-11-24 00:00:00-05:00,6.426667213439941,6.546667098999023,6.386666774749756,6.486667156219482,14550,0.0,0.0
2014-11-25 00:00:00-05:00,6.513332843780518,6.633333206176758,6.513332843780518,6.519999980926514,8550,0.0,0.0
2014-11-26 00:00:00-05:00,6.579999923706055,6.6666669845581055,6.480000019073486,6.639999866485596,17100,0.0,0.0
2014-11-28 00:00:00-05:00,6.6533331871032715,6.6533331871032715,6.6533331871032715,6.6533331871032715,750,0.0,0.0
2014-12-01 00:00:00-05:00,6.693333148956299,6.739999771118164,6.553332805633545,6.6666669845581055,29250,0.0,0.0
2014-12-02 00:00:00-05:00,6.633333206176758,6.78000020980835,6.566667079925537,6.586667060852051,12900,0.0,0.0
2014-12-03 00:00:00-05:00,6.6533331871032715,6.6533331871032715,6.6066670417785645,6.6066670417785645,4200,0.0,0.0
2014-12-04 00:00:00-05:00,6.599999904632568,6.599999904632568,6.480000019073486,6.493332862854004,21900,0.0,0.0
2014-12-05 00:00:00-05:00,6.440000057220459,6.7133331298828125,6.426667213439941,6.566667079925537,7050,0.0,0.0
2014-12-08 00:00:00-05:00,6.533332824707031,6.573332786560059,6.5,6.5,16050,0.0,0.0
2014-12-09 00:00:00-05:00,6.599999904632568,6.599999904632568,6.02666711807251,6.266666889190674,51900,0.0,0.0
2014-12-10 00:00:00-05:00,6.206666946411133,6.320000171661377,6.139999866485596,6.2866668701171875,30750,0.0,0.0
2014-12-11 00:00:00-05:00,6.233333110809326,6.3333330154418945,6.233333110809326,6.28000020980835,22350,0.0,0.0
2014-12-12 00:00:00-05:00,6.373332977294922,6.373332977294922,6.199999809265137,6.233333110809326,3750,0.0,0.0
2014-12-15 00:00:00-05:00,6.199999809265137,6.3333330154418945,6.199999809265137,6.306666851043701,3600,0.0,0.0
2014-12-16 00:00:00-05:00,6.293333053588867,6.433332920074463,6.1533331871032715,6.326666831970215,22800,0.0,0.0
2014-12-17 00:00:00-05:00,6.2866668701171875,6.2866668701171875,6.099999904632568,6.199999809265137,28350,0.0,0.0
2014-12-18 00:00:00-05:00,6.2866668701171875,6.326666831970215,6.24666690826416,6.2866668701171875,3000,0.0,0.0
2014-12-19 00:00:00-05:00,6.366666793823242,6.366666793823242,6.139999866485596,6.2133331298828125,4500,0.0,0.0
2014-12-22 00:00:00-05:00,6.2266669273376465,6.2266669273376465,6.193333148956299,6.199999809265137,5250,0.0,0.0
2014-12-23 00:00:00-05:00,6.326666831970215,6.3333330154418945,6.193333148956299,6.193333148956299,15750,0.0,0.0
2014-12-24 00:00:00-05:00,6.1533331871032715,6.266666889190674,6.099999904632568,6.1666669845581055,17550,0.0,0.0
2014-12-26 00:00:00-05:00,6.1666669845581055,6.2733330726623535,5.933332920074463,6.2133331298828125,69600,0.0,0.0
2014-12-29 00:00:00-05:00,6.079999923706055,6.3933329582214355,6.066667079925537,6.320000171661377,52800,0.0,0.0
2014-12-30 00:00:00-05:00,6.25333309173584,6.3333330154418945,6.2133331298828125,6.306666851043701,4650,0.0,0.0
2014-12-31 00:00:00-05:00,6.260000228881836,6.300000190734863,6.2133331298828125,6.266666889190674,6150,0.0,0.0
2015-01-02 00:00:00-05:00,6.24666690826416,6.373332977294922,6.24666690826416,6.2733330726623535,1500,0.0,0.0
2015-01-05 00:00:00-05:00,6.2733330726623535,6.2733330726623535,6.1666669845581055,6.2133331298828125,10500,0.0,0.0
2015-01-06 00:00:00-05:00,6.099999904632568,6.373332977294922,6.099999904632568,6.186666965484619,2400,0.0,0.0
2015-01-07 00:00:00-05:00,6.126667022705078,6.313333034515381,6.126667022705078,6.2733330726623535,8100,0.0,0.0
2015-01-08 00:00:00-05:00,6.266666889190674,6.266666889190674,6.139999866485596,6.266666889190674,11700,0.0,0.0
2015-01-09 00:00:00-05:00,6.380000114440918,6.380000114440918,6.179999828338623,6.2866668701171875,20550,0.0,0.0
2015-01-12 00:00:00-05:00,6.3466668128967285,6.3466668128967285,6.199999809265137,6.3333330154418945,1350,0.0,0.0
2015-01-13 00:00:00-05:00,6.3466668128967285,6.3466668128967285,6.2266669273376465,6.28000020980835,12750,0.0,0.0
2015-01-14 00:00:00-05:00,6.3466668128967285,6.3466668128967285,6.119999885559082,6.186666965484619,15450,0.0,0.0
2015-01-15 00:00:00-05:00,6.2133331298828125,6.28000020980835,6.133333206176758,6.173333168029785,15150,0.0,0.0
2015-01-16 00:00:00-05:00,6.206666946411133,6.266666889190674,6.146667003631592,6.21999979019165,3450,0.0,0.0
2015-01-20 00:00:00-05:00,6.139999866485596,6.1666669845581055,6.119999885559082,6.1666669845581055,22050,0.0,0.0
2015-01-21 00:00:00-05:00,6.1533331871032715,6.21999979019165,6.086667060852051,6.086667060852051,51000,0.0,0.0
2015-01-22 00:00:00-05:00,6.099999904632568,6.266666889190674,6.073332786560059,6.260000228881836,48300,0.0,0.0
2015-01-23 00:00:00-05:00,6.119999885559082,6.1666669845581055,6.086667060852051,6.159999847412109,55950,0.0,0.0
2015-01-26 00:00:00-05:00,6.186666965484619,6.233333110809326,6.186666965484619,6.206666946411133,20550,0.0,0.0
2015-01-27 00:00:00-05:00,6.206666946411133,6.239999771118164,6.199999809265137,6.199999809265137,3750,0.0,0.0
2015-01-28 00:00:00-05:00,6.159999847412109,6.186666965484619,6.013332843780518,6.1066670417785645,25200,0.0,0.0
2015-01-29 00:00:00-05:00,6.1066670417785645,6.1066670417785645,6.006667137145996,6.019999980926514,8850,0.0,0.0
2015-01-30 00:00:00-05:00,6.033332824707031,6.099999904632568,6.013332843780518,6.099999904632568,1500,0.0,0.0
2015-02-02 00:00:00-05:00,6.119999885559082,6.199999809265137,6.119999885559082,6.179999828338623,3600,0.0,0.0
2015-02-03 00:00:00-05:00,6.126667022705078,6.179999828338623,6.113333225250244,6.113333225250244,29400,0.0,0.0
2015-02-04 00:00:00-05:00,6.066667079925537,6.173333168029785,6.066667079925537,6.173333168029785,3150,0.0,0.0
2015-02-05 00:00:00-05:00,6.173333168029785,6.173333168029785,6.099999904632568,6.146667003631592,4050,0.0,0.0
2015-02-06 00:00:00-05:00,6.113333225250244,6.146667003631592,6.113333225250244,6.126667022705078,2250,0.0,0.0
2015-02-09 00:00:00-05:00,6.066667079925537,6.173333168029785,6.039999961853027,6.173333168029785,26700,0.0,0.0
2015-02-10 00:00:00-05:00,6.173333168029785,6.179999828338623,6.099999904632568,6.133333206176758,10200,0.0,0.0
2015-02-11 00:00:00-05:00,6.133333206176758,6.159999847412109,6.1066670417785645,6.133333206176758,6450,0.0,0.0
2015-02-12 00:00:00-05:00,6.173333168029785,6.199999809265137,6.173333168029785,6.199999809265137,4350,0.0,0.0
2015-02-13 00:00:00-05:00,6.25333309173584,6.366666793823242,6.233333110809326,6.3333330154418945,31350,0.0,0.0
2015-02-17 00:00:00-05:00,6.326666831970215,6.366666793823242,6.2733330726623535,6.28000020980835,71100,0.0,0.0
2015-02-18 00:00:00-05:00,6.360000133514404,6.559999942779541,6.306666851043701,6.559999942779541,27300,0.0,0.0
2015-02-19 00:00:00-05:00,6.586667060852051,6.586667060852051,6.466667175292969,6.480000019073486,6150,0.0,0.0
2015-02-20 00:00:00-05:00,6.480000019073486,6.480000019073486,6.380000114440918,6.440000057220459,9150,0.0,0.0
2015-02-23 00:00:00-05:00,6.3933329582214355,6.519999980926514,6.3466668128967285,6.480000019073486,11250,0.0,0.0
2015-02-24 00:00:00-05:00,6.5,6.546667098999023,6.5,6.52666711807251,9750,0.0,0.0
2015-02-25 00:00:00-05:00,6.546667098999023,6.733333110809326,6.546667098999023,6.686666965484619,25200,0.0,0.0
2015-02-26 00:00:00-05:00,6.706666946411133,6.706666946411133,6.6666669845581055,6.6666669845581055,16200,0.0,0.0
2015-02-27 00:00:00-05:00,6.599999904632568,6.6666669845581055,6.486667156219482,6.586667060852051,13500,0.0,0.0
2015-03-02 00:00:00-05:00,6.586667060852051,6.586667060852051,6.466667175292969,6.559999942779541,4350,0.0,0.0
2015-03-03 00:00:00-05:00,6.506667137145996,6.559999942779541,6.5,6.533332824707031,3300,0.0,0.0
2015-03-04 00:00:00-05:00,6.559999942779541,6.559999942779541,6.5,6.546667098999023,3450,0.0,0.0
2015-03-05 00:00:00-05:00,6.513332843780518,6.513332843780518,6.513332843780518,6.513332843780518,3600,0.0,0.0
2015-03-06 00:00:00-05:00,6.493332862854004,6.566667079925537,6.493332862854004,6.559999942779541,6000,0.0,0.0
2015-03-09 00:00:00-04:00,6.533332824707031,6.559999942779541,6.506667137145996,6.533332824707031,3300,0.0,0.0
2015-03-10 00:00:00-04:00,6.5,6.513332843780518,6.493332862854004,6.506667137145996,4200,0.0,0.0
2015-03-11 00:00:00-04:00,6.513332843780518,6.566667079925537,6.453332901000977,6.519999980926514,4500,0.0,0.0
2015-03-12 00:00:00-04:00,6.486667156219482,6.566667079925537,6.486667156219482,6.559999942779541,9000,0.0,0.0
2015-03-13 00:00:00-04:00,6.513332843780518,6.559999942779541,6.5,6.553332805633545,4650,0.0,0.0
2015-03-16 00:00:00-04:00,6.519999980926514,6.613333225250244,6.519999980926514,6.566667079925537,12000,0.0,0.0
2015-03-17 00:00:00-04:00,6.559999942779541,6.599999904632568,6.559999942779541,6.599999904632568,2250,0.0,0.0
2015-03-18 00:00:00-04:00,6.559999942779541,6.6066670417785645,6.553332805633545,6.6066670417785645,35250,0.0,0.0
2015-03-19 00:00:00-04:00,6.586667060852051,6.659999847412109,6.573332786560059,6.619999885559082,23550,0.0,0.0
2015-03-20 00:00:00-04:00,6.633333206176758,6.733333110809326,6.599999904632568,6.6666669845581055,40050,0.0,0.0
2015-03-23 00:00:00-04:00,6.679999828338623,6.679999828338623,6.679999828338623,6.679999828338623,300,0.0,0.0
2015-03-24 00:00:00-04:00,6.6533331871032715,6.679999828338623,6.533332824707031,6.679999828338623,17100,0.0,0.0
2015-03-25 00:00:00-04:00,6.599999904632568,6.679999828338623,6.599999904632568,6.599999904632568,8400,0.0,0.0
2015-03-26 00:00:00-04:00,6.579999923706055,6.619999885559082,6.579999923706055,6.586667060852051,1500,0.0,0.0
2015-03-27 00:00:00-04:00,6.619999885559082,6.6666669845581055,6.579999923706055,6.6666669845581055,750,0.0,0.0
2015-03-30 00:00:00-04:00,6.586667060852051,6.586667060852051,6.573332786560059,6.573332786560059,600,0.0,0.0
2015-03-31 00:00:00-04:00,6.566667079925537,6.673333168029785,6.566667079925537,6.673333168029785,4950,0.0,0.0
2015-04-01 00:00:00-04:00,6.633333206176758,6.633333206176758,6.373332977294922,6.480000019073486,13950,0.0,0.0
2015-04-02 00:00:00-04:00,6.546667098999023,6.546667098999023,6.2266669273376465,6.413332939147949,27450,0.0,0.0
2015-04-06 00:00:00-04:00,6.406667232513428,6.593332767486572,6.406667232513428,6.539999961853027,11400,0.0,0.0
2015-04-07 00:00:00-04:00,6.573332786560059,6.573332786560059,6.573332786560059,6.573332786560059,300,0.0,0.0
2015-04-08 00:00:00-04:00,6.413332939147949,6.533332824707031,6.413332939147949,6.533332824707031,7350,0.0,0.0
2015-04-09 00:00:00-04:00,6.533332824707031,6.533332824707031,6.533332824707031,6.533332824707031,0,0.0,0.0
2015-04-10 00:00:00-04:00,6.579999923706055,6.579999923706055,6.579999923706055,6.579999923706055,150,0.0,0.0
2015-04-13 00:00:00-04:00,6.573332786560059,6.573332786560059,6.480000019073486,6.480000019073486,1950,0.0,0.0
2015-04-14 00:00:00-04:00,6.579999923706055,6.579999923706055,6.519999980926514,6.52666711807251,2100,0.0,0.0
2015-04-15 00:00:00-04:00,6.52666711807251,6.6666669845581055,6.52666711807251,6.553332805633545,5400,0.0,0.0
2015-04-16 00:00:00-04:00,6.553332805633545,6.6533331871032715,6.553332805633545,6.646667003631592,3150,0.0,0.0
2015-04-17 00:00:00-04:00,6.586667060852051,6.586667060852051,6.440000057220459,6.533332824707031,5250,0.0,0.0
2015-04-20 00:00:00-04:00,6.539999961853027,6.593332767486572,6.513332843780518,6.519999980926514,10050,0.0,0.0
2015-04-21 00:00:00-04:00,6.519999980926514,6.579999923706055,6.413332939147949,6.413332939147949,14100,0.0,0.0
2015-04-22 00:00:00-04:00,6.5,6.613333225250244,6.446667194366455,6.5,5700,0.0,0.0
2015-04-23 00:00:00-04:00,6.553332805633545,6.553332805633545,6.25333309173584,6.3466668128967285,9450,0.0,0.0
2015-04-24 00:00:00-04:00,6.466667175292969,6.480000019073486,6.313333034515381,6.480000019073486,10050,0.0,0.0
2015-04-27 00:00:00-04:00,6.480000019073486,6.480000019073486,6.480000019073486,6.480000019073486,0,0.0,0.0
2015-04-28 00:00:00-04:00,6.293333053588867,6.433332920074463,6.293333053588867,6.353332996368408,8550,0.0,0.0
2015-04-29 00:00:00-04:00,6.426667213439941,6.453332901000977,6.173333168029785,6.313333034515381,7500,0.0,0.0
2015-04-30 00:00:00-04:00,6.400000095367432,6.400000095367432,6.233333110809326,6.373332977294922,3300,0.0,0.0
2015-05-01 00:00:00-04:00,6.266666889190674,6.3933329582214355,6.266666889190674,6.320000171661377,2550,0.0,0.0
2015-05-04 00:00:00-04:00,6.366666793823242,6.3933329582214355,6.366666793823242,6.366666793823242,15000,0.0,0.0
2015-05-05 00:00:00-04:00,6.400000095367432,6.400000095367432,6.366666793823242,6.380000114440918,2100,0.0,0.0
2015-05-06 00:00:00-04:00,6.366666793823242,6.400000095367432,6.366666793823242,6.380000114440918,2850,0.0,0.0
2015-05-07 00:00:00-04:00,6.426667213439941,6.426667213439941,6.206666946411133,6.386666774749756,8550,0.0,0.0
2015-05-08 00:00:00-04:00,6.313333034515381,6.313333034515381,6.133333206176758,6.186666965484619,48000,0.0,0.0
2015-05-11 00:00:00-04:00,6.199999809265137,6.199999809265137,6.139999866485596,6.1666669845581055,50400,0.0,0.0
2015-05-12 00:00:00-04:00,6.1666669845581055,6.1666669845581055,6.1666669845581055,6.1666669845581055,1800,0.0,0.0
2015-05-13 00:00:00-04:00,6.1666669845581055,6.353332996368408,6.1666669845581055,6.293333053588867,42150,0.0,0.0
2015-05-14 00:00:00-04:00,6.360000133514404,6.420000076293945,6.24666690826416,6.373332977294922,9600,0.0,0.0
2015-05-15 00:00:00-04:00,6.2866668701171875,6.513332843780518,6.28000020980835,6.513332843780518,39150,0.0,0.0
2015-05-18 00:00:00-04:00,6.460000038146973,6.52666711807251,6.446667194366455,6.52666711807251,5850,0.0,0.0
2015-05-19 00:00:00-04:00,6.466667175292969,6.506667137145996,6.433332920074463,6.433332920074463,7350,0.0,0.0
2015-05-20 00:00:00-04:00,6.47333288192749,6.659999847412109,6.466667175292969,6.639999866485596,19650,0.0,0.0
2015-05-21 00:00:00-04:00,6.506667137145996,6.506667137145996,6.506667137145996,6.506667137145996,1500,0.0,0.0
2015-05-22 00:00:00-04:00,6.47333288192749,6.6066670417785645,6.47333288192749,6.6066670417785645,750,0.0,0.0
2015-05-26 00:00:00-04:00,6.6666669845581055,6.6666669845581055,6.446667194366455,6.546667098999023,8700,0.0,0.0
2015-05-27 00:00:00-04:00,6.679999828338623,6.679999828338623,6.573332786560059,6.579999923706055,6150,0.0,0.0
2015-05-28 00:00:00-04:00,6.586667060852051,6.586667060852051,6.586667060852051,6.586667060852051,600,0.0,0.0
2015-05-29 00:00:00-04:00,6.539999961853027,6.593332767486572,6.506667137145996,6.52666711807251,4200,0.0,0.0
2015-06-01 00:00:00-04:00,6.546667098999023,6.619999885559082,6.533332824707031,6.613333225250244,13500,0.0,0.0
2015-06-02 00:00:00-04:00,6.619999885559082,6.659999847412109,6.619999885559082,6.633333206176758,1800,0.0,0.0
2015-06-03 00:00:00-04:00,6.633333206176758,6.659999847412109,6.613333225250244,6.659999847412109,7200,0.0,0.0
2015-06-04 00:00:00-04:00,6.613333225250244,6.619999885559082,6.613333225250244,6.619999885559082,750,0.0,0.0
2015-06-05 00:00:00-04:00,6.633333206176758,6.633333206176758,6.619999885559082,6.619999885559082,600,0.0,0.0
2015-06-08 00:00:00-04:00,6.613333225250244,6.613333225250244,6.546667098999023,6.546667098999023,2700,0.0,0.0
2015-06-09 00:00:00-04:00,6.533332824707031,6.566667079925537,6.466667175292969,6.533332824707031,28800,0.0,0.0
2015-06-10 00:00:00-04:00,6.533332824707031,6.579999923706055,6.52666711807251,6.553332805633545,106800,0.0,0.0
2015-06-11 00:00:00-04:00,6.579999923706055,6.579999923706055,6.533332824707031,6.539999961853027,900,0.0,0.0
2015-06-12 00:00:00-04:00,6.52666711807251,6.566667079925537,6.52666711807251,6.52666711807251,900,0.0,0.0
2015-06-15 00:00:00-04:00,6.546667098999023,6.546667098999023,6.420000076293945,6.420000076293945,2700,0.0,0.0
2015-06-16 00:00:00-04:00,6.466667175292969,6.466667175292969,6.3933329582214355,6.433332920074463,1200,0.0,0.0
2015-06-17 00:00:00-04:00,6.313333034515381,6.340000152587891,6.2866668701171875,6.340000152587891,15900,0.0,0.0
2015-06-18 00:00:00-04:00,6.5,6.5,6.353332996368408,6.353332996368408,1350,0.0,0.0
2015-06-19 00:00:00-04:00,6.3466668128967285,6.493332862854004,6.3466668128967285,6.426667213439941,10650,0.0,0.0
2015-06-22 00:00:00-04:00,6.386666774749756,6.506667137145996,6.353332996368408,6.353332996368408,3900,0.0,0.0
2015-06-23 00:00:00-04:00,6.486667156219482,6.5,6.453332901000977,6.453332901000977,450,0.0,0.0
2015-06-24 00:00:00-04:00,6.413332939147949,6.440000057220459,6.353332996368408,6.400000095367432,2400,0.0,0.0
2015-06-25 00:00:00-04:00,6.426667213439941,6.519999980926514,6.366666793823242,6.519999980926514,21300,0.0,0.0
2015-06-26 00:00:00-04:00,6.406667232513428,6.553332805633545,6.406667232513428,6.553332805633545,8550,0.0,0.0
2015-06-29 00:00:00-04:00,6.426667213439941,6.506667137145996,6.3466668128967285,6.3933329582214355,9000,0.0,0.0
2015-06-30 00:00:00-04:00,6.453332901000977,6.553332805633545,6.446667194366455,6.446667194366455,15600,0.0,0.0
2015-07-01 00:00:00-04:00,6.5,6.599999904632568,6.5,6.533332824707031,27900,0.0,0.0
2015-07-02 00:00:00-04:00,6.5,6.659999847412109,6.5,6.6066670417785645,14700,0.0,0.0
2015-07-06 00:00:00-04:00,6.6666669845581055,6.6666669845581055,6.539999961853027,6.546667098999023,1800,0.0,0.0
2015-07-07 00:00:00-04:00,6.559999942779541,6.613333225250244,6.486667156219482,6.613333225250244,3300,0.0,0.0
2015-07-08 00:00:00-04:00,6.6533331871032715,6.6533331871032715,6.566667079925537,6.566667079925537,600,0.0,0.0
2015-07-09 00:00:00-04:00,6.639999866485596,6.646667003631592,6.52666711807251,6.573332786560059,4650,0.0,0.0
2015-07-10 00:00:00-04:00,6.673333168029785,6.673333168029785,6.519999980926514,6.599999904632568,1500,0.0,0.0
2015-07-13 00:00:00-04:00,6.6666669845581055,6.699999809265137,6.626667022705078,6.699999809265137,9900,0.0,0.0
2015-07-14 00:00:00-04:00,6.626667022705078,6.7266669273376465,6.586667060852051,6.686666965484619,5550,0.0,0.0
2015-07-15 00:00:00-04:00,6.7266669273376465,6.7266669273376465,6.7266669273376465,6.7266669273376465,900,0.0,0.0
2015-07-16 00:00:00-04:00,6.7266669273376465,6.733333110809326,6.593332767486572,6.639999866485596,4650,0.0,0.0
2015-07-17 00:00:00-04:00,6.559999942779541,6.693333148956299,6.47333288192749,6.579999923706055,5100,0.0,0.0
2015-07-20 00:00:00-04:00,6.413332939147949,6.7133331298828125,6.413332939147949,6.7133331298828125,1350,0.0,0.0
2015-07-21 00:00:00-04:00,6.539999961853027,6.6533331871032715,6.539999961853027,6.599999904632568,450,0.0,0.0
2015-07-22 00:00:00-04:00,6.619999885559082,6.646667003631592,6.586667060852051,6.593332767486572,750,0.0,0.0
2015-07-23 00:00:00-04:00,6.646667003631592,6.6533331871032715,6.433332920074463,6.480000019073486,11250,0.0,0.0
2015-07-24 00:00:00-04:00,6.47333288192749,6.513332843780518,6.3466668128967285,6.426667213439941,12300,0.0,0.0
2015-07-27 00:00:00-04:00,6.639999866485596,6.639999866485596,6.453332901000977,6.460000038146973,1650,0.0,0.0
2015-07-28 00:00:00-04:00,6.440000057220459,6.553332805633545,6.3466668128967285,6.433332920074463,17250,0.0,0.0
2015-07-29 00:00:00-04:00,6.513332843780518,6.566667079925537,6.353332996368408,6.373332977294922,16200,0.0,0.0
2015-07-30 00:00:00-04:00,6.553332805633545,6.553332805633545,6.373332977294922,6.3933329582214355,4350,0.0,0.0
2015-07-31 00:00:00-04:00,6.3933329582214355,6.3933329582214355,6.360000133514404,6.3933329582214355,1500,0.0,0.0
2015-08-03 00:00:00-04:00,6.506667137145996,6.506667137145996,6.3466668128967285,6.406667232513428,2400,0.0,0.0
2015-08-04 00:00:00-04:00,6.353332996368408,6.373332977294922,6.353332996368408,6.373332977294922,1350,0.0,0.0
2015-08-05 00:00:00-04:00,6.3466668128967285,6.426667213439941,6.1666669845581055,6.326666831970215,25800,0.0,0.0
2015-08-06 00:00:00-04:00,6.366666793823242,6.553332805633545,6.366666793823242,6.460000038146973,3750,0.0,0.0
2015-08-07 00:00:00-04:00,6.3466668128967285,6.3466668128967285,6.2866668701171875,6.2866668701171875,1650,0.0,0.0
2015-08-10 00:00:00-04:00,6.353332996368408,6.426667213439941,6.3466668128967285,6.426667213439941,2850,0.0,0.0
2015-08-11 00:00:00-04:00,6.3333330154418945,6.373332977294922,6.300000190734863,6.373332977294922,5700,0.0,0.0
2015-08-12 00:00:00-04:00,6.420000076293945,6.420000076293945,6.266666889190674,6.2733330726623535,3450,0.0,0.0
2015-08-13 00:00:00-04:00,6.266666889190674,6.420000076293945,6.25333309173584,6.360000133514404,27150,0.0,0.0
2015-08-14 00:00:00-04:00,6.326666831970215,6.386666774749756,6.326666831970215,6.386666774749756,450,0.0,0.0
2015-08-17 00:00:00-04:00,6.326666831970215,6.366666793823242,6.300000190734863,6.300000190734863,900,0.0,0.0
2015-08-18 00:00:00-04:00,6.313333034515381,6.313333034515381,6.300000190734863,6.313333034515381,1950,0.0,0.0
2015-08-19 00:00:00-04:00,6.366666793823242,6.380000114440918,6.2866668701171875,6.306666851043701,3900,0.0,0.0
2015-08-20 00:00:00-04:00,6.2866668701171875,6.360000133514404,6.2866668701171875,6.360000133514404,4200,0.0,0.0
2015-08-21 00:00:00-04:00,6.293333053588867,6.293333053588867,6.266666889190674,6.266666889190674,1800,0.0,0.0
2015-08-24 00:00:00-04:00,6.173333168029785,6.300000190734863,6.1666669845581055,6.233333110809326,13050,0.0,0.0
2015-08-25 00:00:00-04:00,6.2866668701171875,6.2866668701171875,6.146667003631592,6.1666669845581055,9900,0.0,0.0
2015-08-26 00:00:00-04:00,6.239999771118164,6.326666831970215,6.1666669845581055,6.193333148956299,1350,0.0,0.0
2015-08-27 00:00:00-04:00,6.173333168029785,6.186666965484619,6.173333168029785,6.186666965484619,1200,0.0,0.0
2015-08-28 00:00:00-04:00,6.300000190734863,6.366666793823242,6.099999904632568,6.1066670417785645,33600,0.0,0.0
2015-08-31 00:00:00-04:00,6.146667003631592,6.146667003631592,6.013332843780518,6.059999942779541,11100,0.0,0.0
2015-09-01 00:00:00-04:00,5.993332862854004,6.233333110809326,5.993332862854004,6.046667098999023,3000,0.0,0.0
2015-09-02 00:00:00-04:00,6.099999904632568,6.1066670417785645,6.013332843780518,6.013332843780518,2250,0.0,0.0
2015-09-03 00:00:00-04:00,6.1066670417785645,6.119999885559082,6.0,6.033332824707031,6900,0.0,0.0
2015-09-04 00:00:00-04:00,6.0,6.086667060852051,6.0,6.086667060852051,900,0.0,0.0
2015-09-08 00:00:00-04:00,6.113333225250244,6.113333225250244,6.0,6.0,2250,0.0,0.0
2015-09-09 00:00:00-04:00,6.059999942779541,6.059999942779541,6.006667137145996,6.039999961853027,4950,0.0,0.0
2015-09-10 00:00:00-04:00,6.039999961853027,6.039999961853027,6.033332824707031,6.033332824707031,1500,0.0,0.0
2015-09-11 00:00:00-04:00,6.066667079925537,6.1066670417785645,6.066667079925537,6.099999904632568,2850,0.0,0.0
2015-09-14 00:00:00-04:00,6.099999904632568,6.099999904632568,6.099999904632568,6.099999904632568,0,0.0,0.0
2015-09-15 00:00:00-04:00,6.039999961853027,6.086667060852051,6.033332824707031,6.033332824707031,3750,0.0,0.0
2015-09-16 00:00:00-04:00,6.059999942779541,6.093332767486572,6.059999942779541,6.093332767486572,5550,0.0,0.0
2015-09-17 00:00:00-04:00,6.02666711807251,6.066667079925537,5.993332862854004,6.066667079925537,16050,0.0,0.0
2015-09-18 00:00:00-04:00,6.079999923706055,6.099999904632568,6.006667137145996,6.099999904632568,14250,0.0,0.0
2015-09-21 00:00:00-04:00,5.980000019073486,6.02666711807251,5.980000019073486,6.02666711807251,5550,0.0,0.0
2015-09-22 00:00:00-04:00,5.960000038146973,5.960000038146973,5.960000038146973,5.960000038146973,750,0.0,0.0
2015-09-23 00:00:00-04:00,6.0,6.019999980926514,5.940000057220459,5.940000057220459,9750,0.0,0.0
2015-09-24 00:00:00-04:00,5.953332901000977,6.019999980926514,5.953332901000977,5.960000038146973,1650,0.0,0.0
2015-09-25 00:00:00-04:00,6.0,6.0,6.0,6.0,5550,0.0,0.0
2015-09-28 00:00:00-04:00,5.953332901000977,6.033332824707031,5.953332901000977,5.986667156219482,7800,0.0,0.0
2015-09-29 00:00:00-04:00,5.946667194366455,6.0,5.946667194366455,5.980000019073486,2850,0.0,0.0
2015-09-30 00:00:00-04:00,6.0,6.02666711807251,6.0,6.02666711807251,2550,0.0,0.0
2015-10-01 00:00:00-04:00,6.073332786560059,6.1666669845581055,6.066667079925537,6.126667022705078,62400,0.0,0.0
2015-10-02 00:00:00-04:00,6.086667060852051,6.2133331298828125,6.086667060852051,6.1666669845581055,10200,0.0,0.0
2015-10-05 00:00:00-04:00,6.1666669845581055,6.21999979019165,6.1666669845581055,6.199999809265137,1950,0.0,0.0
2015-10-06 00:00:00-04:00,6.233333110809326,6.293333053588867,6.1666669845581055,6.293333053588867,126600,0.0,0.0
2015-10-07 00:00:00-04:00,6.25333309173584,6.260000228881836,6.199999809265137,6.199999809265137,2550,0.0,0.0
2015-10-08 00:00:00-04:00,6.2133331298828125,6.2133331298828125,6.199999809265137,6.199999809265137,600,0.0,0.0
2015-10-09 00:00:00-04:00,6.233333110809326,6.366666793823242,6.233333110809326,6.3333330154418945,4800,0.0,0.0
2015-10-12 00:00:00-04:00,6.386666774749756,6.386666774749756,6.2266669273376465,6.360000133514404,6450,0.0,0.0
2015-10-13 00:00:00-04:00,6.400000095367432,6.646667003631592,6.386666774749756,6.566667079925537,46500,0.0,0.0
2015-10-14 00:00:00-04:00,6.626667022705078,6.626667022705078,6.573332786560059,6.573332786560059,3300,0.0,0.0
2015-10-15 00:00:00-04:00,6.593332767486572,6.619999885559082,6.5,6.613333225250244,7650,0.0,0.0
2015-10-16 00:00:00-04:00,6.633333206176758,6.633333206176758,6.633333206176758,6.633333206176758,2400,0.0,0.0
2015-10-19 00:00:00-04:00,6.566667079925537,6.679999828338623,6.566667079925537,6.6666669845581055,21300,0.0,0.0
2015-10-20 00:00:00-04:00,6.673333168029785,6.679999828338623,6.47333288192749,6.559999942779541,3600,0.0,0.0
2015-10-21 00:00:00-04:00,6.52666711807251,6.533332824707031,6.52666711807251,6.533332824707031,2400,0.0,0.0
2015-10-22 00:00:00-04:00,6.599999904632568,6.7133331298828125,6.599999904632568,6.686666965484619,9750,0.0,0.0
2015-10-23 00:00:00-04:00,6.6666669845581055,6.8333330154418945,6.6066670417785645,6.626667022705078,13950,0.0,0.0
2015-10-26 00:00:00-04:00,6.633333206176758,6.766666889190674,6.566667079925537,6.766666889190674,1350,0.0,0.0
2015-10-27 00:00:00-04:00,6.6066670417785645,6.71999979019165,6.599999904632568,6.639999866485596,8850,0.0,0.0
2015-10-28 00:00:00-04:00,6.71999979019165,6.733333110809326,6.6533331871032715,6.6533331871032715,5400,0.0,0.0
2015-10-29 00:00:00-04:00,6.6533331871032715,6.6533331871032715,6.6533331871032715,6.6533331871032715,0,0.0,0.0
2015-10-30 00:00:00-04:00,6.533332824707031,6.533332824707031,6.453332901000977,6.453332901000977,2400,0.0,0.0
2015-11-02 00:00:00-05:00,6.400000095367432,6.546667098999023,6.366666793823242,6.546667098999023,7200,0.0,0.0
2015-11-03 00:00:00-05:00,6.5,6.559999942779541,6.460000038146973,6.466667175292969,11400,0.0,0.0
2015-11-04 00:00:00-05:00,6.52666711807251,6.6666669845581055,6.420000076293945,6.420000076293945,6150,0.0,0.0
2015-11-05 00:00:00-05:00,6.446667194366455,6.586667060852051,6.446667194366455,6.52666711807251,10800,0.0,0.0
2015-11-06 00:00:00-05:00,6.52666711807251,6.6666669845581055,6.52666711807251,6.6666669845581055,9750,0.0,0.0
2015-11-09 00:00:00-05:00,6.686666965484619,6.900000095367432,6.686666965484619,6.900000095367432,34500,0.0,0.0
2015-11-10 00:00:00-05:00,6.913332939147949,6.986667156219482,6.8466668128967285,6.900000095367432,26400,0.0,0.0
2015-11-11 00:00:00-05:00,6.926667213439941,6.926667213439941,6.926667213439941,6.926667213439941,300,0.0,0.0
2015-11-12 00:00:00-05:00,6.986667156219482,6.986667156219482,6.7133331298828125,6.766666889190674,12600,0.0,0.0
2015-11-13 00:00:00-05:00,6.7733330726623535,6.933332920074463,6.7733330726623535,6.933332920074463,9750,0.0,0.0
2015-11-16 00:00:00-05:00,6.980000019073486,6.986667156219482,6.673333168029785,6.853332996368408,3600,0.0,0.0
2015-11-17 00:00:00-05:00,6.853332996368408,6.853332996368408,6.853332996368408,6.853332996368408,0,0.0,0.0
2015-11-18 00:00:00-05:00,6.853332996368408,6.866666793823242,6.6666669845581055,6.6666669845581055,9450,0.0,0.0
2015-11-19 00:00:00-05:00,6.673333168029785,6.793333053588867,6.673333168029785,6.793333053588867,1200,0.0,0.0
2015-11-20 00:00:00-05:00,6.7133331298828125,6.793333053588867,6.706666946411133,6.7866668701171875,2850,0.0,0.0
2015-11-23 00:00:00-05:00,6.860000133514404,6.860000133514404,6.7866668701171875,6.7866668701171875,5250,0.0,0.0
2015-11-24 00:00:00-05:00,6.766666889190674,6.766666889190674,6.699999809265137,6.706666946411133,1650,0.0,0.0
2015-11-25 00:00:00-05:00,6.800000190734863,6.800000190734863,6.7133331298828125,6.800000190734863,3450,0.0,0.0
2015-11-27 00:00:00-05:00,6.8933329582214355,6.953332901000977,6.8933329582214355,6.953332901000977,1650,0.0,0.0
2015-11-30 00:00:00-05:00,6.966667175292969,6.97333288192749,6.960000038146973,6.97333288192749,3750,0.0,0.0
2015-12-01 00:00:00-05:00,6.980000019073486,7.193333148956299,6.766666889190674,7.193333148956299,23850,0.0,0.0
2015-12-02 00:00:00-05:00,7.133333206176758,7.633333206176758,7.093332767486572,7.426667213439941,154650,0.0,0.0
2015-12-03 00:00:00-05:00,7.506667137145996,7.506667137145996,7.306666851043701,7.306666851043701,21750,0.0,0.0
2015-12-04 00:00:00-05:00,7.386666774749756,7.433332920074463,7.340000152587891,7.3466668128967285,24900,0.0,0.0
2015-12-07 00:00:00-05:00,7.360000133514404,7.433332920074463,7.173333168029785,7.24666690826416,12900,0.0,0.0
2015-12-08 00:00:00-05:00,7.086667060852051,8.300000190734863,7.086667060852051,8.113332748413086,215850,0.0,0.0
2015-12-09 00:00:00-05:00,8.226667404174805,8.786666870117188,8.006667137145996,8.5,77700,0.0,0.0
2015-12-10 00:00:00-05:00,8.566666603088379,8.633333206176758,8.333333015441895,8.566666603088379,59700,0.0,0.0
2015-12-11 00:00:00-05:00,8.479999542236328,9.24666690826416,8.479999542236328,8.65999984741211,37800,0.0,0.0
2015-12-14 00:00:00-05:00,8.713333129882812,8.713333129882812,8.573332786560059,8.673333168029785,63000,0.0,0.0
2015-12-15 00:00:00-05:00,8.69333267211914,8.69333267211914,8.199999809265137,8.293333053588867,57900,0.0,0.0
2015-12-16 00:00:00-05:00,8.333333015441895,8.633333206176758,8.300000190734863,8.40666675567627,13500,0.0,0.0
2015-12-17 00:00:00-05:00,8.466667175292969,8.553333282470703,8.333333015441895,8.333333015441895,11550,0.0,0.0
2015-12-18 00:00:00-05:00,8.233332633972168,8.633333206176758,8.233332633972168,8.539999961853027,135750,0.0,0.0
2015-12-21 00:00:00-05:00,8.473333358764648,8.573332786560059,8.239999771118164,8.333333015441895,51750,0.0,0.0
2015-12-22 00:00:00-05:00,8.313332557678223,8.333333015441895,7.706666946411133,8.206666946411133,23850,0.0,0.0
2015-12-23 00:00:00-05:00,7.7133331298828125,8.399999618530273,7.7133331298828125,8.09333324432373,27300,0.0,0.0
2015-12-24 00:00:00-05:00,8.09333324432373,8.09333324432373,7.21999979019165,7.733333110809326,47850,0.0,0.0
2015-12-28 00:00:00-05:00,7.733333110809326,7.97333288192749,7.673333168029785,7.760000228881836,26250,0.0,0.0
2015-12-29 00:00:00-05:00,7.766666889190674,7.913332939147949,7.533332824707031,7.793333053588867,129300,0.0,0.0
2015-12-30 00:00:00-05:00,7.71999979019165,7.860000133514404,7.440000057220459,7.659999847412109,47100,0.0,0.0
2015-12-31 00:00:00-05:00,7.733333110809326,7.853332996368408,7.433332920074463,7.533332824707031,43050,0.0,0.0
2016-01-04 00:00:00-05:00,7.493332862854004,7.559999942779541,7.47333288192749,7.559999942779541,25350,0.0,0.0
2016-01-05 00:00:00-05:00,7.553332805633545,7.913332939147949,7.533332824707031,7.693333148956299,31800,0.0,0.0
2016-01-06 00:00:00-05:00,7.7133331298828125,8.026666641235352,7.6666669845581055,7.920000076293945,16050,0.0,0.0
2016-01-07 00:00:00-05:00,7.920000076293945,8.420000076293945,7.920000076293945,8.19333267211914,111750,0.0,0.0
2016-01-08 00:00:00-05:00,8.273332595825195,8.279999732971191,7.78000020980835,8.126667022705078,60000,0.0,0.0
2016-01-11 00:00:00-05:00,8.09333324432373,8.293333053588867,8.039999961853027,8.100000381469727,24300,0.0,0.0
2016-01-12 00:00:00-05:00,8.126667022705078,8.326666831970215,8.100000381469727,8.239999771118164,25500,0.0,0.0
2016-01-13 00:00:00-05:00,8.239999771118164,8.239999771118164,8.0,8.100000381469727,51750,0.0,0.0
2016-01-14 00:00:00-05:00,7.940000057220459,8.066666603088379,7.639999866485596,7.639999866485596,32250,0.0,0.0
2016-01-15 00:00:00-05:00,7.480000019073486,7.579999923706055,7.1066670417785645,7.206666946411133,24450,0.0,0.0
2016-01-19 00:00:00-05:00,7.1066670417785645,7.3933329582214355,7.013332843780518,7.013332843780518,25950,0.0,0.0
2016-01-20 00:00:00-05:00,7.066667079925537,7.366666793823242,7.0,7.260000228881836,29850,0.0,0.0
2016-01-21 00:00:00-05:00,7.353332996368408,7.440000057220459,7.179999828338623,7.433332920074463,19800,0.0,0.0
2016-01-22 00:00:00-05:00,7.460000038146973,7.806666851043701,7.460000038146973,7.6533331871032715,32550,0.0,0.0
2016-01-25 00:00:00-05:00,7.659999847412109,7.940000057220459,7.599999904632568,7.866666793823242,29850,0.0,0.0
2016-01-26 00:00:00-05:00,7.7266669273376465,7.940000057220459,7.699999809265137,7.800000190734863,18300,0.0,0.0
2016-01-27 00:00:00-05:00,7.813333034515381,7.8933329582214355,7.739999771118164,7.793333053588867,12300,0.0,0.0
2016-01-28 00:00:00-05:00,7.806666851043701,7.886666774749756,7.739999771118164,7.820000171661377,33750,0.0,0.0
2016-01-29 00:00:00-05:00,7.820000171661377,7.966667175292969,7.800000190734863,7.860000133514404,9750,0.0,0.0
2016-02-01 00:00:00-05:00,7.860000133514404,7.900000095367432,7.860000133514404,7.886666774749756,6000,0.0,0.0
2016-02-02 00:00:00-05:00,7.800000190734863,8.09333324432373,7.800000190734863,7.960000038146973,26100,0.0,0.0
2016-02-03 00:00:00-05:00,7.953332901000977,7.993332862854004,7.800000190734863,7.800000190734863,5850,0.0,0.0
2016-02-04 00:00:00-05:00,7.820000171661377,8.053333282470703,7.7866668701171875,7.8466668128967285,24450,0.0,0.0
2016-02-05 00:00:00-05:00,7.860000133514404,7.986667156219482,7.800000190734863,7.866666793823242,19950,0.0,0.0
2016-02-08 00:00:00-05:00,7.78000020980835,7.97333288192749,7.78000020980835,7.900000095367432,22200,0.0,0.0
2016-02-09 00:00:00-05:00,7.940000057220459,7.946667194366455,7.800000190734863,7.946667194366455,13500,0.0,0.0
2016-02-10 00:00:00-05:00,8.313332557678223,8.65999984741211,8.313332557678223,8.399999618530273,102900,0.0,0.0
2016-02-11 00:00:00-05:00,8.506667137145996,8.566666603088379,8.100000381469727,8.513333320617676,40800,0.0,0.0
2016-02-12 00:00:00-05:00,8.606666564941406,8.606666564941406,8.506667137145996,8.533332824707031,12450,0.0,0.0
2016-02-16 00:00:00-05:00,8.479999542236328,8.566666603088379,8.333333015441895,8.373332977294922,30750,0.0,0.0
2016-02-17 00:00:00-05:00,8.373332977294922,8.65999984741211,8.373332977294922,8.453332901000977,31500,0.0,0.0
2016-02-18 00:00:00-05:00,8.546667098999023,8.666666984558105,8.066666603088379,8.326666831970215,76800,0.0,0.0
2016-02-19 00:00:00-05:00,8.319999694824219,8.319999694824219,8.213333129882812,8.266667366027832,8850,0.0,0.0
2016-02-22 00:00:00-05:00,8.273332595825195,8.633333206176758,8.266667366027832,8.460000038146973,45750,0.0,0.0
2016-02-23 00:00:00-05:00,8.460000038146973,8.479999542236328,8.41333293914795,8.453332901000977,8250,0.0,0.0
2016-02-24 00:00:00-05:00,8.513333320617676,8.65999984741211,8.40666675567627,8.65999984741211,58500,0.0,0.0
2016-02-25 00:00:00-05:00,8.666666984558105,8.666666984558105,8.473333358764648,8.633333206176758,52800,0.0,0.0
2016-02-26 00:00:00-05:00,8.65999984741211,9.0,8.640000343322754,8.90666675567627,478950,0.0,0.0
2016-02-29 00:00:00-05:00,8.90666675567627,9.266667366027832,8.90666675567627,9.046667098999023,100200,0.0,0.0
2016-03-01 00:00:00-05:00,9.113332748413086,9.113332748413086,8.933333396911621,8.933333396911621,101850,0.0,0.0
2016-03-02 00:00:00-05:00,8.933333396911621,8.993332862854004,8.899999618530273,8.899999618530273,45000,0.0,0.0
2016-03-03 00:00:00-05:00,8.826666831970215,9.113332748413086,8.800000190734863,9.100000381469727,81900,0.0,0.0
2016-03-04 00:00:00-05:00,9.113332748413086,9.319999694824219,8.873332977294922,9.313332557678223,108000,0.0,0.0
2016-03-07 00:00:00-05:00,9.326666831970215,10.286666870117188,9.286666870117188,9.666666984558105,322200,0.0,0.0
2016-03-08 00:00:00-05:00,9.699999809265137,9.9399995803833,9.140000343322754,9.460000038146973,159600,0.0,0.0
2016-03-09 00:00:00-05:00,9.513333320617676,9.513333320617676,9.333333015441895,9.34000015258789,36150,0.0,0.0
2016-03-10 00:00:00-05:00,9.446666717529297,9.566666603088379,8.90666675567627,9.220000267028809,79650,0.0,0.0
2016-03-11 00:00:00-05:00,9.25333309173584,9.553333282470703,8.880000114440918,9.173333168029785,21900,0.0,0.0
2016-03-14 00:00:00-04:00,9.213333129882812,9.213333129882812,8.899999618530273,8.946666717529297,35550,0.0,0.0
2016-03-15 00:00:00-04:00,8.893333435058594,9.126667022705078,8.699999809265137,9.006667137145996,40950,0.0,0.0
2016-03-16 00:00:00-04:00,8.986666679382324,9.19333267211914,8.886667251586914,9.0,51450,0.0,0.0
2016-03-17 00:00:00-04:00,8.933333396911621,9.206666946411133,8.846667289733887,9.199999809265137,50250,0.0,0.0
2016-03-18 00:00:00-04:00,9.239999771118164,9.326666831970215,8.873332977294922,9.146666526794434,36750,0.0,0.0
2016-03-21 00:00:00-04:00,9.153332710266113,9.319999694824219,9.013333320617676,9.020000457763672,53400,0.0,0.0
2016-03-22 00:00:00-04:00,9.0,9.146666526794434,8.726667404174805,8.793333053588867,69600,0.0,0.0
2016-03-23 00:00:00-04:00,8.80666732788086,8.979999542236328,8.666666984558105,8.90666675567627,67800,0.0,0.0
2016-03-24 00:00:00-04:00,8.90666675567627,8.90666675567627,8.706666946411133,8.866666793823242,69300,0.0,0.0
2016-03-28 00:00:00-04:00,8.933333396911621,9.41333293914795,8.866666793823242,9.373332977294922,73950,0.0,0.0
2016-03-29 00:00:00-04:00,9.373332977294922,9.786666870117188,9.34000015258789,9.726667404174805,72150,0.0,0.0
2016-03-30 00:00:00-04:00,9.726667404174805,9.826666831970215,9.646666526794434,9.766667366027832,36000,0.0,0.0
2016-03-31 00:00:00-04:00,9.773332595825195,9.966667175292969,9.65999984741211,9.74666690826416,57300,0.0,0.0
2016-04-01 00:00:00-04:00,9.720000267028809,10.039999961853027,9.720000267028809,9.873332977294922,63750,0.0,0.0
2016-04-04 00:00:00-04:00,9.880000114440918,10.053333282470703,9.760000228881836,9.833333015441895,57900,0.0,0.0
2016-04-05 00:00:00-04:00,9.84000015258789,10.053333282470703,9.760000228881836,9.819999694824219,54150,0.0,0.0
2016-04-06 00:00:00-04:00,9.800000190734863,9.960000038146973,9.786666870117188,9.866666793823242,19050,0.0,0.0
2016-04-07 00:00:00-04:00,9.826666831970215,10.039999961853027,9.826666831970215,9.853333473205566,55950,0.0,0.0
2016-04-08 00:00:00-04:00,9.90666675567627,9.953332901000977,9.766667366027832,9.90666675567627,23700,0.0,0.0
2016-04-11 00:00:00-04:00,9.966667175292969,9.986666679382324,9.813332557678223,9.826666831970215,21900,0.0,0.0
2016-04-12 00:00:00-04:00,9.846667289733887,9.846667289733887,9.706666946411133,9.773332595825195,27000,0.0,0.0
2016-04-13 00:00:00-04:00,9.786666870117188,9.866666793823242,9.399999618530273,9.506667137145996,72150,0.0,0.0
2016-04-14 00:00:00-04:00,9.30666732788086,9.646666526794434,9.30666732788086,9.313332557678223,21150,0.0,0.0
2016-04-15 00:00:00-04:00,9.353333473205566,9.433333396911621,9.19333267211914,9.30666732788086,22500,0.0,0.0
2016-04-18 00:00:00-04:00,9.326666831970215,9.619999885559082,9.326666831970215,9.5,37350,0.0,0.0
2016-04-19 00:00:00-04:00,9.506667137145996,9.800000190734863,9.453332901000977,9.713333129882812,40800,0.0,0.0
2016-04-20 00:00:00-04:00,9.69333267211914,9.813332557678223,9.506667137145996,9.646666526794434,32850,0.0,0.0
2016-04-21 00:00:00-04:00,9.65999984741211,9.90666675567627,9.633333206176758,9.846667289733887,38250,0.0,0.0
2016-04-22 00:00:00-04:00,9.826666831970215,9.893333435058594,9.546667098999023,9.813332557678223,8850,0.0,0.0
2016-04-25 00:00:00-04:00,9.833333015441895,9.90666675567627,9.766667366027832,9.90666675567627,33450,0.0,0.0
2016-04-26 00:00:00-04:00,9.91333293914795,10.0,9.786666870117188,9.833333015441895,41850,0.0,0.0
2016-04-27 00:00:00-04:00,9.986666679382324,9.986666679382324,9.786666870117188,9.886667251586914,35250,0.0,0.0
2016-04-28 00:00:00-04:00,9.84000015258789,9.960000038146973,9.473333358764648,9.506667137145996,30000,0.0,0.0
2016-04-29 00:00:00-04:00,9.506667137145996,9.619999885559082,9.266667366027832,9.619999885559082,32550,0.0,0.0
2016-05-02 00:00:00-04:00,9.880000114440918,9.893333435058594,9.466667175292969,9.739999771118164,51300,0.0,0.0
2016-05-03 00:00:00-04:00,9.433333396911621,9.833333015441895,9.433333396911621,9.80666732788086,36450,0.0,0.0
2016-05-04 00:00:00-04:00,9.80666732788086,9.973333358764648,9.619999885559082,9.946666717529297,52200,0.0,0.0
2016-05-05 00:00:00-04:00,9.993332862854004,10.19333267211914,9.91333293914795,9.986666679382324,73800,0.0,0.0
2016-05-06 00:00:00-04:00,9.953332901000977,10.079999923706055,9.853333473205566,10.066666603088379,35250,0.0,0.0
2016-05-09 00:00:00-04:00,9.973333358764648,10.260000228881836,9.953332901000977,9.953332901000977,88950,0.0,0.0
2016-05-10 00:00:00-04:00,9.886667251586914,10.319999694824219,9.460000038146973,9.846667289733887,114900,0.0,0.0
2016-05-11 00:00:00-04:00,9.793333053588867,10.0600004196167,9.779999732971191,9.833333015441895,41700,0.0,0.0
2016-05-12 00:00:00-04:00,9.899999618530273,9.993332862854004,9.819999694824219,9.9399995803833,21900,0.0,0.0
2016-05-13 00:00:00-04:00,9.90666675567627,10.166666984558105,9.833333015441895,9.946666717529297,44400,0.0,0.0
2016-05-16 00:00:00-04:00,9.899999618530273,10.333333015441895,9.800000190734863,9.866666793823242,76200,0.0,0.0
2016-05-17 00:00:00-04:00,9.893333435058594,10.319999694824219,9.513333320617676,9.633333206176758,59550,0.0,0.0
2016-05-18 00:00:00-04:00,9.59333324432373,9.726667404174805,9.453332901000977,9.633333206176758,33150,0.0,0.0
2016-05-19 00:00:00-04:00,9.646666526794434,9.646666526794434,9.353333473205566,9.59333324432373,17700,0.0,0.0
2016-05-20 00:00:00-04:00,9.65999984741211,9.666666984558105,9.513333320617676,9.526666641235352,27750,0.0,0.0
2016-05-23 00:00:00-04:00,9.600000381469727,9.640000343322754,9.5,9.606666564941406,38700,0.0,0.0
2016-05-24 00:00:00-04:00,9.666666984558105,9.666666984558105,9.600000381469727,9.626667022705078,21000,0.0,0.0
2016-05-25 00:00:00-04:00,9.513333320617676,9.666666984558105,9.506667137145996,9.58666706085205,27450,0.0,0.0
2016-05-26 00:00:00-04:00,9.58666706085205,9.833333015441895,9.58666706085205,9.699999809265137,32850,0.0,0.0
2016-05-27 00:00:00-04:00,9.680000305175781,9.826666831970215,9.666666984558105,9.826666831970215,34500,0.0,0.0
2016-05-31 00:00:00-04:00,9.793333053588867,10.119999885559082,9.766667366027832,9.90666675567627,28350,0.0,0.0
2016-06-01 00:00:00-04:00,9.859999656677246,9.920000076293945,9.699999809265137,9.766667366027832,16500,0.0,0.0
2016-06-02 00:00:00-04:00,9.80666732788086,10.066666603088379,9.680000305175781,9.846667289733887,31200,0.0,0.0
2016-06-03 00:00:00-04:00,9.873332977294922,9.873332977294922,9.699999809265137,9.80666732788086,34950,0.0,0.0
2016-06-06 00:00:00-04:00,9.813332557678223,10.073332786560059,9.813332557678223,9.933333396911621,39000,0.0,0.0
2016-06-07 00:00:00-04:00,9.90666675567627,9.993332862854004,9.833333015441895,9.960000038146973,24000,0.0,0.0
2016-06-08 00:00:00-04:00,10.066666603088379,10.140000343322754,9.946666717529297,10.039999961853027,12450,0.0,0.0
2016-06-09 00:00:00-04:00,10.0,10.046667098999023,9.673333168029785,9.91333293914795,41550,0.0,0.0
2016-06-10 00:00:00-04:00,9.826666831970215,10.020000457763672,9.760000228881836,9.873332977294922,20700,0.0,0.0
2016-06-13 00:00:00-04:00,9.819999694824219,9.866666793823242,9.58666706085205,9.779999732971191,21750,0.0,0.0
2016-06-14 00:00:00-04:00,9.720000267028809,9.760000228881836,9.513333320617676,9.706666946411133,21600,0.0,0.0
2016-06-15 00:00:00-04:00,9.733332633972168,9.786666870117188,9.58666706085205,9.766667366027832,11400,0.0,0.0
2016-06-16 00:00:00-04:00,9.766667366027832,9.766667366027832,9.613332748413086,9.69333267211914,7950,0.0,0.0
2016-06-17 00:00:00-04:00,9.533332824707031,9.626667022705078,9.5,9.539999961853027,27300,0.0,0.0
2016-06-20 00:00:00-04:00,9.5,9.800000190734863,9.5,9.613332748413086,34500,0.0,0.0
2016-06-21 00:00:00-04:00,9.80666732788086,9.873332977294922,9.533332824707031,9.80666732788086,34350,0.0,0.0
2016-06-22 00:00:00-04:00,9.953332901000977,9.973333358764648,9.606666564941406,9.75333309173584,26100,0.0,0.0
2016-06-23 00:00:00-04:00,9.720000267028809,10.053333282470703,9.720000267028809,10.026666641235352,62550,0.0,0.0
2016-06-24 00:00:00-04:00,9.886667251586914,10.039999961853027,9.526666641235352,9.75333309173584,707400,0.0,0.0
2016-06-27 00:00:00-04:00,9.786666870117188,10.0,9.640000343322754,9.859999656677246,73050,0.0,0.0
2016-06-28 00:00:00-04:00,9.786666870117188,9.993332862854004,9.786666870117188,9.933333396911621,31200,0.0,0.0
2016-06-29 00:00:00-04:00,9.9399995803833,10.0,9.933333396911621,9.973333358764648,24300,0.0,0.0
2016-06-30 00:00:00-04:00,9.893333435058594,10.619999885559082,9.886667251586914,10.346667289733887,151050,0.0,0.0
2016-07-01 00:00:00-04:00,10.366666793823242,10.666666984558105,10.15999984741211,10.353333473205566,41850,0.0,0.0
2016-07-05 00:00:00-04:00,10.380000114440918,10.4399995803833,10.09333324432373,10.126667022705078,47100,0.0,0.0
2016-07-06 00:00:00-04:00,10.08666706085205,10.233332633972168,9.966667175292969,10.08666706085205,52500,0.0,0.0
2016-07-07 00:00:00-04:00,10.15999984741211,10.15999984741211,9.84000015258789,9.893333435058594,36000,0.0,0.0
2016-07-08 00:00:00-04:00,9.880000114440918,10.166666984558105,9.880000114440918,10.0,34500,0.0,0.0
2016-07-11 00:00:00-04:00,10.0,10.526666641235352,9.893333435058594,10.199999809265137,264000,0.0,0.0
2016-07-12 00:00:00-04:00,10.266667366027832,10.513333320617676,10.133333206176758,10.460000038146973,172650,0.0,0.0
2016-07-13 00:00:00-04:00,10.433333396911621,10.960000038146973,10.433333396911621,10.853333473205566,185550,0.0,0.0
2016-07-14 00:00:00-04:00,10.91333293914795,11.233332633972168,10.686667442321777,11.19333267211914,130650,0.0,0.0
2016-07-15 00:00:00-04:00,11.286666870117188,11.373332977294922,11.079999923706055,11.213333129882812,114450,0.0,0.0
2016-07-18 00:00:00-04:00,11.226667404174805,11.319999694824219,11.199999809265137,11.239999771118164,69450,0.0,0.0
2016-07-19 00:00:00-04:00,11.220000267028809,11.266667366027832,10.859999656677246,11.186667442321777,46500,0.0,0.0
2016-07-20 00:00:00-04:00,11.166666984558105,11.266667366027832,11.166666984558105,11.239999771118164,52950,0.0,0.0
2016-07-21 00:00:00-04:00,11.239999771118164,11.266667366027832,11.140000343322754,11.260000228881836,67200,0.0,0.0
2016-07-22 00:00:00-04:00,11.313332557678223,11.313332557678223,11.220000267028809,11.266667366027832,74250,0.0,0.0
2016-07-25 00:00:00-04:00,11.199999809265137,11.546667098999023,11.173333168029785,11.4399995803833,69750,0.0,0.0
2016-07-26 00:00:00-04:00,11.15999984741211,11.833333015441895,11.126667022705078,11.786666870117188,65400,0.0,0.0
2016-07-27 00:00:00-04:00,11.833333015441895,11.993332862854004,11.819999694824219,11.986666679382324,44100,0.0,0.0
2016-07-28 00:00:00-04:00,11.966667175292969,12.0600004196167,11.819999694824219,11.960000038146973,45300,0.0,0.0
2016-07-29 00:00:00-04:00,11.953332901000977,12.039999961853027,11.646666526794434,11.733332633972168,46350,0.0,0.0
2016-08-01 00:00:00-04:00,11.80666732788086,11.926667213439941,11.65999984741211,11.766667366027832,44250,0.0,0.0
2016-08-02 00:00:00-04:00,11.869999885559082,12.449999809265137,11.609999656677246,11.710000038146973,42700,0.0,1.5
2016-08-03 00:00:00-04:00,11.710000038146973,12.479999542236328,11.710000038146973,12.100000381469727,72300,0.0,0.0
2016-08-04 00:00:00-04:00,12.130000114440918,12.40999984741211,11.979999542236328,12.279999732971191,32600,0.0,0.0
2016-08-05 00:00:00-04:00,12.210000038146973,12.729999542236328,12.210000038146973,12.680000305175781,88000,0.0,0.0
2016-08-08 00:00:00-04:00,12.720000267028809,12.829999923706055,12.489999771118164,12.779999732971191,99300,0.0,0.0
2016-08-09 00:00:00-04:00,13.010000228881836,13.40999984741211,12.6899995803833,12.800000190734863,216400,0.0,0.0
2016-08-10 00:00:00-04:00,12.760000228881836,12.760000228881836,11.300000190734863,12.260000228881836,182500,0.0,0.0
2016-08-11 00:00:00-04:00,12.329999923706055,12.729999542236328,12.180000305175781,12.25,66500,0.0,0.0
2016-08-12 00:00:00-04:00,12.180000305175781,12.3100004196167,11.869999885559082,11.880000114440918,42500,0.0,0.0
2016-08-15 00:00:00-04:00,11.970000267028809,12.180000305175781,11.9399995803833,12.069999694824219,103600,0.0,0.0
2016-08-16 00:00:00-04:00,12.0,12.15999984741211,11.210000038146973,11.289999961853027,58000,0.0,0.0
2016-08-17 00:00:00-04:00,11.329999923706055,11.4399995803833,10.579999923706055,10.779999732971191,122100,0.0,0.0
2016-08-18 00:00:00-04:00,11.050000190734863,11.880000114440918,10.859999656677246,11.149999618530273,64400,0.0,0.0
2016-08-19 00:00:00-04:00,11.199999809265137,11.390000343322754,11.149999618530273,11.149999618530273,27500,0.0,0.0
2016-08-22 00:00:00-04:00,11.100000381469727,11.300000190734863,11.100000381469727,11.279999732971191,26700,0.0,0.0
2016-08-23 00:00:00-04:00,11.350000381469727,11.619999885559082,11.229999542236328,11.420000076293945,22200,0.0,0.0
2016-08-24 00:00:00-04:00,11.399999618530273,12.0,11.399999618530273,11.890000343322754,40600,0.0,0.0
2016-08-25 00:00:00-04:00,11.899999618530273,11.979999542236328,11.779999732971191,11.880000114440918,25300,0.0,0.0
2016-08-26 00:00:00-04:00,11.930000305175781,12.050000190734863,11.829999923706055,11.859999656677246,21500,0.0,0.0
2016-08-29 00:00:00-04:00,11.899999618530273,12.0,11.800000190734863,11.890000343322754,20900,0.0,0.0
2016-08-30 00:00:00-04:00,11.84000015258789,11.930000305175781,11.720000267028809,11.770000457763672,22100,0.0,0.0
2016-08-31 00:00:00-04:00,11.720000267028809,11.720000267028809,11.4399995803833,11.449999809265137,21900,0.0,0.0
2016-09-01 00:00:00-04:00,11.420000076293945,11.720000267028809,11.199999809265137,11.699999809265137,16400,0.0,0.0
2016-09-02 00:00:00-04:00,11.699999809265137,11.699999809265137,11.3100004196167,11.600000381469727,14500,0.0,0.0
2016-09-06 00:00:00-04:00,11.600000381469727,11.640000343322754,11.25,11.470000267028809,31200,0.0,0.0
2016-09-07 00:00:00-04:00,11.649999618530273,11.649999618530273,11.34000015258789,11.420000076293945,31600,0.0,0.0
2016-09-08 00:00:00-04:00,11.430000305175781,11.5,11.380000114440918,11.460000038146973,17300,0.0,0.0
2016-09-09 00:00:00-04:00,11.369999885559082,11.380000114440918,10.899999618530273,10.979999542236328,56000,0.0,0.0
2016-09-12 00:00:00-04:00,10.989999771118164,11.4399995803833,10.800000190734863,11.350000381469727,38000,0.0,0.0
2016-09-13 00:00:00-04:00,11.329999923706055,11.329999923706055,10.930000305175781,10.989999771118164,16500,0.0,0.0
2016-09-14 00:00:00-04:00,11.0600004196167,11.09000015258789,10.789999961853027,10.869999885559082,17200,0.0,0.0
2016-09-15 00:00:00-04:00,10.9399995803833,11.09000015258789,10.8100004196167,11.039999961853027,14000,0.0,0.0
2016-09-16 00:00:00-04:00,11.100000381469727,11.380000114440918,11.0,11.100000381469727,34800,0.0,0.0
2016-09-19 00:00:00-04:00,11.1899995803833,11.1899995803833,11.029999732971191,11.109999656677246,34600,0.0,0.0
2016-09-20 00:00:00-04:00,11.210000038146973,11.210000038146973,10.979999542236328,11.029999732971191,11200,0.0,0.0
2016-09-21 00:00:00-04:00,11.270000457763672,11.289999961853027,10.979999542236328,11.199999809265137,22200,0.0,0.0
2016-09-22 00:00:00-04:00,11.300000190734863,11.850000381469727,11.220000267028809,11.779999732971191,25300,0.0,0.0
2016-09-23 00:00:00-04:00,11.829999923706055,11.859999656677246,11.630000114440918,11.65999984741211,17900,0.0,0.0
2016-09-26 00:00:00-04:00,11.59000015258789,11.630000114440918,11.369999885559082,11.380000114440918,13300,0.0,0.0
2016-09-27 00:00:00-04:00,11.630000114440918,11.630000114440918,11.109999656677246,11.399999618530273,17700,0.0,0.0
2016-09-28 00:00:00-04:00,11.460000038146973,11.920000076293945,11.460000038146973,11.890000343322754,31000,0.0,0.0
2016-09-29 00:00:00-04:00,11.770000457763672,11.949999809265137,11.770000457763672,11.8100004196167,29900,0.0,0.0
2016-09-30 00:00:00-04:00,11.970000267028809,11.989999771118164,11.710000038146973,11.979999542236328,23700,0.0,0.0
2016-10-03 00:00:00-04:00,11.970000267028809,11.970000267028809,11.699999809265137,11.710000038146973,33000,0.0,0.0
2016-10-04 00:00:00-04:00,11.760000228881836,11.880000114440918,11.449999809265137,11.479999542236328,14100,0.0,0.0
2016-10-05 00:00:00-04:00,11.579999923706055,11.75,11.449999809265137,11.59000015258789,17400,0.0,0.0
2016-10-06 00:00:00-04:00,11.630000114440918,11.729999542236328,11.40999984741211,11.489999771118164,14900,0.0,0.0
2016-10-07 00:00:00-04:00,11.479999542236328,11.479999542236328,11.149999618530273,11.210000038146973,11600,0.0,0.0
2016-10-10 00:00:00-04:00,11.279999732971191,11.550000190734863,11.229999542236328,11.449999809265137,12200,0.0,0.0
2016-10-11 00:00:00-04:00,11.399999618530273,11.470000267028809,11.270000457763672,11.329999923706055,13800,0.0,0.0
2016-10-12 00:00:00-04:00,11.279999732971191,11.279999732971191,11.010000228881836,11.130000114440918,26700,0.0,0.0
2016-10-13 00:00:00-04:00,11.100000381469727,11.180000305175781,11.0,11.010000228881836,16800,0.0,0.0
2016-10-14 00:00:00-04:00,11.15999984741211,11.369999885559082,11.130000114440918,11.220000267028809,15800,0.0,0.0
2016-10-17 00:00:00-04:00,11.25,11.319999694824219,11.020000457763672,11.180000305175781,15700,0.0,0.0
2016-10-18 00:00:00-04:00,11.329999923706055,11.329999923706055,11.210000038146973,11.229999542236328,17400,0.0,0.0
2016-10-19 00:00:00-04:00,11.229999542236328,11.430000305175781,11.149999618530273,11.399999618530273,26800,0.0,0.0
2016-10-20 00:00:00-04:00,11.399999618530273,11.600000381469727,11.210000038146973,11.510000228881836,103800,0.0,0.0
2016-10-21 00:00:00-04:00,11.4399995803833,12.25,11.40999984741211,12.220000267028809,47700,0.0,0.0
2016-10-24 00:00:00-04:00,12.350000381469727,12.630000114440918,12.149999618530273,12.25,23200,0.0,0.0
2016-10-25 00:00:00-04:00,12.5,12.5,11.800000190734863,11.850000381469727,17900,0.0,0.0
2016-10-26 00:00:00-04:00,11.649999618530273,12.039999961853027,11.649999618530273,11.699999809265137,22100,0.0,0.0
2016-10-27 00:00:00-04:00,11.699999809265137,11.850000381469727,11.649999618530273,11.699999809265137,10200,0.0,0.0
2016-10-28 00:00:00-04:00,11.800000190734863,11.850000381469727,11.649999618530273,11.75,10600,0.0,0.0
2016-10-31 00:00:00-04:00,11.850000381469727,12.199999809265137,11.539999961853027,12.100000381469727,35900,0.0,0.0
2016-11-01 00:00:00-04:00,12.100000381469727,12.149999618530273,11.75,11.75,27200,0.0,0.0
2016-11-02 00:00:00-04:00,12.0,12.0,11.550000190734863,11.550000190734863,17800,0.0,0.0
2016-11-03 00:00:00-04:00,11.5,11.800000190734863,11.5,11.5,23200,0.0,0.0
2016-11-04 00:00:00-04:00,11.600000381469727,11.800000190734863,11.5600004196167,11.649999618530273,19300,0.0,0.0
2016-11-07 00:00:00-05:00,12.050000190734863,12.149999618530273,11.5,12.0,23800,0.0,0.0
2016-11-08 00:00:00-05:00,12.0,12.300000190734863,12.0,12.100000381469727,17600,0.0,0.0
2016-11-09 00:00:00-05:00,12.100000381469727,13.649999618530273,12.100000381469727,13.399999618530273,136100,0.0,0.0
2016-11-10 00:00:00-05:00,13.550000190734863,13.75,12.819999694824219,13.25,85200,0.0,0.0
2016-11-11 00:00:00-05:00,13.199999809265137,14.0,13.199999809265137,13.949999809265137,63900,0.0,0.0
2016-11-14 00:00:00-05:00,14.0,14.550000190734863,13.25,14.199999809265137,68400,0.0,0.0
2016-11-15 00:00:00-05:00,14.300000190734863,14.600000381469727,13.850000381469727,14.300000190734863,47500,0.0,0.0
2016-11-16 00:00:00-05:00,14.100000381469727,14.5,13.760000228881836,14.300000190734863,33800,0.0,0.0
2016-11-17 00:00:00-05:00,14.449999809265137,15.199999809265137,14.25,14.850000381469727,58600,0.0,0.0
2016-11-18 00:00:00-05:00,14.850000381469727,14.899999618530273,14.5,14.600000381469727,22800,0.0,0.0
2016-11-21 00:00:00-05:00,14.850000381469727,15.199999809265137,14.699999809265137,15.050000190734863,53900,0.0,0.0
2016-11-22 00:00:00-05:00,15.050000190734863,15.100000381469727,14.899999618530273,15.050000190734863,52400,0.0,0.0
2016-11-23 00:00:00-05:00,14.899999618530273,14.960000038146973,14.699999809265137,14.850000381469727,21800,0.0,0.0
2016-11-25 00:00:00-05:00,14.800000190734863,15.0,14.800000190734863,15.0,9000,0.0,0.0
2016-11-28 00:00:00-05:00,14.800000190734863,14.949999809265137,14.399999618530273,14.449999809265137,18100,0.0,0.0
2016-11-29 00:00:00-05:00,14.399999618530273,14.5600004196167,13.949999809265137,14.0,29300,0.0,0.0
2016-11-30 00:00:00-05:00,14.050000190734863,14.449999809265137,14.050000190734863,14.050000190734863,13900,0.0,0.0
2016-12-01 00:00:00-05:00,14.149999618530273,14.449999809265137,13.930000305175781,14.199999809265137,36100,0.0,0.0
2016-12-02 00:00:00-05:00,15.350000381469727,16.0,14.729999542236328,15.399999618530273,329000,0.0,0.0
2016-12-05 00:00:00-05:00,14.949999809265137,15.899999618530273,14.050000190734863,15.449999809265137,109000,0.0,0.0
2016-12-06 00:00:00-05:00,15.550000190734863,15.800000190734863,15.380000114440918,15.699999809265137,43100,0.0,0.0
2016-12-07 00:00:00-05:00,15.850000381469727,15.949999809265137,15.25,15.350000381469727,58700,0.0,0.0
2016-12-08 00:00:00-05:00,15.399999618530273,15.699999809265137,15.0,15.300000190734863,53700,0.0,0.0
2016-12-09 00:00:00-05:00,15.449999809265137,15.600000381469727,15.149999618530273,15.449999809265137,89700,0.0,0.0
2016-12-12 00:00:00-05:00,15.5,16.149999618530273,15.0,15.649999618530273,108600,0.0,0.0
2016-12-13 00:00:00-05:00,15.649999618530273,16.149999618530273,15.050000190734863,15.899999618530273,52500,0.0,0.0
2016-12-14 00:00:00-05:00,15.800000190734863,16.200000762939453,15.649999618530273,15.75,49500,0.0,0.0
2016-12-15 00:00:00-05:00,15.649999618530273,16.200000762939453,15.649999618530273,15.75,58700,0.0,0.0
2016-12-16 00:00:00-05:00,15.5,16.0,15.199999809265137,15.300000190734863,97500,0.0,0.0
2016-12-19 00:00:00-05:00,15.25,15.5,15.25,15.399999618530273,25900,0.0,0.0
2016-12-20 00:00:00-05:00,15.369999885559082,15.600000381469727,15.369999885559082,15.5,25300,0.0,0.0
2016-12-21 00:00:00-05:00,15.5,16.0,15.350000381469727,15.649999618530273,82700,0.0,0.0
2016-12-22 00:00:00-05:00,15.600000381469727,15.75,15.40999984741211,15.600000381469727,51000,0.0,0.0
2016-12-23 00:00:00-05:00,15.600000381469727,15.949999809265137,15.550000190734863,15.699999809265137,37500,0.0,0.0
2016-12-27 00:00:00-05:00,15.649999618530273,15.800000190734863,15.600000381469727,15.699999809265137,18100,0.0,0.0
2016-12-28 00:00:00-05:00,15.649999618530273,15.699999809265137,15.210000038146973,15.300000190734863,25400,0.0,0.0
2016-12-29 00:00:00-05:00,15.350000381469727,16.25,15.25,16.049999237060547,62400,0.0,0.0
2016-12-30 00:00:00-05:00,16.049999237060547,16.1200008392334,15.399999618530273,15.699999809265137,33600,0.0,0.0
2017-01-03 00:00:00-05:00,15.649999618530273,15.699999809265137,15.050000190734863,15.600000381469727,60000,0.0,0.0
2017-01-04 00:00:00-05:00,15.699999809265137,15.800000190734863,15.550000190734863,15.630000114440918,27900,0.0,0.0
2017-01-05 00:00:00-05:00,15.630000114440918,15.800000190734863,15.329999923706055,15.800000190734863,37800,0.0,0.0
2017-01-06 00:00:00-05:00,15.800000190734863,16.600000381469727,15.579999923706055,15.949999809265137,104700,0.0,0.0
2017-01-09 00:00:00-05:00,16.0,16.0,15.649999618530273,15.699999809265137,49100,0.0,0.0
2017-01-10 00:00:00-05:00,15.850000381469727,16.049999237060547,15.699999809265137,15.800000190734863,41900,0.0,0.0
2017-01-11 00:00:00-05:00,16.0,16.0,15.229999542236328,15.800000190734863,39000,0.0,0.0
2017-01-12 00:00:00-05:00,15.699999809265137,16.200000762939453,15.350000381469727,15.399999618530273,64300,0.0,0.0
2017-01-13 00:00:00-05:00,15.350000381469727,16.25,15.350000381469727,15.949999809265137,65900,0.0,0.0
2017-01-17 00:00:00-05:00,15.899999618530273,15.899999618530273,15.75,15.800000190734863,19100,0.0,0.0
2017-01-18 00:00:00-05:00,15.850000381469727,16.5,15.800000190734863,16.149999618530273,87100,0.0,0.0
2017-01-19 00:00:00-05:00,16.049999237060547,16.079999923706055,15.770000457763672,15.949999809265137,53000,0.0,0.0
2017-01-20 00:00:00-05:00,16.0,16.399999618530273,15.5600004196167,15.949999809265137,23400,0.0,0.0
2017-01-23 00:00:00-05:00,15.899999618530273,16.149999618530273,15.800000190734863,15.949999809265137,18900,0.0,0.0
2017-01-24 00:00:00-05:00,16.0,16.149999618530273,15.829999923706055,15.850000381469727,77800,0.0,0.0
2017-01-25 00:00:00-05:00,15.949999809265137,16.149999618530273,15.699999809265137,15.75,54400,0.0,0.0
2017-01-26 00:00:00-05:00,15.75,16.049999237060547,15.649999618530273,15.649999618530273,62900,0.0,0.0
2017-01-27 00:00:00-05:00,15.75,16.049999237060547,15.550000190734863,15.800000190734863,49300,0.0,0.0
2017-01-30 00:00:00-05:00,15.800000190734863,16.049999237060547,15.5,15.75,86200,0.0,0.0
2017-01-31 00:00:00-05:00,15.550000190734863,15.850000381469727,15.199999809265137,15.649999618530273,47100,0.0,0.0
2017-02-01 00:00:00-05:00,15.75,15.850000381469727,15.399999618530273,15.399999618530273,21100,0.0,0.0
2017-02-02 00:00:00-05:00,15.399999618530273,15.399999618530273,14.609999656677246,14.800000190734863,37600,0.0,0.0
2017-02-03 00:00:00-05:00,14.949999809265137,15.399999618530273,14.460000038146973,15.199999809265137,77800,0.0,0.0
2017-02-06 00:00:00-05:00,14.850000381469727,15.300000190734863,14.850000381469727,14.949999809265137,46100,0.0,0.0
2017-02-07 00:00:00-05:00,15.029999732971191,15.100000381469727,14.829999923706055,14.899999618530273,62700,0.0,0.0
2017-02-08 00:00:00-05:00,14.800000190734863,14.949999809265137,14.149999618530273,14.649999618530273,98200,0.0,0.0
2017-02-09 00:00:00-05:00,14.649999618530273,15.149999618530273,14.520000457763672,15.050000190734863,143800,0.0,0.0
2017-02-10 00:00:00-05:00,15.050000190734863,15.149999618530273,14.880000114440918,15.0,16900,0.0,0.0
2017-02-13 00:00:00-05:00,14.949999809265137,15.149999618530273,14.630000114440918,15.0,50100,0.0,0.0
2017-02-14 00:00:00-05:00,14.850000381469727,15.050000190734863,14.75,15.0,49800,0.0,0.0
2017-02-15 00:00:00-05:00,14.899999618530273,15.0,14.670000076293945,14.949999809265137,43000,0.0,0.0
2017-02-16 00:00:00-05:00,14.949999809265137,14.949999809265137,14.75,14.850000381469727,52100,0.0,0.0
2017-02-17 00:00:00-05:00,14.75,14.75,14.430000305175781,14.699999809265137,30400,0.0,0.0
2017-02-21 00:00:00-05:00,14.75,14.949999809265137,14.5,14.899999618530273,60900,0.0,0.0
2017-02-22 00:00:00-05:00,14.899999618530273,14.899999618530273,14.699999809265137,14.699999809265137,17600,0.0,0.0
2017-02-23 00:00:00-05:00,14.850000381469727,14.850000381469727,14.449999809265137,14.550000190734863,46100,0.0,0.0
2017-02-24 00:00:00-05:00,14.40999984741211,14.649999618530273,14.399999618530273,14.449999809265137,22500,0.0,0.0
2017-02-27 00:00:00-05:00,14.5,14.75,14.399999618530273,14.699999809265137,21700,0.0,0.0
2017-02-28 00:00:00-05:00,14.699999809265137,14.699999809265137,14.199999809265137,14.25,24300,0.0,0.0
2017-03-01 00:00:00-05:00,14.350000381469727,15.100000381469727,14.350000381469727,14.850000381469727,94800,0.0,0.0
2017-03-02 00:00:00-05:00,14.75,14.899999618530273,14.600000381469727,14.699999809265137,9900,0.0,0.0
2017-03-03 00:00:00-05:00,14.800000190734863,14.850000381469727,14.550000190734863,14.699999809265137,18800,0.0,0.0
2017-03-06 00:00:00-05:00,14.550000190734863,14.550000190734863,13.850000381469727,14.0,44900,0.0,0.0
2017-03-07 00:00:00-05:00,14.050000190734863,14.050000190734863,13.399999618530273,13.5,52000,0.0,0.0
2017-03-08 00:00:00-05:00,13.5,14.199999809265137,13.329999923706055,14.050000190734863,42400,0.0,0.0
2017-03-09 00:00:00-05:00,14.0,14.300000190734863,13.75,13.800000190734863,97100,0.0,0.0
2017-03-10 00:00:00-05:00,13.949999809265137,14.25,13.850000381469727,14.050000190734863,35800,0.0,0.0
2017-03-13 00:00:00-04:00,14.149999618530273,14.149999618530273,13.949999809265137,14.050000190734863,10000,0.0,0.0
2017-03-14 00:00:00-04:00,14.0,14.050000190734863,13.880000114440918,13.949999809265137,12000,0.0,0.0
2017-03-15 00:00:00-04:00,14.25,14.25,14.0,14.199999809265137,32900,0.0,0.0
2017-03-16 00:00:00-04:00,14.25,14.329999923706055,14.149999618530273,14.25,21800,0.0,0.0
2017-03-17 00:00:00-04:00,14.149999618530273,14.25,13.949999809265137,14.100000381469727,49700,0.0,0.0
2017-03-20 00:00:00-04:00,14.050000190734863,14.050000190734863,13.739999771118164,13.949999809265137,83900,0.0,0.0
2017-03-21 00:00:00-04:00,14.0,14.100000381469727,13.720000267028809,13.850000381469727,33700,0.0,0.0
2017-03-22 00:00:00-04:00,13.699999809265137,14.050000190734863,13.619999885559082,14.0,67900,0.0,0.0
2017-03-23 00:00:00-04:00,14.199999809265137,14.600000381469727,14.050000190734863,14.149999618530273,23200,0.0,0.0
2017-03-24 00:00:00-04:00,14.0,14.649999618530273,14.0,14.550000190734863,28300,0.0,0.0
2017-03-27 00:00:00-04:00,14.449999809265137,14.75,14.199999809265137,14.699999809265137,26600,0.0,0.0
2017-03-28 00:00:00-04:00,14.550000190734863,15.050000190734863,14.550000190734863,14.949999809265137,18000,0.0,0.0
2017-03-29 00:00:00-04:00,14.5,15.050000190734863,14.5,14.850000381469727,19000,0.0,0.0
2017-03-30 00:00:00-04:00,14.649999618530273,15.0,14.649999618530273,14.899999618530273,34000,0.0,0.0
2017-03-31 00:00:00-04:00,14.949999809265137,15.0,14.75,14.949999809265137,24800,0.0,0.0
2017-04-03 00:00:00-04:00,14.949999809265137,15.5,14.880000114440918,15.350000381469727,121300,0.0,0.0
2017-04-04 00:00:00-04:00,15.550000190734863,15.600000381469727,15.050000190734863,15.199999809265137,23800,0.0,0.0
2017-04-05 00:00:00-04:00,15.319999694824219,15.550000190734863,15.050000190734863,15.100000381469727,24700,0.0,0.0
2017-04-06 00:00:00-04:00,15.100000381469727,15.449999809265137,15.100000381469727,15.350000381469727,17700,0.0,0.0
2017-04-07 00:00:00-04:00,15.300000190734863,15.850000381469727,15.300000190734863,15.699999809265137,26400,0.0,0.0
2017-04-10 00:00:00-04:00,15.649999618530273,15.899999618530273,15.350000381469727,15.5,28700,0.0,0.0
2017-04-11 00:00:00-04:00,15.449999809265137,15.899999618530273,15.449999809265137,15.899999618530273,18400,0.0,0.0
2017-04-12 00:00:00-04:00,15.800000190734863,15.869999885559082,15.350000381469727,15.600000381469727,27100,0.0,0.0
2017-04-13 00:00:00-04:00,15.5,15.550000190734863,15.399999618530273,15.449999809265137,21400,0.0,0.0
2017-04-17 00:00:00-04:00,15.5,15.5,15.449999809265137,15.5,8800,0.0,0.0
2017-04-18 00:00:00-04:00,15.5,15.75,15.399999618530273,15.449999809265137,36600,0.0,0.0
2017-04-19 00:00:00-04:00,15.25,15.699999809265137,15.199999809265137,15.600000381469727,36800,0.0,0.0
2017-04-20 00:00:00-04:00,15.600000381469727,15.949999809265137,15.600000381469727,15.899999618530273,22200,0.0,0.0
2017-04-21 00:00:00-04:00,15.949999809265137,16.270000457763672,15.680000305175781,16.0,51700,0.0,0.0
2017-04-24 00:00:00-04:00,16.25,16.309999465942383,16.200000762939453,16.200000762939453,24600,0.0,0.0
2017-04-25 00:00:00-04:00,16.200000762939453,16.75,16.200000762939453,16.600000381469727,37200,0.0,0.0
2017-04-26 00:00:00-04:00,16.5,16.850000381469727,16.40999984741211,16.799999237060547,71400,0.0,0.0
2017-04-27 00:00:00-04:00,16.799999237060547,17.149999618530273,16.649999618530273,16.700000762939453,36300,0.0,0.0
2017-04-28 00:00:00-04:00,16.81999969482422,16.81999969482422,16.5,16.600000381469727,28000,0.0,0.0
2017-05-01 00:00:00-04:00,16.700000762939453,16.700000762939453,16.399999618530273,16.600000381469727,25500,0.0,0.0
2017-05-02 00:00:00-04:00,16.780000686645508,16.780000686645508,16.549999237060547,16.549999237060547,19500,0.0,0.0
2017-05-03 00:00:00-04:00,16.450000762939453,16.649999618530273,15.75,15.75,70900,0.0,0.0
2017-05-04 00:00:00-04:00,15.800000190734863,16.200000762939453,15.600000381469727,16.149999618530273,30200,0.0,0.0
2017-05-05 00:00:00-04:00,16.25,17.200000762939453,16.0,16.350000381469727,29900,0.0,0.0
2017-05-08 00:00:00-04:00,16.350000381469727,16.5,16.200000762939453,16.299999237060547,39800,0.0,0.0
2017-05-09 00:00:00-04:00,16.290000915527344,16.299999237060547,16.1299991607666,16.25,28300,0.0,0.0
2017-05-10 00:00:00-04:00,16.149999618530273,16.25,15.550000190734863,16.049999237060547,25900,0.0,0.0
2017-05-11 00:00:00-04:00,16.0,16.149999618530273,15.850000381469727,16.0,24400,0.0,0.0
2017-05-12 00:00:00-04:00,15.949999809265137,15.949999809265137,15.850000381469727,15.899999618530273,14100,0.0,0.0
2017-05-15 00:00:00-04:00,15.970000267028809,16.049999237060547,15.800000190734863,15.899999618530273,16000,0.0,0.0
2017-05-16 00:00:00-04:00,15.850000381469727,15.949999809265137,15.850000381469727,15.899999618530273,12400,0.0,0.0
2017-05-17 00:00:00-04:00,15.75,16.0,15.600000381469727,15.600000381469727,29000,0.0,0.0
2017-05-18 00:00:00-04:00,15.300000190734863,15.600000381469727,15.050000190734863,15.350000381469727,26200,0.0,0.0
2017-05-19 00:00:00-04:00,15.449999809265137,16.0,15.399999618530273,15.949999809265137,39900,0.0,0.0
2017-05-22 00:00:00-04:00,15.949999809265137,16.049999237060547,15.850000381469727,15.949999809265137,28400,0.0,0.0
2017-05-23 00:00:00-04:00,15.949999809265137,16.170000076293945,15.649999618530273,15.949999809265137,29100,0.0,0.0
2017-05-24 00:00:00-04:00,16.0,16.0,15.600000381469727,15.75,15900,0.0,0.0
2017-05-25 00:00:00-04:00,15.8100004196167,15.899999618530273,15.649999618530273,15.75,17400,0.0,0.0
2017-05-26 00:00:00-04:00,15.75,15.850000381469727,15.600000381469727,15.800000190734863,7500,0.0,0.0
2017-05-30 00:00:00-04:00,15.800000190734863,16.100000381469727,15.729999542236328,15.899999618530273,25700,0.0,0.0
2017-05-31 00:00:00-04:00,15.949999809265137,16.350000381469727,15.800000190734863,16.200000762939453,68700,0.0,0.0
2017-06-01 00:00:00-04:00,16.18000030517578,16.25,16.0,16.0,35100,0.0,0.0
2017-06-02 00:00:00-04:00,16.100000381469727,16.549999237060547,16.0,16.049999237060547,49400,0.0,0.0
2017-06-05 00:00:00-04:00,16.0,16.149999618530273,16.0,16.100000381469727,47100,0.0,0.0
2017-06-06 00:00:00-04:00,16.0,16.200000762939453,15.609999656677246,15.850000381469727,35000,0.0,0.0
2017-06-07 00:00:00-04:00,15.75,16.049999237060547,15.649999618530273,15.850000381469727,38300,0.0,0.0
2017-06-08 00:00:00-04:00,15.789999961853027,16.079999923706055,15.649999618530273,16.049999237060547,26400,0.0,0.0
2017-06-09 00:00:00-04:00,16.049999237060547,16.25,16.0,16.149999618530273,31100,0.0,0.0
2017-06-12 00:00:00-04:00,16.149999618530273,16.399999618530273,16.100000381469727,16.25,36500,0.0,0.0
2017-06-13 00:00:00-04:00,16.200000762939453,16.899999618530273,16.200000762939453,16.649999618530273,42100,0.0,0.0
2017-06-14 00:00:00-04:00,16.549999237060547,16.700000762939453,16.549999237060547,16.700000762939453,28100,0.0,0.0
2017-06-15 00:00:00-04:00,16.649999618530273,16.700000762939453,16.25,16.399999618530273,19800,0.0,0.0
2017-06-16 00:00:00-04:00,16.25,16.350000381469727,15.930000305175781,16.299999237060547,38900,0.0,0.0
2017-06-19 00:00:00-04:00,16.350000381469727,16.700000762939453,16.149999618530273,16.299999237060547,12200,0.0,0.0
2017-06-20 00:00:00-04:00,16.100000381469727,16.299999237060547,16.0,16.0,14900,0.0,0.0
2017-06-21 00:00:00-04:00,16.049999237060547,16.100000381469727,15.699999809265137,15.800000190734863,20100,0.0,0.0
2017-06-22 00:00:00-04:00,15.75,15.979999542236328,15.699999809265137,15.899999618530273,17800,0.0,0.0
2017-06-23 00:00:00-04:00,15.949999809265137,16.350000381469727,15.930000305175781,16.299999237060547,92700,0.0,0.0
2017-06-26 00:00:00-04:00,16.200000762939453,16.549999237060547,16.149999618530273,16.200000762939453,24700,0.0,0.0
2017-06-27 00:00:00-04:00,16.149999618530273,16.5,16.0,16.149999618530273,14400,0.0,0.0
2017-06-28 00:00:00-04:00,16.200000762939453,16.450000762939453,16.200000762939453,16.350000381469727,11900,0.0,0.0
2017-06-29 00:00:00-04:00,16.200000762939453,16.5,16.200000762939453,16.25,11700,0.0,0.0
2017-06-30 00:00:00-04:00,16.200000762939453,16.350000381469727,16.110000610351562,16.200000762939453,12700,0.0,0.0
2017-07-03 00:00:00-04:00,16.200000762939453,16.450000762939453,15.800000190734863,16.200000762939453,15800,0.0,0.0
2017-07-05 00:00:00-04:00,16.049999237060547,16.350000381469727,15.949999809265137,16.200000762939453,19200,0.0,0.0
2017-07-06 00:00:00-04:00,16.25,16.399999618530273,16.049999237060547,16.149999618530273,22700,0.0,0.0
2017-07-07 00:00:00-04:00,16.200000762939453,16.450000762939453,16.200000762939453,16.299999237060547,7100,0.0,0.0
2017-07-10 00:00:00-04:00,16.200000762939453,16.299999237060547,16.149999618530273,16.200000762939453,13700,0.0,0.0
2017-07-11 00:00:00-04:00,16.200000762939453,16.299999237060547,15.979999542236328,16.049999237060547,16300,0.0,0.0
2017-07-12 00:00:00-04:00,16.200000762939453,16.399999618530273,16.0,16.350000381469727,18300,0.0,0.0
2017-07-13 00:00:00-04:00,16.25,16.450000762939453,16.200000762939453,16.399999618530273,10900,0.0,0.0
2017-07-14 00:00:00-04:00,16.350000381469727,16.350000381469727,16.100000381469727,16.149999618530273,10900,0.0,0.0
2017-07-17 00:00:00-04:00,16.100000381469727,16.200000762939453,15.90999984741211,16.100000381469727,11200,0.0,0.0
2017-07-18 00:00:00-04:00,16.0,16.149999618530273,15.75,16.049999237060547,65600,0.0,0.0
2017-07-19 00:00:00-04:00,16.149999618530273,16.200000762939453,15.949999809265137,16.100000381469727,10700,0.0,0.0
2017-07-20 00:00:00-04:00,16.049999237060547,16.399999618530273,15.850000381469727,16.299999237060547,21100,0.0,0.0
2017-07-21 00:00:00-04:00,16.350000381469727,16.399999618530273,16.049999237060547,16.100000381469727,22900,0.0,0.0
2017-07-24 00:00:00-04:00,16.149999618530273,16.200000762939453,15.979999542236328,16.0,15300,0.0,0.0
2017-07-25 00:00:00-04:00,16.049999237060547,16.299999237060547,16.0,16.200000762939453,16000,0.0,0.0
2017-07-26 00:00:00-04:00,16.25,16.450000762939453,16.200000762939453,16.399999618530273,28000,0.0,0.0
2017-07-27 00:00:00-04:00,16.399999618530273,16.6299991607666,16.3799991607666,16.450000762939453,19400,0.0,0.0
2017-07-28 00:00:00-04:00,16.450000762939453,16.649999618530273,15.899999618530273,15.949999809265137,25800,0.0,0.0
2017-07-31 00:00:00-04:00,16.25,16.350000381469727,16.0,16.049999237060547,28200,0.0,0.0
2017-08-01 00:00:00-04:00,16.149999618530273,16.200000762939453,15.949999809265137,16.049999237060547,16200,0.0,0.0
2017-08-02 00:00:00-04:00,16.110000610351562,16.1200008392334,15.890000343322754,15.949999809265137,18500,0.0,0.0
2017-08-03 00:00:00-04:00,16.100000381469727,16.100000381469727,15.880000114440918,16.0,40800,0.0,0.0
2017-08-04 00:00:00-04:00,16.049999237060547,16.079999923706055,15.949999809265137,16.049999237060547,23600,0.0,0.0
2017-08-07 00:00:00-04:00,16.100000381469727,16.25,16.0,16.0,11900,0.0,0.0
2017-08-08 00:00:00-04:00,16.0,16.5,16.0,16.200000762939453,15800,0.0,0.0
2017-08-09 00:00:00-04:00,16.100000381469727,16.149999618530273,16.0,16.049999237060547,17700,0.0,0.0
2017-08-10 00:00:00-04:00,15.949999809265137,16.049999237060547,15.949999809265137,15.949999809265137,19100,0.0,0.0
2017-08-11 00:00:00-04:00,16.0,16.0,15.640000343322754,15.800000190734863,23100,0.0,0.0
2017-08-14 00:00:00-04:00,15.949999809265137,16.299999237060547,15.800000190734863,16.0,20900,0.0,0.0
2017-08-15 00:00:00-04:00,15.949999809265137,16.049999237060547,15.800000190734863,15.850000381469727,15200,0.0,0.0
2017-08-16 00:00:00-04:00,15.850000381469727,15.979999542236328,15.75,15.75,11200,0.0,0.0
2017-08-17 00:00:00-04:00,15.75,15.800000190734863,15.449999809265137,15.550000190734863,15700,0.0,0.0
2017-08-18 00:00:00-04:00,15.399999618530273,15.729999542236328,15.260000228881836,15.5,17500,0.0,0.0
2017-08-21 00:00:00-04:00,15.550000190734863,15.649999618530273,15.350000381469727,15.350000381469727,12100,0.0,0.0
2017-08-22 00:00:00-04:00,15.350000381469727,15.5,15.0,15.449999809265137,112400,0.0,0.0
2017-08-23 00:00:00-04:00,15.350000381469727,15.649999618530273,15.350000381469727,15.449999809265137,11300,0.0,0.0
2017-08-24 00:00:00-04:00,15.5,15.850000381469727,15.449999809265137,15.800000190734863,61200,0.0,0.0
2017-08-25 00:00:00-04:00,15.850000381469727,16.100000381469727,15.550000190734863,15.649999618530273,17100,0.0,0.0
2017-08-28 00:00:00-04:00,15.649999618530273,15.800000190734863,15.579999923706055,15.600000381469727,10700,0.0,0.0
2017-08-29 00:00:00-04:00,15.600000381469727,15.649999618530273,15.149999618530273,15.449999809265137,25200,0.0,0.0
2017-08-30 00:00:00-04:00,15.449999809265137,15.75,15.449999809265137,15.550000190734863,21600,0.0,0.0
2017-08-31 00:00:00-04:00,15.550000190734863,15.75,15.25,15.399999618530273,30000,0.0,0.0
2017-09-01 00:00:00-04:00,15.350000381469727,15.65999984741211,15.25,15.550000190734863,27000,0.0,0.0
2017-09-05 00:00:00-04:00,15.649999618530273,15.899999618530273,15.399999618530273,15.850000381469727,48400,0.0,0.0
2017-09-06 00:00:00-04:00,15.850000381469727,16.049999237060547,15.5,15.5,15400,0.0,0.0
2017-09-07 00:00:00-04:00,15.600000381469727,15.699999809265137,15.5,15.649999618530273,21400,0.0,0.0
2017-09-08 00:00:00-04:00,15.550000190734863,15.899999618530273,15.5,15.600000381469727,17500,0.0,0.0
2017-09-11 00:00:00-04:00,15.670000076293945,15.75,15.550000190734863,15.600000381469727,9100,0.0,0.0
2017-09-12 00:00:00-04:00,15.649999618530273,15.90999984741211,15.630000114440918,15.899999618530273,28200,0.0,0.0
2017-09-13 00:00:00-04:00,15.899999618530273,16.299999237060547,15.850000381469727,16.149999618530273,46000,0.0,0.0
2017-09-14 00:00:00-04:00,16.149999618530273,16.75,15.949999809265137,16.0,89100,0.0,0.0
2017-09-15 00:00:00-04:00,16.0,16.100000381469727,15.850000381469727,16.0,77000,0.0,0.0
2017-09-18 00:00:00-04:00,16.049999237060547,16.700000762939453,16.049999237060547,16.399999618530273,157600,0.0,0.0
2017-09-19 00:00:00-04:00,16.350000381469727,16.75,16.260000228881836,16.75,40700,0.0,0.0
2017-09-20 00:00:00-04:00,16.75,17.25,16.700000762939453,16.899999618530273,38500,0.0,0.0
2017-09-21 00:00:00-04:00,16.899999618530273,17.049999237060547,16.649999618530273,16.950000762939453,17500,0.0,0.0
2017-09-22 00:00:00-04:00,16.75,17.100000381469727,16.75,17.100000381469727,15800,0.0,0.0
2017-09-25 00:00:00-04:00,17.100000381469727,17.950000762939453,17.0,17.100000381469727,66100,0.0,0.0
2017-09-26 00:00:00-04:00,17.200000762939453,17.600000381469727,16.899999618530273,17.25,28400,0.0,0.0
2017-09-27 00:00:00-04:00,17.399999618530273,18.049999237060547,17.25,17.850000381469727,36700,0.0,0.0
2017-09-28 00:00:00-04:00,17.799999237060547,17.950000762939453,17.5,17.75,69400,0.0,0.0
2017-09-29 00:00:00-04:00,17.700000762939453,17.950000762939453,17.649999618530273,17.649999618530273,57300,0.0,0.0
2017-10-02 00:00:00-04:00,17.75,17.889999389648438,17.649999618530273,17.850000381469727,76300,0.0,0.0
2017-10-03 00:00:00-04:00,17.899999618530273,17.950000762939453,17.799999237060547,17.899999618530273,65700,0.0,0.0
2017-10-04 00:00:00-04:00,17.950000762939453,18.200000762939453,17.850000381469727,17.950000762939453,40000,0.0,0.0
2017-10-05 00:00:00-04:00,18.0,18.0,17.700000762939453,17.899999618530273,21000,0.0,0.0
2017-10-06 00:00:00-04:00,17.899999618530273,18.149999618530273,17.799999237060547,17.950000762939453,19000,0.0,0.0
2017-10-09 00:00:00-04:00,17.899999618530273,18.200000762939453,17.899999618530273,18.100000381469727,29200,0.0,0.0
2017-10-10 00:00:00-04:00,17.969999313354492,18.049999237060547,17.850000381469727,18.0,20300,0.0,0.0
2017-10-11 00:00:00-04:00,18.0,18.200000762939453,18.0,18.149999618530273,33300,0.0,0.0
2017-10-12 00:00:00-04:00,18.149999618530273,18.399999618530273,18.100000381469727,18.100000381469727,30600,0.0,0.0
2017-10-13 00:00:00-04:00,18.149999618530273,18.25,18.049999237060547,18.049999237060547,15400,0.0,0.0
2017-10-16 00:00:00-04:00,18.100000381469727,18.299999237060547,18.049999237060547,18.100000381469727,36700,0.0,0.0
2017-10-17 00:00:00-04:00,18.149999618530273,18.450000762939453,18.020000457763672,18.100000381469727,23200,0.0,0.0
2017-10-18 00:00:00-04:00,18.25,18.350000381469727,18.049999237060547,18.149999618530273,16700,0.0,0.0
2017-10-19 00:00:00-04:00,17.90999984741211,18.200000762939453,17.90999984741211,18.100000381469727,18700,0.0,0.0
2017-10-20 00:00:00-04:00,18.200000762939453,18.450000762939453,18.139999389648438,18.399999618530273,21200,0.0,0.0
2017-10-23 00:00:00-04:00,18.299999237060547,18.309999465942383,17.950000762939453,18.100000381469727,20800,0.0,0.0
2017-10-24 00:00:00-04:00,18.25,18.299999237060547,18.149999618530273,18.149999618530273,8400,0.0,0.0
2017-10-25 00:00:00-04:00,18.0,18.0,17.649999618530273,17.75,13800,0.0,0.0
2017-10-26 00:00:00-04:00,17.899999618530273,18.0,17.75,17.899999618530273,5600,0.0,0.0
2017-10-27 00:00:00-04:00,17.649999618530273,18.0,17.649999618530273,17.75,15500,0.0,0.0
2017-10-30 00:00:00-04:00,17.75,17.850000381469727,17.299999237060547,17.5,12500,0.0,0.0
2017-10-31 00:00:00-04:00,17.399999618530273,18.299999237060547,17.040000915527344,18.100000381469727,25200,0.0,0.0
2017-11-01 00:00:00-04:00,17.75,17.899999618530273,17.450000762939453,17.649999618530273,17300,0.0,0.0
2017-11-02 00:00:00-04:00,17.600000381469727,18.0,17.600000381469727,17.950000762939453,7400,0.0,0.0
2017-11-03 00:00:00-04:00,17.950000762939453,18.0,17.600000381469727,17.600000381469727,14200,0.0,0.0
2017-11-06 00:00:00-05:00,17.649999618530273,18.049999237060547,17.649999618530273,17.899999618530273,9100,0.0,0.0
2017-11-07 00:00:00-05:00,17.850000381469727,17.850000381469727,17.5,17.649999618530273,32100,0.0,0.0
2017-11-08 00:00:00-05:00,17.549999237060547,17.649999618530273,17.350000381469727,17.5,25700,0.0,0.0
2017-11-09 00:00:00-05:00,17.5,17.600000381469727,17.450000762939453,17.5,19400,0.0,0.0
2017-11-10 00:00:00-05:00,17.5,17.649999618530273,17.450000762939453,17.600000381469727,20100,0.0,0.0
2017-11-13 00:00:00-05:00,17.450000762939453,17.799999237060547,17.450000762939453,17.75,37200,0.0,0.0
2017-11-14 00:00:00-05:00,17.649999618530273,18.0,17.5,17.5,67600,0.0,0.0
2017-11-15 00:00:00-05:00,17.399999618530273,17.600000381469727,17.25,17.5,23300,0.0,0.0
2017-11-16 00:00:00-05:00,17.889999389648438,17.950000762939453,17.799999237060547,17.850000381469727,15700,0.0,0.0
2017-11-17 00:00:00-05:00,17.799999237060547,17.950000762939453,17.549999237060547,17.700000762939453,16900,0.0,0.0
2017-11-20 00:00:00-05:00,17.600000381469727,17.950000762939453,17.600000381469727,17.799999237060547,17900,0.0,0.0
2017-11-21 00:00:00-05:00,17.75,17.850000381469727,17.649999618530273,17.799999237060547,96500,0.0,0.0
2017-11-22 00:00:00-05:00,17.75,18.0,17.75,17.75,16100,0.0,0.0
2017-11-24 00:00:00-05:00,17.850000381469727,17.850000381469727,17.600000381469727,17.700000762939453,4600,0.0,0.0
2017-11-27 00:00:00-05:00,17.75,17.75,17.649999618530273,17.75,7400,0.0,0.0
2017-11-28 00:00:00-05:00,17.75,17.950000762939453,17.649999618530273,17.75,23900,0.0,0.0
2017-11-29 00:00:00-05:00,17.899999618530273,18.25,17.850000381469727,18.049999237060547,19400,0.0,0.0
2017-11-30 00:00:00-05:00,18.0,18.149999618530273,18.0,18.0,10300,0.0,0.0
2017-12-01 00:00:00-05:00,17.899999618530273,18.149999618530273,17.899999618530273,18.049999237060547,17900,0.0,0.0
2017-12-04 00:00:00-05:00,18.139999389648438,18.34000015258789,17.5,17.5,17500,0.0,0.0
2017-12-05 00:00:00-05:00,17.649999618530273,17.75,17.600000381469727,17.649999618530273,20800,0.0,0.0
2017-12-06 00:00:00-05:00,17.600000381469727,17.950000762939453,17.479999542236328,17.799999237060547,68400,0.0,0.0
2017-12-07 00:00:00-05:00,17.5,17.65999984741211,16.0,16.75,92000,0.0,0.0
2017-12-08 00:00:00-05:00,16.75,17.399999618530273,16.75,16.850000381469727,30800,0.0,0.0
2017-12-11 00:00:00-05:00,16.850000381469727,16.850000381469727,16.450000762939453,16.649999618530273,34400,0.0,0.0
2017-12-12 00:00:00-05:00,16.700000762939453,16.850000381469727,16.649999618530273,16.700000762939453,16800,0.0,0.0
2017-12-13 00:00:00-05:00,16.75,17.100000381469727,16.549999237060547,16.549999237060547,21500,0.0,0.0
2017-12-14 00:00:00-05:00,16.540000915527344,16.700000762939453,16.0,16.100000381469727,32900,0.0,0.0
2017-12-15 00:00:00-05:00,16.149999618530273,16.600000381469727,16.049999237060547,16.079999923706055,62700,0.0,0.0
2017-12-18 00:00:00-05:00,16.25,16.5,16.149999618530273,16.149999618530273,42300,0.0,0.0
2017-12-19 00:00:00-05:00,16.350000381469727,16.649999618530273,16.200000762939453,16.299999237060547,42800,0.0,0.0
2017-12-20 00:00:00-05:00,16.350000381469727,16.600000381469727,16.350000381469727,16.549999237060547,17600,0.0,0.0
2017-12-21 00:00:00-05:00,16.700000762939453,16.950000762939453,16.600000381469727,16.700000762939453,20900,0.0,0.0
2017-12-22 00:00:00-05:00,16.600000381469727,16.899999618530273,16.350000381469727,16.350000381469727,15800,0.0,0.0
2017-12-26 00:00:00-05:00,16.399999618530273,16.600000381469727,16.350000381469727,16.399999618530273,19200,0.0,0.0
2017-12-27 00:00:00-05:00,16.450000762939453,16.649999618530273,16.450000762939453,16.5,20100,0.0,0.0
2017-12-28 00:00:00-05:00,16.6200008392334,16.75,16.450000762939453,16.450000762939453,19900,0.0,0.0
2017-12-29 00:00:00-05:00,16.5,16.649999618530273,16.450000762939453,16.549999237060547,35200,0.0,0.0
2018-01-02 00:00:00-05:00,16.600000381469727,16.700000762939453,16.399999618530273,16.399999618530273,37800,0.0,0.0
2018-01-03 00:00:00-05:00,16.350000381469727,16.549999237060547,16.200000762939453,16.5,37600,0.0,0.0
2018-01-04 00:00:00-05:00,16.549999237060547,16.850000381469727,16.549999237060547,16.700000762939453,20000,0.0,0.0
2018-01-05 00:00:00-05:00,16.600000381469727,16.899999618530273,16.600000381469727,16.799999237060547,11400,0.0,0.0
2018-01-08 00:00:00-05:00,16.899999618530273,17.100000381469727,16.450000762939453,16.850000381469727,24400,0.0,0.0
2018-01-09 00:00:00-05:00,16.850000381469727,17.0,16.850000381469727,16.950000762939453,12300,0.0,0.0
2018-01-10 00:00:00-05:00,16.950000762939453,17.100000381469727,16.5,16.600000381469727,15200,0.0,0.0
2018-01-11 00:00:00-05:00,16.549999237060547,16.649999618530273,16.5,16.600000381469727,27200,0.0,0.0
2018-01-12 00:00:00-05:00,16.600000381469727,16.8799991607666,16.600000381469727,16.850000381469727,14300,0.0,0.0
2018-01-16 00:00:00-05:00,17.0,17.25,16.799999237060547,16.799999237060547,25000,0.0,0.0
2018-01-17 00:00:00-05:00,16.799999237060547,17.200000762939453,16.799999237060547,17.149999618530273,12600,0.0,0.0
2018-01-18 00:00:00-05:00,17.1299991607666,17.149999618530273,16.700000762939453,16.75,18700,0.0,0.0
2018-01-19 00:00:00-05:00,16.700000762939453,17.0,16.700000762939453,16.75,27100,0.0,0.0
2018-01-22 00:00:00-05:00,16.75,16.899999618530273,16.600000381469727,16.850000381469727,17500,0.0,0.0
2018-01-23 00:00:00-05:00,16.799999237060547,16.950000762939453,16.75,16.899999618530273,9200,0.0,0.0
2018-01-24 00:00:00-05:00,16.959999084472656,17.049999237060547,16.799999237060547,16.850000381469727,22700,0.0,0.0
2018-01-25 00:00:00-05:00,16.850000381469727,17.049999237060547,16.799999237060547,17.0,10800,0.0,0.0
2018-01-26 00:00:00-05:00,17.0,17.200000762939453,16.850000381469727,16.950000762939453,7000,0.0,0.0
2018-01-29 00:00:00-05:00,16.850000381469727,17.0,16.649999618530273,16.799999237060547,18500,0.0,0.0
2018-01-30 00:00:00-05:00,16.799999237060547,17.200000762939453,16.600000381469727,17.100000381469727,20000,0.0,0.0
2018-01-31 00:00:00-05:00,17.200000762939453,17.200000762939453,16.75,16.799999237060547,14700,0.0,0.0
2018-02-01 00:00:00-05:00,16.799999237060547,16.950000762939453,16.6200008392334,16.899999618530273,12600,0.0,0.0
2018-02-02 00:00:00-05:00,16.75,17.0,16.600000381469727,16.899999618530273,39100,0.0,0.0
2018-02-05 00:00:00-05:00,16.899999618530273,16.950000762939453,16.450000762939453,16.450000762939453,27200,0.0,0.0
2018-02-06 00:00:00-05:00,16.299999237060547,16.950000762939453,16.149999618530273,16.450000762939453,27600,0.0,0.0
2018-02-07 00:00:00-05:00,16.450000762939453,16.950000762939453,16.450000762939453,16.549999237060547,11200,0.0,0.0
2018-02-08 00:00:00-05:00,16.549999237060547,16.649999618530273,16.350000381469727,16.5,19000,0.0,0.0
2018-02-09 00:00:00-05:00,16.5,16.850000381469727,16.299999237060547,16.600000381469727,28400,0.0,0.0
2018-02-12 00:00:00-05:00,16.600000381469727,16.700000762939453,16.450000762939453,16.549999237060547,12600,0.0,0.0
2018-02-13 00:00:00-05:00,16.5,16.649999618530273,16.399999618530273,16.600000381469727,18400,0.0,0.0
2018-02-14 00:00:00-05:00,16.5,16.649999618530273,16.350000381469727,16.399999618530273,12100,0.0,0.0
2018-02-15 00:00:00-05:00,16.5,16.899999618530273,16.5,16.649999618530273,24100,0.0,0.0
2018-02-16 00:00:00-05:00,16.600000381469727,16.799999237060547,16.600000381469727,16.649999618530273,10500,0.0,0.0
2018-02-20 00:00:00-05:00,16.5,16.549999237060547,16.350000381469727,16.350000381469727,13700,0.0,0.0
2018-02-21 00:00:00-05:00,16.299999237060547,16.399999618530273,16.049999237060547,16.149999618530273,21400,0.0,0.0
2018-02-22 00:00:00-05:00,16.049999237060547,16.649999618530273,16.049999237060547,16.399999618530273,18700,0.0,0.0
2018-02-23 00:00:00-05:00,16.299999237060547,16.450000762939453,16.200000762939453,16.350000381469727,13500,0.0,0.0
2018-02-26 00:00:00-05:00,16.350000381469727,16.600000381469727,16.299999237060547,16.450000762939453,17500,0.0,0.0
2018-02-27 00:00:00-05:00,16.549999237060547,16.649999618530273,16.399999618530273,16.450000762939453,9400,0.0,0.0
2018-02-28 00:00:00-05:00,16.600000381469727,16.600000381469727,16.149999618530273,16.149999618530273,14500,0.0,0.0
2018-03-01 00:00:00-05:00,16.200000762939453,16.350000381469727,16.200000762939453,16.25,18300,0.0,0.0
2018-03-02 00:00:00-05:00,15.850000381469727,16.450000762939453,15.850000381469727,16.399999618530273,20500,0.0,0.0
2018-03-05 00:00:00-05:00,16.399999618530273,16.579999923706055,16.350000381469727,16.450000762939453,8000,0.0,0.0
2018-03-06 00:00:00-05:00,16.450000762939453,16.75,16.299999237060547,16.450000762939453,23200,0.0,0.0
2018-03-07 00:00:00-05:00,16.799999237060547,17.299999237060547,16.450000762939453,17.100000381469727,27200,0.0,0.0
2018-03-08 00:00:00-05:00,17.100000381469727,17.450000762939453,16.350000381469727,17.100000381469727,48400,0.0,0.0
2018-03-09 00:00:00-05:00,17.100000381469727,17.299999237060547,16.700000762939453,17.200000762939453,16000,0.0,0.0
2018-03-12 00:00:00-04:00,17.149999618530273,17.200000762939453,16.100000381469727,17.149999618530273,9900,0.0,0.0
2018-03-13 00:00:00-04:00,17.299999237060547,17.299999237060547,16.700000762939453,16.75,19000,0.0,0.0
2018-03-14 00:00:00-04:00,16.799999237060547,17.0,16.450000762939453,16.5,13000,0.0,0.0
2018-03-15 00:00:00-04:00,16.649999618530273,16.649999618530273,16.299999237060547,16.350000381469727,17700,0.0,0.0
2018-03-16 00:00:00-04:00,16.5,16.5,15.899999618530273,16.200000762939453,77400,0.0,0.0
2018-03-19 00:00:00-04:00,16.25,16.549999237060547,16.200000762939453,16.450000762939453,12600,0.0,0.0
2018-03-20 00:00:00-04:00,16.200000762939453,16.600000381469727,16.100000381469727,16.25,10500,0.0,0.0
2018-03-21 00:00:00-04:00,16.299999237060547,16.600000381469727,16.299999237060547,16.450000762939453,15100,0.0,0.0
2018-03-22 00:00:00-04:00,16.200000762939453,16.729999542236328,16.200000762939453,16.350000381469727,9700,0.0,0.0
2018-03-23 00:00:00-04:00,16.209999084472656,16.399999618530273,15.850000381469727,15.899999618530273,15400,0.0,0.0
2018-03-26 00:00:00-04:00,16.200000762939453,16.5,16.200000762939453,16.5,10400,0.0,0.0
2018-03-27 00:00:00-04:00,16.399999618530273,16.899999618530273,16.149999618530273,16.200000762939453,24300,0.0,0.0
2018-03-28 00:00:00-04:00,16.25,16.299999237060547,15.949999809265137,16.100000381469727,31600,0.0,0.0
2018-03-29 00:00:00-04:00,16.100000381469727,16.200000762939453,15.899999618530273,16.100000381469727,47100,0.0,0.0
2018-04-02 00:00:00-04:00,16.100000381469727,16.100000381469727,15.75,15.899999618530273,26400,0.0,0.0
2018-04-03 00:00:00-04:00,15.699999809265137,15.899999618530273,15.680000305175781,15.800000190734863,9900,0.0,0.0
2018-04-04 00:00:00-04:00,15.75,15.899999618530273,15.600000381469727,15.600000381469727,14100,0.0,0.0
2018-04-05 00:00:00-04:00,15.850000381469727,15.949999809265137,15.699999809265137,15.800000190734863,8500,0.0,0.0
2018-04-06 00:00:00-04:00,15.75,16.049999237060547,15.75,15.850000381469727,19000,0.0,0.0
2018-04-09 00:00:00-04:00,16.100000381469727,16.299999237060547,15.899999618530273,16.049999237060547,23400,0.0,0.0
2018-04-10 00:00:00-04:00,16.149999618530273,16.5,15.949999809265137,16.350000381469727,6900,0.0,0.0
2018-04-11 00:00:00-04:00,16.350000381469727,16.549999237060547,16.049999237060547,16.25,20600,0.0,0.0
2018-04-12 00:00:00-04:00,16.100000381469727,16.200000762939453,16.0,16.049999237060547,8500,0.0,0.0
2018-04-13 00:00:00-04:00,15.850000381469727,16.200000762939453,15.75,16.200000762939453,20500,0.0,0.0
2018-04-16 00:00:00-04:00,16.100000381469727,16.399999618530273,16.100000381469727,16.25,7200,0.0,0.0
2018-04-17 00:00:00-04:00,16.0,16.649999618530273,16.0,16.549999237060547,11900,0.0,0.0
2018-04-18 00:00:00-04:00,16.549999237060547,16.799999237060547,16.549999237060547,16.600000381469727,7400,0.0,0.0
2018-04-19 00:00:00-04:00,16.450000762939453,16.700000762939453,15.949999809265137,16.399999618530273,10400,0.0,0.0
2018-04-20 00:00:00-04:00,16.350000381469727,16.5,16.049999237060547,16.350000381469727,7600,0.0,0.0
2018-04-23 00:00:00-04:00,16.25,16.399999618530273,16.149999618530273,16.149999618530273,4000,0.0,0.0
2018-04-24 00:00:00-04:00,16.100000381469727,16.100000381469727,15.699999809265137,15.850000381469727,21800,0.0,0.0
2018-04-25 00:00:00-04:00,15.850000381469727,15.899999618530273,15.800000190734863,15.800000190734863,7200,0.0,0.0
2018-04-26 00:00:00-04:00,15.850000381469727,15.899999618530273,15.699999809265137,15.800000190734863,13100,0.0,0.0
2018-04-27 00:00:00-04:00,15.380000114440918,15.550000190734863,14.949999809265137,15.449999809265137,30200,0.0,0.0
2018-04-30 00:00:00-04:00,15.600000381469727,15.75,15.5,15.550000190734863,14400,0.0,0.0
2018-05-01 00:00:00-04:00,15.600000381469727,15.600000381469727,15.350000381469727,15.449999809265137,14200,0.0,0.0
2018-05-02 00:00:00-04:00,15.399999618530273,15.649999618530273,15.350000381469727,15.550000190734863,8000,0.0,0.0
2018-05-03 00:00:00-04:00,15.75,16.100000381469727,15.75,15.850000381469727,12400,0.0,0.0
2018-05-04 00:00:00-04:00,15.899999618530273,15.899999618530273,15.300000190734863,15.5,21200,0.0,0.0
2018-05-07 00:00:00-04:00,15.600000381469727,15.699999809265137,15.350000381469727,15.449999809265137,13700,0.0,0.0
2018-05-08 00:00:00-04:00,15.5,15.5,15.15999984741211,15.300000190734863,12800,0.0,0.0
2018-05-09 00:00:00-04:00,15.199999809265137,15.600000381469727,15.199999809265137,15.25,11500,0.0,0.0
2018-05-10 00:00:00-04:00,15.350000381469727,15.699999809265137,15.350000381469727,15.649999618530273,21900,0.0,0.0
2018-05-11 00:00:00-04:00,15.600000381469727,15.699999809265137,15.5,15.550000190734863,4600,0.0,0.0
2018-05-14 00:00:00-04:00,15.600000381469727,15.600000381469727,15.399999618530273,15.449999809265137,11400,0.0,0.0
2018-05-15 00:00:00-04:00,15.5,15.630000114440918,15.199999809265137,15.5,10300,0.0,0.0
2018-05-16 00:00:00-04:00,15.600000381469727,15.75,15.600000381469727,15.699999809265137,9200,0.0,0.0
2018-05-17 00:00:00-04:00,15.800000190734863,15.949999809265137,15.699999809265137,15.800000190734863,9700,0.0,0.0
2018-05-18 00:00:00-04:00,15.899999618530273,15.899999618530273,15.449999809265137,15.550000190734863,27700,0.0,0.0
2018-05-21 00:00:00-04:00,15.5,15.600000381469727,15.09000015258789,15.350000381469727,82200,0.0,0.0
2018-05-22 00:00:00-04:00,15.449999809265137,15.850000381469727,15.25,15.600000381469727,20200,0.0,0.0
2018-05-23 00:00:00-04:00,15.649999618530273,15.800000190734863,15.649999618530273,15.75,10700,0.0,0.0
2018-05-24 00:00:00-04:00,15.800000190734863,15.800000190734863,15.149999618530273,15.5,25700,0.0,0.0
2018-05-25 00:00:00-04:00,15.399999618530273,15.699999809265137,15.399999618530273,15.649999618530273,17200,0.0,0.0
2018-05-29 00:00:00-04:00,15.649999618530273,15.75,15.5,15.649999618530273,15600,0.0,0.0
2018-05-30 00:00:00-04:00,15.680000305175781,15.859999656677246,15.680000305175781,15.75,20400,0.0,0.0
2018-05-31 00:00:00-04:00,15.75,15.800000190734863,15.649999618530273,15.649999618530273,10800,0.0,0.0
2018-06-01 00:00:00-04:00,15.800000190734863,15.850000381469727,15.770000457763672,15.800000190734863,12000,0.0,0.0
2018-06-04 00:00:00-04:00,15.800000190734863,15.800000190734863,15.649999618530273,15.699999809265137,5400,0.0,0.0
2018-06-05 00:00:00-04:00,15.699999809265137,15.779999732971191,14.850000381469727,15.0,60100,0.0,0.0
2018-06-06 00:00:00-04:00,15.050000190734863,15.399999618530273,15.050000190734863,15.350000381469727,33600,0.0,0.0
2018-06-07 00:00:00-04:00,15.350000381469727,15.800000190734863,15.329999923706055,15.649999618530273,18100,0.0,0.0
2018-06-08 00:00:00-04:00,15.640000343322754,15.800000190734863,15.640000343322754,15.699999809265137,16200,0.0,0.0
2018-06-11 00:00:00-04:00,15.5,15.899999618530273,15.449999809265137,15.800000190734863,28300,0.0,0.0
2018-06-12 00:00:00-04:00,15.649999618530273,15.800000190734863,15.59000015258789,15.800000190734863,9300,0.0,0.0
2018-06-13 00:00:00-04:00,15.649999618530273,15.800000190734863,15.649999618530273,15.75,19200,0.0,0.0
2018-06-14 00:00:00-04:00,16.0,16.0,15.649999618530273,15.649999618530273,14500,0.0,0.0
2018-06-15 00:00:00-04:00,15.550000190734863,15.880000114440918,15.449999809265137,15.699999809265137,21700,0.0,0.0
2018-06-18 00:00:00-04:00,15.899999618530273,15.899999618530273,15.649999618530273,15.850000381469727,10500,0.0,0.0
2018-06-19 00:00:00-04:00,15.75,16.049999237060547,15.729999542236328,15.899999618530273,15500,0.0,0.0
2018-06-20 00:00:00-04:00,16.049999237060547,16.149999618530273,15.850000381469727,15.949999809265137,24200,0.0,0.0
2018-06-21 00:00:00-04:00,16.0,16.399999618530273,15.699999809265137,16.25,44600,0.0,0.0
2018-06-22 00:00:00-04:00,16.270000457763672,16.600000381469727,16.200000762939453,16.600000381469727,140800,0.0,0.0
2018-06-25 00:00:00-04:00,16.450000762939453,16.5,16.25,16.399999618530273,10700,0.0,0.0
2018-06-26 00:00:00-04:00,16.399999618530273,16.399999618530273,15.899999618530273,16.049999237060547,45300,0.0,0.0
2018-06-27 00:00:00-04:00,16.100000381469727,16.149999618530273,15.899999618530273,15.899999618530273,9300,0.0,0.0
2018-06-28 00:00:00-04:00,15.949999809265137,16.200000762939453,15.949999809265137,16.100000381469727,17000,0.0,0.0
2018-06-29 00:00:00-04:00,16.100000381469727,16.299999237060547,16.049999237060547,16.149999618530273,19800,0.0,0.0
2018-07-02 00:00:00-04:00,16.200000762939453,16.299999237060547,16.0,16.100000381469727,11500,0.0,0.0
2018-07-03 00:00:00-04:00,16.049999237060547,16.25,16.0,16.100000381469727,5000,0.0,0.0
2018-07-05 00:00:00-04:00,16.049999237060547,16.299999237060547,16.0,16.299999237060547,11000,0.0,0.0
2018-07-06 00:00:00-04:00,16.309999465942383,16.34000015258789,16.100000381469727,16.200000762939453,8900,0.0,0.0
2018-07-09 00:00:00-04:00,16.239999771118164,16.549999237060547,16.239999771118164,16.350000381469727,16100,0.0,0.0
2018-07-10 00:00:00-04:00,16.399999618530273,16.450000762939453,16.200000762939453,16.200000762939453,4800,0.0,0.0
2018-07-11 00:00:00-04:00,16.200000762939453,16.200000762939453,16.0,16.0,8600,0.0,0.0
2018-07-12 00:00:00-04:00,15.800000190734863,16.100000381469727,15.800000190734863,16.0,7200,0.0,0.0
2018-07-13 00:00:00-04:00,16.0,16.299999237060547,15.850000381469727,16.100000381469727,7000,0.0,0.0
2018-07-16 00:00:00-04:00,16.149999618530273,16.149999618530273,15.850000381469727,16.100000381469727,9800,0.0,0.0
2018-07-17 00:00:00-04:00,16.0,16.100000381469727,15.850000381469727,15.850000381469727,6500,0.0,0.0
2018-07-18 00:00:00-04:00,15.800000190734863,15.899999618530273,15.649999618530273,15.800000190734863,11000,0.0,0.0
2018-07-19 00:00:00-04:00,15.850000381469727,16.049999237060547,15.800000190734863,15.949999809265137,12900,0.0,0.0
2018-07-20 00:00:00-04:00,16.0,16.049999237060547,15.850000381469727,15.899999618530273,6600,0.0,0.0
2018-07-23 00:00:00-04:00,16.049999237060547,16.049999237060547,15.729999542236328,15.899999618530273,7500,0.0,0.0
2018-07-24 00:00:00-04:00,15.800000190734863,15.850000381469727,15.699999809265137,15.699999809265137,9600,0.0,0.0
2018-07-25 00:00:00-04:00,14.899999618530273,15.449999809265137,14.899999618530273,15.25,30900,0.0,0.0
2018-07-26 00:00:00-04:00,15.149999618530273,15.40999984741211,15.050000190734863,15.399999618530273,6000,0.0,0.0
2018-07-27 00:00:00-04:00,15.300000190734863,15.300000190734863,14.899999618530273,15.0,17300,0.0,0.0
2018-07-30 00:00:00-04:00,14.899999618530273,15.199999809265137,14.899999618530273,14.949999809265137,13200,0.0,0.0
2018-07-31 00:00:00-04:00,15.0,15.100000381469727,14.899999618530273,15.0,19900,0.0,0.0
2018-08-01 00:00:00-04:00,15.0,15.0,14.300000190734863,14.449999809265137,49800,0.0,0.0
2018-08-02 00:00:00-04:00,14.25,14.25,13.149999618530273,13.600000381469727,84700,0.0,0.0
2018-08-03 00:00:00-04:00,13.25,13.529999732971191,12.300000190734863,12.550000190734863,103200,0.0,0.0
2018-08-06 00:00:00-04:00,12.600000381469727,12.850000381469727,12.449999809265137,12.600000381469727,60300,0.0,0.0
2018-08-07 00:00:00-04:00,12.75,12.75,12.550000190734863,12.600000381469727,11000,0.0,0.0
2018-08-08 00:00:00-04:00,12.550000190734863,12.800000190734863,12.550000190734863,12.75,31100,0.0,0.0
2018-08-09 00:00:00-04:00,12.75,12.800000190734863,12.399999618530273,12.449999809265137,48500,0.0,0.0
2018-08-10 00:00:00-04:00,12.5,12.850000381469727,12.25,12.350000381469727,32600,0.0,0.0
2018-08-13 00:00:00-04:00,12.399999618530273,12.75,12.399999618530273,12.649999618530273,20400,0.0,0.0
2018-08-14 00:00:00-04:00,12.699999809265137,12.850000381469727,12.449999809265137,12.550000190734863,20600,0.0,0.0
2018-08-15 00:00:00-04:00,12.600000381469727,12.960000038146973,12.449999809265137,12.449999809265137,20600,0.0,0.0
2018-08-16 00:00:00-04:00,12.600000381469727,12.699999809265137,12.479999542236328,12.550000190734863,9900,0.0,0.0
2018-08-17 00:00:00-04:00,12.5,12.75,12.5,12.699999809265137,13500,0.0,0.0
2018-08-20 00:00:00-04:00,12.699999809265137,12.800000190734863,12.649999618530273,12.729999542236328,9200,0.0,0.0
2018-08-21 00:00:00-04:00,12.729999542236328,13.0,12.729999542236328,12.899999618530273,13400,0.0,0.0
2018-08-22 00:00:00-04:00,13.0,13.350000381469727,13.0,13.149999618530273,19700,0.0,0.0
2018-08-23 00:00:00-04:00,13.300000190734863,13.399999618530273,13.25,13.300000190734863,12600,0.0,0.0
2018-08-24 00:00:00-04:00,13.399999618530273,13.449999809265137,13.149999618530273,13.149999618530273,6200,0.0,0.0
2018-08-27 00:00:00-04:00,13.199999809265137,13.359999656677246,13.199999809265137,13.199999809265137,9600,0.0,0.0
2018-08-28 00:00:00-04:00,13.3100004196167,13.319999694824219,12.850000381469727,12.949999809265137,7800,0.0,0.0
2018-08-29 00:00:00-04:00,13.100000381469727,13.199999809265137,13.0,13.050000190734863,9200,0.0,0.0
2018-08-30 00:00:00-04:00,13.0,13.100000381469727,12.899999618530273,12.949999809265137,5100,0.0,0.0
2018-08-31 00:00:00-04:00,12.949999809265137,13.100000381469727,12.850000381469727,12.899999618530273,9500,0.0,0.0
2018-09-04 00:00:00-04:00,12.800000190734863,12.850000381469727,12.600000381469727,12.649999618530273,11400,0.0,0.0
2018-09-05 00:00:00-04:00,12.649999618530273,12.75,12.649999618530273,12.649999618530273,4000,0.0,0.0
2018-09-06 00:00:00-04:00,12.649999618530273,12.850000381469727,12.649999618530273,12.649999618530273,5200,0.0,0.0
2018-09-07 00:00:00-04:00,12.649999618530273,12.75,12.550000190734863,12.600000381469727,9100,0.0,0.0
2018-09-10 00:00:00-04:00,12.75,12.850000381469727,12.600000381469727,12.649999618530273,6700,0.0,0.0
2018-09-11 00:00:00-04:00,12.600000381469727,12.649999618530273,12.449999809265137,12.449999809265137,9700,0.0,0.0
2018-09-12 00:00:00-04:00,12.550000190734863,12.550000190734863,12.449999809265137,12.449999809265137,10100,0.0,0.0
2018-09-13 00:00:00-04:00,12.699999809265137,12.699999809265137,12.5,12.5,4300,0.0,0.0
2018-09-14 00:00:00-04:00,12.5,12.600000381469727,12.449999809265137,12.449999809265137,7000,0.0,0.0
2018-09-17 00:00:00-04:00,12.5,12.550000190734863,12.449999809265137,12.449999809265137,6300,0.0,0.0
2018-09-18 00:00:00-04:00,12.649999618530273,12.649999618530273,12.449999809265137,12.449999809265137,5600,0.0,0.0
2018-09-19 00:00:00-04:00,12.449999809265137,12.800000190734863,12.350000381469727,12.449999809265137,13600,0.0,0.0
2018-09-20 00:00:00-04:00,12.449999809265137,12.699999809265137,12.449999809265137,12.699999809265137,5600,0.0,0.0
2018-09-21 00:00:00-04:00,12.550000190734863,12.75,12.550000190734863,12.550000190734863,27600,0.0,0.0
2018-09-24 00:00:00-04:00,12.5,12.75,12.5,12.550000190734863,6400,0.0,0.0
2018-09-25 00:00:00-04:00,12.630000114440918,12.649999618530273,12.25,12.350000381469727,42700,0.0,0.0
2018-09-26 00:00:00-04:00,12.489999771118164,12.489999771118164,12.119999885559082,12.199999809265137,6600,0.0,0.0
2018-09-27 00:00:00-04:00,12.199999809265137,12.25,12.100000381469727,12.149999618530273,7100,0.0,0.0
2018-09-28 00:00:00-04:00,12.050000190734863,12.149999618530273,12.0,12.050000190734863,9900,0.0,0.0
2018-10-01 00:00:00-04:00,12.220000267028809,12.220000267028809,11.670000076293945,11.680000305175781,16700,0.0,0.0
2018-10-02 00:00:00-04:00,11.600000381469727,11.859999656677246,11.600000381469727,11.609999656677246,7800,0.0,0.0
2018-10-03 00:00:00-04:00,11.5600004196167,11.859999656677246,11.449999809265137,11.470000267028809,17600,0.0,0.0
2018-10-04 00:00:00-04:00,11.449999809265137,11.949999809265137,11.449999809265137,11.699999809265137,6900,0.0,0.0
2018-10-05 00:00:00-04:00,11.779999732971191,11.869999885559082,11.449999809265137,11.449999809265137,6100,0.0,0.0
2018-10-08 00:00:00-04:00,11.4399995803833,11.850000381469727,11.300000190734863,11.710000038146973,41600,0.0,0.0
2018-10-09 00:00:00-04:00,11.9399995803833,12.130000114440918,11.449999809265137,12.039999961853027,10800,0.0,0.0
2018-10-10 00:00:00-04:00,11.949999809265137,12.050000190734863,11.720000267028809,11.850000381469727,6100,0.0,0.0
2018-10-11 00:00:00-04:00,11.90999984741211,12.039999961853027,11.550000190734863,11.550000190734863,11700,0.0,0.0
2018-10-12 00:00:00-04:00,11.600000381469727,11.600000381469727,11.40999984741211,11.40999984741211,16100,0.0,0.0
2018-10-15 00:00:00-04:00,11.5,11.59000015258789,11.399999618530273,11.489999771118164,12100,0.0,0.0
2018-10-16 00:00:00-04:00,11.520000457763672,11.569999694824219,11.399999618530273,11.569999694824219,19600,0.0,0.0
2018-10-17 00:00:00-04:00,11.5,11.59000015258789,11.40999984741211,11.460000038146973,10200,0.0,0.0
2018-10-18 00:00:00-04:00,11.319999694824219,11.5600004196167,11.199999809265137,11.369999885559082,14000,0.0,0.0
2018-10-19 00:00:00-04:00,11.350000381469727,11.430000305175781,11.260000228881836,11.260000228881836,10900,0.0,0.0
2018-10-22 00:00:00-04:00,11.359999656677246,11.579999923706055,11.359999656677246,11.359999656677246,11000,0.0,0.0
2018-10-23 00:00:00-04:00,11.350000381469727,11.460000038146973,11.220000267028809,11.300000190734863,39100,0.0,0.0
2018-10-24 00:00:00-04:00,11.25,11.300000190734863,11.100000381469727,11.100000381469727,29100,0.0,0.0
2018-10-25 00:00:00-04:00,11.100000381469727,11.130000114440918,10.84000015258789,11.109999656677246,20600,0.0,0.0
2018-10-26 00:00:00-04:00,11.010000228881836,11.329999923706055,10.800000190734863,10.800000190734863,18900,0.0,0.0
2018-10-29 00:00:00-04:00,10.920000076293945,11.40999984741211,10.729999542236328,10.890000343322754,44900,0.0,0.0
2018-10-30 00:00:00-04:00,10.880000114440918,11.1899995803833,10.760000228881836,11.140000343322754,10700,0.0,0.0
2018-10-31 00:00:00-04:00,11.109999656677246,11.59000015258789,11.109999656677246,11.380000114440918,15000,0.0,0.0
2018-11-01 00:00:00-04:00,11.350000381469727,11.949999809265137,11.140000343322754,11.630000114440918,16200,0.0,0.0
2018-11-02 00:00:00-04:00,11.300000190734863,11.989999771118164,11.300000190734863,11.699999809265137,8400,0.0,0.0
2018-11-05 00:00:00-05:00,11.800000190734863,11.890000343322754,11.369999885559082,11.520000457763672,7900,0.0,0.0
2018-11-06 00:00:00-05:00,11.800000190734863,12.0,11.5,11.739999771118164,9600,0.0,0.0
2018-11-07 00:00:00-05:00,11.829999923706055,12.140000343322754,11.699999809265137,11.930000305175781,16300,0.0,0.0
2018-11-08 00:00:00-05:00,11.760000228881836,11.949999809265137,11.760000228881836,11.9399995803833,9900,0.0,0.0
2018-11-09 00:00:00-05:00,11.920000076293945,12.109999656677246,11.5600004196167,11.640000343322754,28600,0.0,0.0
2018-11-12 00:00:00-05:00,11.239999771118164,11.800000190734863,11.199999809265137,11.579999923706055,23300,0.0,0.0
2018-11-13 00:00:00-05:00,11.630000114440918,11.850000381469727,11.520000457763672,11.640000343322754,5500,0.0,0.0
2018-11-14 00:00:00-05:00,11.739999771118164,11.800000190734863,11.630000114440918,11.630000114440918,10300,0.0,0.0
2018-11-15 00:00:00-05:00,11.630000114440918,11.819999694824219,11.359999656677246,11.600000381469727,41200,0.0,0.0
2018-11-16 00:00:00-05:00,11.600000381469727,11.84000015258789,11.579999923706055,11.65999984741211,35600,0.0,0.0
2018-11-19 00:00:00-05:00,11.819999694824219,11.84000015258789,11.279999732971191,11.680000305175781,14000,0.0,0.0
2018-11-20 00:00:00-05:00,11.5600004196167,11.84000015258789,11.520000457763672,11.619999885559082,36100,0.0,0.0
2018-11-21 00:00:00-05:00,11.670000076293945,11.8100004196167,11.539999961853027,11.739999771118164,32700,0.0,0.0
2018-11-23 00:00:00-05:00,11.819999694824219,11.819999694824219,11.600000381469727,11.800000190734863,13800,0.0,0.0
2018-11-26 00:00:00-05:00,11.8100004196167,11.930000305175781,11.539999961853027,11.630000114440918,59700,0.0,0.0
2018-11-27 00:00:00-05:00,11.649999618530273,11.6899995803833,11.479999542236328,11.550000190734863,26900,0.0,0.0
2018-11-28 00:00:00-05:00,11.569999694824219,11.880000114440918,11.529999732971191,11.539999961853027,15300,0.0,0.0
2018-11-29 00:00:00-05:00,11.390000343322754,11.800000190734863,11.369999885559082,11.460000038146973,45500,0.0,0.0
2018-11-30 00:00:00-05:00,11.449999809265137,11.84000015258789,11.079999923706055,11.329999923706055,34000,0.0,0.0
2018-12-03 00:00:00-05:00,11.460000038146973,11.9399995803833,11.40999984741211,11.550000190734863,14600,0.0,0.0
2018-12-04 00:00:00-05:00,11.550000190734863,11.800000190734863,11.149999618530273,11.199999809265137,39800,0.0,0.0
2018-12-06 00:00:00-05:00,11.010000228881836,11.65999984741211,10.649999618530273,10.8100004196167,18200,0.0,0.0
2018-12-07 00:00:00-05:00,10.930000305175781,11.350000381469727,10.710000038146973,10.8100004196167,20300,0.0,0.0
2018-12-10 00:00:00-05:00,11.350000381469727,11.350000381469727,10.6899995803833,10.800000190734863,15900,0.0,0.0
2018-12-11 00:00:00-05:00,11.350000381469727,11.619999885559082,10.859999656677246,10.989999771118164,10100,0.0,0.0
2018-12-12 00:00:00-05:00,11.140000343322754,11.399999618530273,10.789999961853027,10.960000038146973,15200,0.0,0.0
2018-12-13 00:00:00-05:00,10.710000038146973,11.270000457763672,10.710000038146973,11.0,13700,0.0,0.0
2018-12-14 00:00:00-05:00,11.130000114440918,11.5,10.859999656677246,11.279999732971191,13900,0.0,0.0
2018-12-17 00:00:00-05:00,11.34000015258789,11.470000267028809,10.920000076293945,11.079999923706055,24300,0.0,0.0
2018-12-18 00:00:00-05:00,11.09000015258789,11.5,10.960000038146973,11.350000381469727,14800,0.0,0.0
2018-12-19 00:00:00-05:00,11.350000381469727,11.5,11.319999694824219,11.350000381469727,15600,0.0,0.0
2018-12-20 00:00:00-05:00,11.350000381469727,11.4399995803833,11.130000114440918,11.300000190734863,12100,0.0,0.0
2018-12-21 00:00:00-05:00,11.289999961853027,11.449999809265137,11.220000267028809,11.239999771118164,42500,0.0,0.0
2018-12-24 00:00:00-05:00,11.15999984741211,11.289999961853027,10.739999771118164,10.920000076293945,6400,0.0,0.0
2018-12-26 00:00:00-05:00,10.920000076293945,11.359999656677246,10.680000305175781,11.170000076293945,19800,0.0,0.0
2018-12-27 00:00:00-05:00,11.289999961853027,11.479999542236328,11.029999732971191,11.229999542236328,6400,0.0,0.0
2018-12-28 00:00:00-05:00,11.239999771118164,11.479999542236328,10.970000267028809,11.279999732971191,10200,0.0,0.0
2018-12-31 00:00:00-05:00,11.25,11.460000038146973,10.5,10.970000267028809,24300,0.0,0.0
2019-01-02 00:00:00-05:00,10.859999656677246,11.319999694824219,10.859999656677246,11.319999694824219,7700,0.0,0.0
2019-01-03 00:00:00-05:00,11.260000228881836,11.5,11.119999885559082,11.119999885559082,10100,0.0,0.0
2019-01-04 00:00:00-05:00,11.069999694824219,11.779999732971191,11.0600004196167,11.779999732971191,31900,0.0,0.0
2019-01-07 00:00:00-05:00,11.670000076293945,12.399999618530273,11.670000076293945,12.300000190734863,16400,0.0,0.0
2019-01-08 00:00:00-05:00,12.420000076293945,13.180000305175781,12.199999809265137,12.210000038146973,7600,0.0,0.0
2019-01-09 00:00:00-05:00,11.9399995803833,12.109999656677246,11.859999656677246,12.100000381469727,6100,0.0,0.0
2019-01-10 00:00:00-05:00,11.970000267028809,12.220000267028809,11.960000038146973,11.979999542236328,14300,0.0,0.0
2019-01-11 00:00:00-05:00,12.039999961853027,12.300000190734863,12.039999961853027,12.300000190734863,4700,0.0,0.0
2019-01-14 00:00:00-05:00,12.300000190734863,12.3100004196167,12.050000190734863,12.050000190734863,8100,0.0,0.0
2019-01-15 00:00:00-05:00,11.960000038146973,12.489999771118164,11.739999771118164,12.130000114440918,4400,0.0,0.0
2019-01-16 00:00:00-05:00,11.989999771118164,12.050000190734863,11.880000114440918,12.020000457763672,7900,0.0,0.0
2019-01-17 00:00:00-05:00,12.079999923706055,12.199999809265137,12.029999732971191,12.119999885559082,14700,0.0,0.0
2019-01-18 00:00:00-05:00,12.1899995803833,12.720000267028809,12.170000076293945,12.539999961853027,13100,0.0,0.0
2019-01-22 00:00:00-05:00,12.609999656677246,13.029999732971191,12.220000267028809,12.779999732971191,26700,0.0,0.0
2019-01-23 00:00:00-05:00,12.569999694824219,13.300000190734863,12.569999694824219,13.25,45300,0.0,0.0
2019-01-24 00:00:00-05:00,13.170000076293945,13.5,12.539999961853027,13.479999542236328,17000,0.0,0.0
2019-01-25 00:00:00-05:00,13.460000038146973,13.710000038146973,13.130000114440918,13.649999618530273,14000,0.0,0.0
2019-01-28 00:00:00-05:00,13.649999618530273,13.649999618530273,13.279999732971191,13.470000267028809,15200,0.0,0.0
2019-01-29 00:00:00-05:00,13.710000038146973,13.859999656677246,13.270000457763672,13.699999809265137,13400,0.0,0.0
2019-01-30 00:00:00-05:00,13.649999618530273,13.899999618530273,13.460000038146973,13.899999618530273,5900,0.0,0.0
2019-01-31 00:00:00-05:00,13.789999961853027,14.0,12.550000190734863,13.859999656677246,18000,0.0,0.0
2019-02-01 00:00:00-05:00,11.949999809265137,13.569999694824219,11.949999809265137,13.25,20000,0.0,0.0
2019-02-04 00:00:00-05:00,13.300000190734863,13.850000381469727,12.739999771118164,13.850000381469727,13000,0.0,0.0
2019-02-05 00:00:00-05:00,13.779999732971191,13.800000190734863,13.279999732971191,13.4399995803833,4000,0.0,0.0
2019-02-06 00:00:00-05:00,13.710000038146973,13.710000038146973,13.40999984741211,13.640000343322754,5100,0.0,0.0
2019-02-07 00:00:00-05:00,13.369999885559082,13.550000190734863,13.329999923706055,13.329999923706055,3900,0.0,0.0
2019-02-08 00:00:00-05:00,12.949999809265137,13.720000267028809,12.949999809265137,13.640000343322754,9400,0.0,0.0
2019-02-11 00:00:00-05:00,13.5,14.5,13.270000457763672,14.180000305175781,17300,0.0,0.0
2019-02-12 00:00:00-05:00,14.140000343322754,14.5600004196167,14.09000015258789,14.1899995803833,9200,0.0,0.0
2019-02-13 00:00:00-05:00,14.069999694824219,14.229999542236328,13.970000267028809,14.229999542236328,6800,0.0,0.0
2019-02-14 00:00:00-05:00,14.109999656677246,14.5,13.640000343322754,14.220000267028809,16000,0.0,0.0
2019-02-15 00:00:00-05:00,14.220000267028809,14.25,13.609999656677246,14.180000305175781,12900,0.0,0.0
2019-02-19 00:00:00-05:00,14.15999984741211,14.430000305175781,14.100000381469727,14.260000228881836,14200,0.0,0.0
2019-02-20 00:00:00-05:00,14.149999618530273,14.5,14.050000190734863,14.0600004196167,13900,0.0,0.0
2019-02-21 00:00:00-05:00,14.149999618530273,14.489999771118164,13.8100004196167,14.300000190734863,3900,0.0,0.0
2019-02-22 00:00:00-05:00,14.220000267028809,14.640000343322754,14.039999961853027,14.4399995803833,27300,0.0,0.0
2019-02-25 00:00:00-05:00,14.5600004196167,14.5600004196167,14.25,14.279999732971191,7500,0.0,0.0
2019-02-26 00:00:00-05:00,14.470000267028809,14.470000267028809,14.069999694824219,14.069999694824219,4500,0.0,0.0
2019-02-27 00:00:00-05:00,13.710000038146973,13.949999809265137,13.420000076293945,13.600000381469727,13700,0.0,0.0
2019-02-28 00:00:00-05:00,13.399999618530273,13.65999984741211,13.220000267028809,13.3100004196167,24100,0.0,0.0
2019-03-01 00:00:00-05:00,13.300000190734863,13.460000038146973,13.239999771118164,13.359999656677246,27000,0.0,0.0
2019-03-04 00:00:00-05:00,13.539999961853027,13.859999656677246,13.470000267028809,13.770000457763672,13600,0.0,0.0
2019-03-05 00:00:00-05:00,14.119999885559082,14.119999885559082,13.5,13.539999961853027,4600,0.0,0.0
2019-03-06 00:00:00-05:00,14.210000038146973,14.279999732971191,12.989999771118164,12.989999771118164,28100,0.0,0.0
2019-03-07 00:00:00-05:00,13.100000381469727,13.550000190734863,12.779999732971191,13.100000381469727,19300,0.0,0.0
2019-03-08 00:00:00-05:00,13.140000343322754,13.25,12.680000305175781,12.6899995803833,9900,0.0,0.0
2019-03-11 00:00:00-04:00,12.84000015258789,13.0,12.569999694824219,13.0,6500,0.0,0.0
2019-03-12 00:00:00-04:00,13.0,13.0,12.779999732971191,12.819999694824219,2900,0.0,0.0
2019-03-13 00:00:00-04:00,12.920000076293945,12.979999542236328,12.819999694824219,12.819999694824219,6100,0.0,0.0
2019-03-14 00:00:00-04:00,12.649999618530273,12.979999542236328,12.260000228881836,12.300000190734863,12100,0.0,0.0
2019-03-15 00:00:00-04:00,12.399999618530273,12.890000343322754,12.399999618530273,12.770000457763672,41900,0.0,0.0
2019-03-18 00:00:00-04:00,12.550000190734863,12.75,12.550000190734863,12.600000381469727,3700,0.0,0.0
2019-03-19 00:00:00-04:00,12.579999923706055,12.90999984741211,12.520000457763672,12.739999771118164,3700,0.0,0.0
2019-03-20 00:00:00-04:00,12.899999618530273,12.979999542236328,12.529999732971191,12.90999984741211,12400,0.0,0.0
2019-03-21 00:00:00-04:00,12.9399995803833,12.960000038146973,12.789999961853027,12.789999961853027,8800,0.0,0.0
2019-03-22 00:00:00-04:00,12.8100004196167,12.8100004196167,12.079999923706055,12.079999923706055,9200,0.0,0.0
2019-03-25 00:00:00-04:00,12.920000076293945,12.920000076293945,11.850000381469727,12.34000015258789,7400,0.0,0.0
2019-03-26 00:00:00-04:00,12.050000190734863,12.460000038146973,12.050000190734863,12.4399995803833,4100,0.0,0.0
2019-03-27 00:00:00-04:00,12.539999961853027,12.539999961853027,12.350000381469727,12.510000228881836,9700,0.0,0.0
2019-03-28 00:00:00-04:00,12.449999809265137,12.819999694824219,12.449999809265137,12.789999961853027,6500,0.0,0.0
2019-03-29 00:00:00-04:00,12.789999961853027,12.84000015258789,12.079999923706055,12.359999656677246,47800,0.0,0.0
2019-04-01 00:00:00-04:00,12.529999732971191,12.6899995803833,12.420000076293945,12.579999923706055,10000,0.0,0.0
2019-04-02 00:00:00-04:00,12.649999618530273,12.649999618530273,12.350000381469727,12.569999694824219,5200,0.0,0.0
2019-04-03 00:00:00-04:00,12.649999618530273,12.649999618530273,12.470000267028809,12.630000114440918,4900,0.0,0.0
2019-04-04 00:00:00-04:00,12.369999885559082,12.680000305175781,12.369999885559082,12.680000305175781,3300,0.0,0.0
2019-04-05 00:00:00-04:00,12.430000305175781,12.670000076293945,12.359999656677246,12.670000076293945,45900,0.0,0.0
2019-04-08 00:00:00-04:00,12.5600004196167,12.5600004196167,11.9399995803833,12.390000343322754,51100,0.0,0.0
2019-04-09 00:00:00-04:00,12.399999618530273,12.399999618530273,12.0,12.109999656677246,27500,0.0,0.0
2019-04-10 00:00:00-04:00,12.399999618530273,12.550000190734863,12.279999732971191,12.479999542236328,24600,0.0,0.0
2019-04-11 00:00:00-04:00,12.380000114440918,12.539999961853027,12.380000114440918,12.380000114440918,2800,0.0,0.0
2019-04-12 00:00:00-04:00,12.600000381469727,12.600000381469727,12.34000015258789,12.489999771118164,5000,0.0,0.0
2019-04-15 00:00:00-04:00,12.489999771118164,12.600000381469727,12.1899995803833,12.420000076293945,9700,0.0,0.0
2019-04-16 00:00:00-04:00,12.710000038146973,12.710000038146973,12.600000381469727,12.600000381469727,3900,0.0,0.0
2019-04-17 00:00:00-04:00,12.600000381469727,12.779999732971191,12.5,12.520000457763672,4000,0.0,0.0
2019-04-18 00:00:00-04:00,12.449999809265137,12.649999618530273,12.270000457763672,12.649999618530273,7900,0.0,0.0
2019-04-22 00:00:00-04:00,12.5600004196167,12.670000076293945,12.5600004196167,12.600000381469727,3900,0.0,0.0
2019-04-23 00:00:00-04:00,12.59000015258789,12.609999656677246,12.279999732971191,12.520000457763672,5500,0.0,0.0
2019-04-24 00:00:00-04:00,12.520000457763672,12.630000114440918,12.25,12.3100004196167,4600,0.0,0.0
2019-04-25 00:00:00-04:00,12.430000305175781,12.489999771118164,11.770000457763672,11.859999656677246,8400,0.0,0.0
2019-04-26 00:00:00-04:00,12.390000343322754,12.390000343322754,12.09000015258789,12.180000305175781,2500,0.0,0.0
2019-04-29 00:00:00-04:00,12.210000038146973,12.329999923706055,11.869999885559082,12.329999923706055,2900,0.0,0.0
2019-04-30 00:00:00-04:00,12.15999984741211,12.1899995803833,12.0,12.069999694824219,20700,0.0,0.0
2019-05-01 00:00:00-04:00,12.140000343322754,12.140000343322754,11.770000457763672,11.850000381469727,10500,0.0,0.0
2019-05-02 00:00:00-04:00,11.850000381469727,12.0,11.75,11.75,3400,0.0,0.0
2019-05-03 00:00:00-04:00,12.600000381469727,13.0,12.600000381469727,12.970000267028809,19700,0.0,0.0
2019-05-06 00:00:00-04:00,13.0,13.0,12.75,12.770000457763672,8800,0.0,0.0
2019-05-07 00:00:00-04:00,12.800000190734863,12.890000343322754,12.350000381469727,12.350000381469727,16400,0.0,0.0
2019-05-08 00:00:00-04:00,12.300000190734863,12.539999961853027,12.289999961853027,12.5,9900,0.0,0.0
2019-05-09 00:00:00-04:00,12.729999542236328,12.779999732971191,12.5,12.550000190734863,7900,0.0,0.0
2019-05-10 00:00:00-04:00,12.569999694824219,12.65999984741211,12.130000114440918,12.319999694824219,21400,0.0,0.0
2019-05-13 00:00:00-04:00,12.020000457763672,12.40999984741211,12.020000457763672,12.050000190734863,17200,0.0,0.0
2019-05-14 00:00:00-04:00,12.050000190734863,12.239999771118164,12.0,12.1899995803833,11500,0.0,0.0
2019-05-15 00:00:00-04:00,12.0,12.479999542236328,11.760000228881836,11.949999809265137,32300,0.0,0.0
2019-05-16 00:00:00-04:00,11.869999885559082,11.949999809265137,11.729999542236328,11.729999542236328,12400,0.0,0.0
2019-05-17 00:00:00-04:00,11.6899995803833,11.819999694824219,11.569999694824219,11.569999694824219,24700,0.0,0.0
2019-05-20 00:00:00-04:00,12.010000228881836,12.130000114440918,11.569999694824219,11.770000457763672,11500,0.0,0.0
2019-05-21 00:00:00-04:00,11.789999961853027,12.069999694824219,11.710000038146973,12.069999694824219,25600,0.0,0.0
2019-05-22 00:00:00-04:00,11.979999542236328,12.100000381469727,11.829999923706055,11.829999923706055,17000,0.0,0.0
2019-05-23 00:00:00-04:00,11.819999694824219,12.0,11.640000343322754,11.8100004196167,7500,0.0,0.0
2019-05-24 00:00:00-04:00,11.829999923706055,11.960000038146973,11.710000038146973,11.899999618530273,7500,0.0,0.0
2019-05-28 00:00:00-04:00,11.890000343322754,12.65999984741211,11.300000190734863,11.359999656677246,43600,0.0,0.0
2019-05-29 00:00:00-04:00,11.25,11.539999961853027,11.010000228881836,11.010000228881836,13200,0.0,0.0
2019-05-30 00:00:00-04:00,11.119999885559082,11.420000076293945,10.949999809265137,10.960000038146973,12600,0.0,0.0
2019-05-31 00:00:00-04:00,11.0,11.170000076293945,11.0,11.079999923706055,8900,0.0,0.0
2019-06-03 00:00:00-04:00,11.180000305175781,11.699999809265137,10.90999984741211,11.100000381469727,10200,0.0,0.0
2019-06-04 00:00:00-04:00,11.170000076293945,11.529999732971191,11.170000076293945,11.470000267028809,9900,0.0,0.0
2019-06-05 00:00:00-04:00,11.449999809265137,11.5,11.140000343322754,11.380000114440918,13100,0.0,0.0
2019-06-06 00:00:00-04:00,11.949999809265137,11.949999809265137,11.40999984741211,11.510000228881836,6200,0.0,0.0
2019-06-07 00:00:00-04:00,11.579999923706055,11.949999809265137,11.489999771118164,11.800000190734863,114300,0.0,0.0
2019-06-10 00:00:00-04:00,11.800000190734863,12.699999809265137,11.800000190734863,12.25,11700,0.0,0.0
2019-06-11 00:00:00-04:00,12.449999809265137,12.65999984741211,11.930000305175781,11.970000267028809,11300,0.0,0.0
2019-06-12 00:00:00-04:00,12.100000381469727,12.5600004196167,12.050000190734863,12.359999656677246,13000,0.0,0.0
2019-06-13 00:00:00-04:00,12.369999885559082,12.720000267028809,12.369999885559082,12.59000015258789,13300,0.0,0.0
2019-06-14 00:00:00-04:00,12.569999694824219,12.6899995803833,12.119999885559082,12.399999618530273,6300,0.0,0.0
2019-06-17 00:00:00-04:00,12.609999656677246,12.609999656677246,12.25,12.479999542236328,4900,0.0,0.0
2019-06-18 00:00:00-04:00,12.579999923706055,12.680000305175781,12.25,12.550000190734863,3700,0.0,0.0
2019-06-19 00:00:00-04:00,12.239999771118164,12.649999618530273,12.239999771118164,12.619999885559082,4000,0.0,0.0
2019-06-20 00:00:00-04:00,12.75,12.869999885559082,12.489999771118164,12.789999961853027,3100,0.0,0.0
2019-06-21 00:00:00-04:00,12.630000114440918,12.960000038146973,12.600000381469727,12.960000038146973,32000,0.0,0.0
2019-06-24 00:00:00-04:00,12.829999923706055,12.829999923706055,12.520000457763672,12.569999694824219,7800,0.0,0.0
2019-06-25 00:00:00-04:00,12.609999656677246,12.899999618530273,12.350000381469727,12.399999618530273,5500,0.0,0.0
2019-06-26 00:00:00-04:00,12.40999984741211,12.600000381469727,12.210000038146973,12.460000038146973,7200,0.0,0.0
2019-06-27 00:00:00-04:00,12.489999771118164,12.609999656677246,12.399999618530273,12.609999656677246,11600,0.0,0.0
2019-06-28 00:00:00-04:00,12.5,13.0,12.430000305175781,13.0,68800,0.0,0.0
2019-07-01 00:00:00-04:00,13.069999694824219,13.130000114440918,12.75,13.130000114440918,11200,0.0,0.0
2019-07-02 00:00:00-04:00,12.449999809265137,13.130000114440918,12.449999809265137,13.0,7400,0.0,0.0
2019-07-03 00:00:00-04:00,13.279999732971191,13.329999923706055,13.010000228881836,13.020000457763672,6700,0.0,0.0
2019-07-05 00:00:00-04:00,12.949999809265137,13.3100004196167,12.1899995803833,13.210000038146973,3300,0.0,0.0
2019-07-08 00:00:00-04:00,13.279999732971191,13.279999732971191,12.729999542236328,13.15999984741211,7900,0.0,0.0
2019-07-09 00:00:00-04:00,13.109999656677246,13.3100004196167,12.880000114440918,12.890000343322754,5000,0.0,0.0
2019-07-10 00:00:00-04:00,13.220000267028809,13.329999923706055,13.100000381469727,13.289999961853027,11500,0.0,0.0
2019-07-11 00:00:00-04:00,13.3100004196167,13.319999694824219,12.930000305175781,13.079999923706055,20900,0.0,0.0
2019-07-12 00:00:00-04:00,13.100000381469727,13.329999923706055,12.829999923706055,12.949999809265137,9900,0.0,0.0
2019-07-15 00:00:00-04:00,13.039999961853027,13.039999961853027,12.8100004196167,12.970000267028809,8500,0.0,0.0
2019-07-16 00:00:00-04:00,13.010000228881836,13.020000457763672,12.920000076293945,13.020000457763672,6600,0.0,0.0
2019-07-17 00:00:00-04:00,13.319999694824219,13.319999694824219,12.899999618530273,12.90999984741211,6800,0.0,0.0
2019-07-18 00:00:00-04:00,12.960000038146973,13.069999694824219,12.800000190734863,12.90999984741211,7300,0.0,0.0
2019-07-19 00:00:00-04:00,12.850000381469727,13.100000381469727,12.8100004196167,12.8100004196167,5700,0.0,0.0
2019-07-22 00:00:00-04:00,12.8100004196167,12.8100004196167,12.550000190734863,12.630000114440918,12900,0.0,0.0
2019-07-23 00:00:00-04:00,12.649999618530273,12.960000038146973,12.59000015258789,12.960000038146973,7600,0.0,0.0
2019-07-24 00:00:00-04:00,13.289999961853027,13.289999961853027,13.119999885559082,13.119999885559082,8300,0.0,0.0
2019-07-25 00:00:00-04:00,12.779999732971191,13.239999771118164,12.779999732971191,13.079999923706055,3500,0.0,0.0
2019-07-26 00:00:00-04:00,13.199999809265137,13.199999809265137,12.979999542236328,12.979999542236328,9700,0.0,0.0
2019-07-29 00:00:00-04:00,12.9399995803833,13.289999961853027,12.890000343322754,12.920000076293945,6700,0.0,0.0
2019-07-30 00:00:00-04:00,13.09000015258789,13.479999542236328,13.029999732971191,13.300000190734863,9500,0.0,0.0
2019-07-31 00:00:00-04:00,13.399999618530273,13.5,12.75,12.760000228881836,18700,0.0,0.0
2019-08-01 00:00:00-04:00,12.890000343322754,13.229999542236328,12.789999961853027,12.970000267028809,11600,0.0,0.0
2019-08-02 00:00:00-04:00,12.489999771118164,12.489999771118164,12.020000457763672,12.25,15600,0.0,0.0
2019-08-05 00:00:00-04:00,12.15999984741211,12.430000305175781,12.050000190734863,12.170000076293945,21800,0.0,0.0
2019-08-06 00:00:00-04:00,12.1899995803833,12.270000457763672,12.0,12.15999984741211,9100,0.0,0.0
2019-08-07 00:00:00-04:00,12.109999656677246,12.180000305175781,11.960000038146973,12.0,5500,0.0,0.0
2019-08-08 00:00:00-04:00,12.0600004196167,12.239999771118164,11.979999542236328,12.010000228881836,9300,0.0,0.0
2019-08-09 00:00:00-04:00,12.069999694824219,12.069999694824219,11.770000457763672,11.779999732971191,6200,0.0,0.0
2019-08-12 00:00:00-04:00,11.65999984741211,11.729999542236328,11.510000228881836,11.510000228881836,8500,0.0,0.0
2019-08-13 00:00:00-04:00,11.270000457763672,12.09000015258789,11.270000457763672,12.029999732971191,9200,0.0,0.0
2019-08-14 00:00:00-04:00,11.800000190734863,11.800000190734863,11.3100004196167,11.430000305175781,14400,0.0,0.0
2019-08-15 00:00:00-04:00,11.630000114440918,11.630000114440918,11.300000190734863,11.550000190734863,12200,0.0,0.0
2019-08-16 00:00:00-04:00,11.630000114440918,11.729999542236328,11.350000381469727,11.619999885559082,10400,0.0,0.0
2019-08-19 00:00:00-04:00,11.699999809265137,11.710000038146973,11.40999984741211,11.550000190734863,3700,0.0,0.0
2019-08-20 00:00:00-04:00,11.319999694824219,11.579999923706055,11.25,11.420000076293945,7800,0.0,0.0
2019-08-21 00:00:00-04:00,11.359999656677246,11.529999732971191,11.260000228881836,11.359999656677246,6500,0.0,0.0
2019-08-22 00:00:00-04:00,11.5,11.5,11.229999542236328,11.300000190734863,8100,0.0,0.0
2019-08-23 00:00:00-04:00,11.4399995803833,11.4399995803833,10.75,10.75,12700,0.0,0.0
2019-08-26 00:00:00-04:00,10.960000038146973,11.1899995803833,10.880000114440918,11.1899995803833,8500,0.0,0.0
2019-08-27 00:00:00-04:00,11.199999809265137,11.199999809265137,10.949999809265137,10.949999809265137,8100,0.0,0.0
2019-08-28 00:00:00-04:00,10.989999771118164,11.180000305175781,10.989999771118164,11.170000076293945,7500,0.0,0.0
2019-08-29 00:00:00-04:00,11.210000038146973,11.380000114440918,11.109999656677246,11.229999542236328,13200,0.0,0.0
2019-08-30 00:00:00-04:00,11.4399995803833,11.4399995803833,11.350000381469727,11.4399995803833,3000,0.0,0.0
2019-09-03 00:00:00-04:00,11.34000015258789,11.449999809265137,10.8100004196167,10.84000015258789,7500,0.0,0.0
2019-09-04 00:00:00-04:00,11.020000457763672,11.039999961853027,10.84000015258789,10.920000076293945,9700,0.0,0.0
2019-09-05 00:00:00-04:00,10.949999809265137,11.279999732971191,10.850000381469727,11.279999732971191,10000,0.0,0.0
2019-09-06 00:00:00-04:00,11.1899995803833,11.390000343322754,11.079999923706055,11.239999771118164,4900,0.0,0.0
2019-09-09 00:00:00-04:00,11.260000228881836,11.430000305175781,11.260000228881836,11.399999618530273,7300,0.0,0.0
2019-09-10 00:00:00-04:00,11.390000343322754,12.420000076293945,11.270000457763672,11.850000381469727,12400,0.0,0.0
2019-09-11 00:00:00-04:00,12.0,12.470000267028809,11.859999656677246,12.270000457763672,11000,0.0,0.0
2019-09-12 00:00:00-04:00,12.260000228881836,12.270000457763672,11.949999809265137,12.270000457763672,4200,0.0,0.0
2019-09-13 00:00:00-04:00,12.300000190734863,12.649999618530273,12.199999809265137,12.40999984741211,6800,0.0,0.0
2019-09-16 00:00:00-04:00,12.460000038146973,12.550000190734863,12.15999984741211,12.199999809265137,15600,0.0,0.0
2019-09-17 00:00:00-04:00,12.4399995803833,12.4399995803833,12.220000267028809,12.25,3500,0.0,0.0
2019-09-18 00:00:00-04:00,12.329999923706055,12.710000038146973,12.270000457763672,12.399999618530273,10500,0.0,0.0
2019-09-19 00:00:00-04:00,12.510000228881836,12.510000228881836,11.640000343322754,11.770000457763672,13000,0.0,0.0
2019-09-20 00:00:00-04:00,11.760000228881836,11.760000228881836,11.4399995803833,11.649999618530273,45300,0.0,0.0
2019-09-23 00:00:00-04:00,11.899999618530273,11.899999618530273,11.25,11.260000228881836,10400,0.0,0.0
2019-09-24 00:00:00-04:00,11.359999656677246,11.510000228881836,11.079999923706055,11.079999923706055,30200,0.0,0.0
2019-09-25 00:00:00-04:00,11.09000015258789,11.420000076293945,11.09000015258789,11.220000267028809,6700,0.0,0.0
2019-09-26 00:00:00-04:00,11.140000343322754,11.40999984741211,11.140000343322754,11.34000015258789,15500,0.0,0.0
2019-09-27 00:00:00-04:00,11.5,11.579999923706055,11.34000015258789,11.34000015258789,16200,0.0,0.0
2019-09-30 00:00:00-04:00,11.680000305175781,11.710000038146973,11.369999885559082,11.609999656677246,7400,0.0,0.0
2019-10-01 00:00:00-04:00,11.569999694824219,11.569999694824219,11.279999732971191,11.34000015258789,7300,0.0,0.0
2019-10-02 00:00:00-04:00,11.260000228881836,11.289999961853027,11.0600004196167,11.09000015258789,7800,0.0,0.0
2019-10-03 00:00:00-04:00,11.260000228881836,11.260000228881836,10.960000038146973,11.039999961853027,3100,0.0,0.0
2019-10-04 00:00:00-04:00,11.149999618530273,11.149999618530273,10.850000381469727,10.970000267028809,6300,0.0,0.0
2019-10-07 00:00:00-04:00,10.949999809265137,10.949999809265137,10.829999923706055,10.869999885559082,15200,0.0,0.0
2019-10-08 00:00:00-04:00,10.800000190734863,10.920000076293945,10.649999618530273,10.819999694824219,13500,0.0,0.0
2019-10-09 00:00:00-04:00,10.710000038146973,11.130000114440918,10.649999618530273,10.670000076293945,5800,0.0,0.0
2019-10-10 00:00:00-04:00,10.680000305175781,10.8100004196167,10.680000305175781,10.75,4300,0.0,0.0
2019-10-11 00:00:00-04:00,10.9399995803833,11.350000381469727,10.9399995803833,11.260000228881836,7700,0.0,0.0
2019-10-14 00:00:00-04:00,10.890000343322754,11.1899995803833,10.680000305175781,10.770000457763672,11100,0.0,0.0
2019-10-15 00:00:00-04:00,10.710000038146973,10.760000228881836,10.510000228881836,10.760000228881836,33000,0.0,0.0
2019-10-16 00:00:00-04:00,11.300000190734863,11.300000190734863,10.800000190734863,10.979999542236328,6300,0.0,0.0
2019-10-17 00:00:00-04:00,10.779999732971191,10.8100004196167,10.630000114440918,10.760000228881836,11500,0.0,0.0
2019-10-18 00:00:00-04:00,10.670000076293945,11.100000381469727,10.670000076293945,11.079999923706055,7100,0.0,0.0
2019-10-21 00:00:00-04:00,11.15999984741211,11.619999885559082,11.15999984741211,11.619999885559082,5500,0.0,0.0
2019-10-22 00:00:00-04:00,11.569999694824219,11.829999923706055,11.569999694824219,11.770000457763672,3300,0.0,0.0
2019-10-23 00:00:00-04:00,11.65999984741211,11.920000076293945,11.65999984741211,11.890000343322754,21700,0.0,0.0
2019-10-24 00:00:00-04:00,11.9399995803833,12.079999923706055,11.9399995803833,12.079999923706055,26900,0.0,0.0
2019-10-25 00:00:00-04:00,12.020000457763672,12.399999618530273,12.020000457763672,12.15999984741211,5900,0.0,0.0
2019-10-28 00:00:00-04:00,12.229999542236328,12.5600004196167,12.229999542236328,12.520000457763672,6800,0.0,0.0
2019-10-29 00:00:00-04:00,11.899999618530273,12.539999961853027,11.899999618530273,12.40999984741211,6500,0.0,0.0
2019-10-30 00:00:00-04:00,12.5600004196167,12.5600004196167,12.399999618530273,12.5600004196167,6500,0.0,0.0
2019-10-31 00:00:00-04:00,12.380000114440918,12.510000228881836,12.319999694824219,12.5,6600,0.0,0.0
2019-11-01 00:00:00-04:00,12.529999732971191,12.8100004196167,12.529999732971191,12.8100004196167,8900,0.0,0.0
2019-11-04 00:00:00-05:00,12.75,12.890000343322754,12.649999618530273,12.739999771118164,24700,0.0,0.0
2019-11-05 00:00:00-05:00,12.75,12.850000381469727,12.710000038146973,12.800000190734863,18900,0.0,0.0
2019-11-06 00:00:00-05:00,12.789999961853027,12.869999885559082,12.520000457763672,12.520000457763672,33700,0.0,0.0
2019-11-07 00:00:00-05:00,12.550000190734863,12.680000305175781,11.989999771118164,12.489999771118164,23300,0.0,0.0
2019-11-08 00:00:00-05:00,12.470000267028809,12.720000267028809,12.470000267028809,12.710000038146973,9200,0.0,0.0
2019-11-11 00:00:00-05:00,12.710000038146973,12.789999961853027,12.5600004196167,12.630000114440918,16900,0.0,0.0
2019-11-12 00:00:00-05:00,12.779999732971191,12.800000190734863,12.470000267028809,12.529999732971191,5400,0.0,0.0
2019-11-13 00:00:00-05:00,12.479999542236328,12.550000190734863,11.970000267028809,12.420000076293945,14000,0.0,0.0
2019-11-14 00:00:00-05:00,12.350000381469727,12.550000190734863,12.350000381469727,12.449999809265137,4500,0.0,0.0
2019-11-15 00:00:00-05:00,12.539999961853027,12.579999923706055,12.390000343322754,12.479999542236328,12800,0.0,0.0
2019-11-18 00:00:00-05:00,12.350000381469727,12.579999923706055,12.350000381469727,12.40999984741211,3800,0.0,0.0
2019-11-19 00:00:00-05:00,12.350000381469727,12.710000038146973,12.34000015258789,12.600000381469727,7000,0.0,0.0
2019-11-20 00:00:00-05:00,12.5,12.720000267028809,12.470000267028809,12.470000267028809,16100,0.0,0.0
2019-11-21 00:00:00-05:00,12.550000190734863,12.550000190734863,12.3100004196167,12.329999923706055,9200,0.0,0.0
2019-11-22 00:00:00-05:00,12.319999694824219,12.40999984741211,12.229999542236328,12.40999984741211,3400,0.0,0.0
2019-11-25 00:00:00-05:00,12.300000190734863,12.779999732971191,12.300000190734863,12.65999984741211,9600,0.0,0.0
2019-11-26 00:00:00-05:00,12.550000190734863,12.579999923706055,12.470000267028809,12.579999923706055,4200,0.0,0.0
2019-11-27 00:00:00-05:00,12.550000190734863,12.649999618530273,12.550000190734863,12.630000114440918,3400,0.0,0.0
2019-11-29 00:00:00-05:00,12.550000190734863,12.609999656677246,12.550000190734863,12.550000190734863,4700,0.0,0.0
2019-12-02 00:00:00-05:00,12.449999809265137,12.539999961853027,12.4399995803833,12.489999771118164,7800,0.0,0.0
2019-12-03 00:00:00-05:00,12.369999885559082,12.390000343322754,12.020000457763672,12.239999771118164,8300,0.0,0.0
2019-12-04 00:00:00-05:00,12.399999618530273,12.5,12.369999885559082,12.420000076293945,5700,0.0,0.0
2019-12-05 00:00:00-05:00,12.430000305175781,12.5,12.420000076293945,12.4399995803833,4000,0.0,0.0
2019-12-06 00:00:00-05:00,12.5,12.670000076293945,12.210000038146973,12.300000190734863,19500,0.0,0.0
2019-12-09 00:00:00-05:00,12.460000038146973,12.649999618530273,12.300000190734863,12.529999732971191,7500,0.0,0.0
2019-12-10 00:00:00-05:00,12.319999694824219,12.5,12.300000190734863,12.470000267028809,8700,0.0,0.0
2019-12-11 00:00:00-05:00,12.0,12.680000305175781,12.0,12.680000305175781,18100,0.0,0.0
2019-12-12 00:00:00-05:00,12.149999618530273,12.680000305175781,12.149999618530273,12.5,14900,0.0,0.0
2019-12-13 00:00:00-05:00,12.350000381469727,12.550000190734863,11.670000076293945,12.550000190734863,46100,0.0,0.0
2019-12-16 00:00:00-05:00,12.600000381469727,12.600000381469727,12.029999732971191,12.229999542236328,32400,0.0,0.0
2019-12-17 00:00:00-05:00,12.380000114440918,12.380000114440918,12.170000076293945,12.270000457763672,15200,0.0,0.0
2019-12-18 00:00:00-05:00,12.3100004196167,12.460000038146973,12.180000305175781,12.25,14100,0.0,0.0
2019-12-19 00:00:00-05:00,12.25,12.4399995803833,12.1899995803833,12.359999656677246,16100,0.0,0.0
2019-12-20 00:00:00-05:00,12.380000114440918,12.430000305175781,11.699999809265137,12.210000038146973,82600,0.0,0.0
2019-12-23 00:00:00-05:00,12.270000457763672,12.289999961853027,11.710000038146973,11.819999694824219,49600,0.0,0.0
2019-12-24 00:00:00-05:00,11.670000076293945,11.899999618530273,11.4399995803833,11.829999923706055,23400,0.0,0.0
2019-12-26 00:00:00-05:00,11.890000343322754,11.890000343322754,11.670000076293945,11.699999809265137,18100,0.0,0.0
2019-12-27 00:00:00-05:00,11.680000305175781,11.800000190734863,11.619999885559082,11.789999961853027,23100,0.0,0.0
2019-12-30 00:00:00-05:00,11.739999771118164,11.739999771118164,11.539999961853027,11.6899995803833,20000,0.0,0.0
2019-12-31 00:00:00-05:00,11.649999618530273,11.770000457763672,11.600000381469727,11.670000076293945,12300,0.0,0.0
2020-01-02 00:00:00-05:00,11.760000228881836,11.760000228881836,11.550000190734863,11.619999885559082,10100,0.0,0.0
2020-01-03 00:00:00-05:00,11.619999885559082,11.619999885559082,11.329999923706055,11.470000267028809,9500,0.0,0.0
2020-01-06 00:00:00-05:00,11.489999771118164,11.59000015258789,11.40999984741211,11.479999542236328,14000,0.0,0.0
2020-01-07 00:00:00-05:00,11.449999809265137,11.449999809265137,11.25,11.329999923706055,9600,0.0,0.0
2020-01-08 00:00:00-05:00,11.399999618530273,11.399999618530273,11.170000076293945,11.210000038146973,14600,0.0,0.0
2020-01-09 00:00:00-05:00,11.210000038146973,11.34000015258789,11.210000038146973,11.289999961853027,14300,0.0,0.0
2020-01-10 00:00:00-05:00,11.210000038146973,11.279999732971191,11.140000343322754,11.170000076293945,11700,0.0,0.0
2020-01-13 00:00:00-05:00,11.260000228881836,11.270000457763672,11.170000076293945,11.199999809265137,11800,0.0,0.0
2020-01-14 00:00:00-05:00,11.229999542236328,11.229999542236328,11.0,11.020000457763672,16400,0.0,0.0
2020-01-15 00:00:00-05:00,11.09000015258789,11.40999984741211,11.0600004196167,11.289999961853027,9600,0.0,0.0
2020-01-16 00:00:00-05:00,11.520000457763672,11.579999923706055,11.180000305175781,11.180000305175781,11300,0.0,0.0
2020-01-17 00:00:00-05:00,11.34000015258789,11.640000343322754,11.130000114440918,11.130000114440918,24500,0.0,0.0
2020-01-21 00:00:00-05:00,11.300000190734863,11.84000015258789,11.010000228881836,11.010000228881836,32500,0.0,0.0
2020-01-22 00:00:00-05:00,11.130000114440918,11.130000114440918,10.960000038146973,11.0,5700,0.0,0.0
2020-01-23 00:00:00-05:00,11.0,11.100000381469727,11.0,11.029999732971191,14600,0.0,0.0
2020-01-24 00:00:00-05:00,11.149999618530273,11.649999618530273,10.960000038146973,11.010000228881836,26100,0.0,0.0
2020-01-27 00:00:00-05:00,10.869999885559082,11.0,10.8100004196167,10.880000114440918,13500,0.0,0.0
2020-01-28 00:00:00-05:00,10.970000267028809,10.970000267028809,10.800000190734863,10.920000076293945,12100,0.0,0.0
2020-01-29 00:00:00-05:00,11.0600004196167,11.069999694824219,10.65999984741211,10.819999694824219,11000,0.0,0.0
2020-01-30 00:00:00-05:00,10.859999656677246,10.949999809265137,10.729999542236328,10.949999809265137,9300,0.0,0.0
2020-01-31 00:00:00-05:00,11.260000228881836,11.600000381469727,11.210000038146973,11.210000038146973,18500,0.0,0.0
2020-02-03 00:00:00-05:00,11.369999885559082,11.569999694824219,11.369999885559082,11.569999694824219,5100,0.0,0.0
2020-02-04 00:00:00-05:00,11.989999771118164,11.989999771118164,11.75,11.869999885559082,5700,0.0,0.0
2020-02-05 00:00:00-05:00,11.880000114440918,12.130000114440918,11.609999656677246,12.130000114440918,11100,0.0,0.0
2020-02-06 00:00:00-05:00,12.0,12.369999885559082,12.0,12.210000038146973,12500,0.0,0.0
2020-02-07 00:00:00-05:00,12.140000343322754,12.170000076293945,11.8100004196167,11.90999984741211,10000,0.0,0.0
2020-02-10 00:00:00-05:00,11.8100004196167,11.989999771118164,11.789999961853027,11.989999771118164,5100,0.0,0.0
2020-02-11 00:00:00-05:00,12.079999923706055,12.109999656677246,11.9399995803833,12.050000190734863,2600,0.0,0.0
2020-02-12 00:00:00-05:00,12.029999732971191,12.210000038146973,12.010000228881836,12.210000038146973,11500,0.0,0.0
2020-02-13 00:00:00-05:00,12.09000015258789,12.15999984741211,12.079999923706055,12.15999984741211,6100,0.0,0.0
2020-02-14 00:00:00-05:00,11.989999771118164,12.050000190734863,11.930000305175781,11.9399995803833,13500,0.0,0.0
2020-02-18 00:00:00-05:00,11.75,11.949999809265137,11.729999542236328,11.949999809265137,4200,0.0,0.0
2020-02-19 00:00:00-05:00,12.079999923706055,12.140000343322754,11.8100004196167,11.8100004196167,16500,0.0,0.0
2020-02-20 00:00:00-05:00,11.890000343322754,11.960000038146973,11.630000114440918,11.6899995803833,7800,0.0,0.0
2020-02-21 00:00:00-05:00,11.649999618530273,11.65999984741211,11.390000343322754,11.460000038146973,16000,0.0,0.0
2020-02-24 00:00:00-05:00,11.199999809265137,11.199999809265137,10.739999771118164,10.789999961853027,30800,0.0,0.0
2020-02-25 00:00:00-05:00,10.789999961853027,10.890000343322754,9.960000038146973,10.0,114900,0.0,0.0
2020-02-26 00:00:00-05:00,10.0,10.300000190734863,10.0,10.09000015258789,33800,0.0,0.0
2020-02-27 00:00:00-05:00,9.949999809265137,10.199999809265137,9.899999618530273,9.899999618530273,22900,0.0,0.0
2020-02-28 00:00:00-05:00,9.899999618530273,10.829999923706055,9.800000190734863,10.050000190734863,36100,0.0,0.0
2020-03-02 00:00:00-05:00,10.130000114440918,10.59000015258789,9.710000038146973,10.300000190734863,21900,0.0,0.0
2020-03-03 00:00:00-05:00,10.350000381469727,10.350000381469727,9.920000076293945,10.039999961853027,10800,0.0,0.0
2020-03-04 00:00:00-05:00,10.0600004196167,10.489999771118164,9.970000267028809,10.270000457763672,13300,0.0,0.0
2020-03-05 00:00:00-05:00,10.09000015258789,10.09000015258789,9.65999984741211,9.8100004196167,28300,0.0,0.0
2020-03-06 00:00:00-05:00,9.84000015258789,10.34000015258789,9.699999809265137,10.34000015258789,19800,0.0,0.0
2020-03-09 00:00:00-04:00,9.960000038146973,10.390000343322754,9.800000190734863,10.039999961853027,24600,0.0,0.0
2020-03-10 00:00:00-04:00,10.25,10.390000343322754,9.819999694824219,10.050000190734863,21000,0.0,0.0
2020-03-11 00:00:00-04:00,9.899999618530273,10.75,9.899999618530273,10.270000457763672,47600,0.0,0.0
2020-03-12 00:00:00-04:00,9.90999984741211,10.0,9.600000381469727,9.65999984741211,33100,0.0,0.0
2020-03-13 00:00:00-04:00,9.800000190734863,10.3100004196167,9.65999984741211,10.300000190734863,30200,0.0,0.0
2020-03-16 00:00:00-04:00,9.670000076293945,9.989999771118164,9.380000114440918,9.680000305175781,30900,0.0,0.0
2020-03-17 00:00:00-04:00,9.829999923706055,10.6899995803833,9.710000038146973,10.6899995803833,53700,0.0,0.0
2020-03-18 00:00:00-04:00,10.489999771118164,10.489999771118164,9.59000015258789,9.59000015258789,32600,0.0,0.0
2020-03-19 00:00:00-04:00,9.5600004196167,10.510000228881836,9.5600004196167,10.069999694824219,34500,0.0,0.0
2020-03-20 00:00:00-04:00,10.100000381469727,10.239999771118164,9.449999809265137,9.520000457763672,53900,0.0,0.0
2020-03-23 00:00:00-04:00,9.829999923706055,9.829999923706055,9.390000343322754,9.520000457763672,20100,0.0,0.0
2020-03-24 00:00:00-04:00,9.970000267028809,10.050000190734863,9.5600004196167,9.8100004196167,26200,0.0,0.0
2020-03-25 00:00:00-04:00,9.640000343322754,9.829999923706055,9.449999809265137,9.829999923706055,30200,0.0,0.0
2020-03-26 00:00:00-04:00,9.949999809265137,10.3100004196167,9.789999961853027,10.180000305175781,60400,0.0,0.0
2020-03-27 00:00:00-04:00,9.90999984741211,9.90999984741211,9.390000343322754,9.59000015258789,32300,0.0,0.0
2020-03-30 00:00:00-04:00,9.930000305175781,10.149999618530273,9.729999542236328,10.149999618530273,31300,0.0,0.0
2020-03-31 00:00:00-04:00,10.180000305175781,10.869999885559082,9.920000076293945,10.5,71900,0.0,0.0
2020-04-01 00:00:00-04:00,10.300000190734863,10.319999694824219,10.100000381469727,10.100000381469727,40000,0.0,0.0
2020-04-02 00:00:00-04:00,10.229999542236328,10.520000457763672,9.829999923706055,10.34000015258789,59400,0.0,0.0
2020-04-03 00:00:00-04:00,10.34000015258789,10.430000305175781,10.130000114440918,10.229999542236328,24900,0.0,0.0
2020-04-06 00:00:00-04:00,10.300000190734863,10.729999542236328,10.270000457763672,10.399999618530273,44200,0.0,0.0
2020-04-07 00:00:00-04:00,10.600000381469727,10.65999984741211,10.270000457763672,10.430000305175781,55900,0.0,0.0
2020-04-08 00:00:00-04:00,10.470000267028809,10.789999961853027,10.220000267028809,10.640000343322754,38600,0.0,0.0
2020-04-09 00:00:00-04:00,10.680000305175781,11.0,10.609999656677246,10.729999542236328,52800,0.0,0.0
2020-04-13 00:00:00-04:00,10.59000015258789,10.729999542236328,10.279999732971191,10.680000305175781,28600,0.0,0.0
2020-04-14 00:00:00-04:00,10.84000015258789,10.850000381469727,10.699999809265137,10.720000267028809,60100,0.0,0.0
2020-04-15 00:00:00-04:00,10.550000190734863,10.729999542236328,10.0,10.5600004196167,35900,0.0,0.0
2020-04-16 00:00:00-04:00,10.529999732971191,10.649999618530273,10.069999694824219,10.380000114440918,34700,0.0,0.0
2020-04-17 00:00:00-04:00,10.569999694824219,10.880000114440918,10.449999809265137,10.789999961853027,31600,0.0,0.0
2020-04-20 00:00:00-04:00,10.720000267028809,10.779999732971191,10.329999923706055,10.4399995803833,19300,0.0,0.0
2020-04-21 00:00:00-04:00,10.260000228881836,10.619999885559082,10.25,10.470000267028809,22900,0.0,0.0
2020-04-22 00:00:00-04:00,10.420000076293945,10.600000381469727,10.390000343322754,10.5600004196167,13800,0.0,0.0
2020-04-23 00:00:00-04:00,10.539999961853027,11.039999961853027,10.539999961853027,10.75,24300,0.0,0.0
2020-04-24 00:00:00-04:00,10.729999542236328,10.960000038146973,10.710000038146973,10.869999885559082,10800,0.0,0.0
2020-04-27 00:00:00-04:00,10.869999885559082,11.59000015258789,10.829999923706055,11.329999923706055,37700,0.0,0.0
2020-04-28 00:00:00-04:00,11.630000114440918,11.779999732971191,11.029999732971191,11.390000343322754,28200,0.0,0.0
2020-04-29 00:00:00-04:00,11.859999656677246,12.399999618530273,11.760000228881836,12.300000190734863,42100,0.0,0.0
2020-04-30 00:00:00-04:00,12.3100004196167,12.390000343322754,11.8100004196167,12.119999885559082,29800,0.0,0.0
2020-05-01 00:00:00-04:00,12.260000228881836,12.300000190734863,11.40999984741211,11.819999694824219,22600,0.0,0.0
2020-05-04 00:00:00-04:00,11.489999771118164,11.859999656677246,11.260000228881836,11.569999694824219,16700,0.0,0.0
2020-05-05 00:00:00-04:00,11.65999984741211,11.899999618530273,11.510000228881836,11.800000190734863,75100,0.0,0.0
2020-05-06 00:00:00-04:00,11.770000457763672,11.770000457763672,11.4399995803833,11.680000305175781,28900,0.0,0.0
2020-05-07 00:00:00-04:00,11.789999961853027,11.890000343322754,11.510000228881836,11.880000114440918,27100,0.0,0.0
2020-05-08 00:00:00-04:00,12.0,12.359999656677246,12.0,12.050000190734863,28700,0.0,0.0
2020-05-11 00:00:00-04:00,12.050000190734863,12.270000457763672,11.770000457763672,12.210000038146973,37200,0.0,0.0
2020-05-12 00:00:00-04:00,12.149999618530273,12.149999618530273,11.329999923706055,11.359999656677246,34100,0.0,0.0
2020-05-13 00:00:00-04:00,11.289999961853027,11.489999771118164,10.90999984741211,11.010000228881836,32400,0.0,0.0
2020-05-14 00:00:00-04:00,10.789999961853027,10.859999656677246,10.260000228881836,10.859999656677246,28800,0.0,0.0
2020-05-15 00:00:00-04:00,10.899999618530273,11.0600004196167,10.479999542236328,11.020000457763672,11500,0.0,0.0
2020-05-18 00:00:00-04:00,11.220000267028809,12.109999656677246,11.09000015258789,12.069999694824219,39000,0.0,0.0
2020-05-19 00:00:00-04:00,11.90999984741211,11.90999984741211,10.970000267028809,11.050000190734863,50800,0.0,0.0
2020-05-20 00:00:00-04:00,11.319999694824219,11.779999732971191,11.319999694824219,11.5,21000,0.0,0.0
2020-05-21 00:00:00-04:00,11.479999542236328,11.699999809265137,11.449999809265137,11.600000381469727,11300,0.0,0.0
2020-05-22 00:00:00-04:00,11.6899995803833,11.6899995803833,11.390000343322754,11.619999885559082,19100,0.0,0.0
2020-05-26 00:00:00-04:00,11.899999618530273,12.170000076293945,11.59000015258789,11.869999885559082,18600,0.0,0.0
2020-05-27 00:00:00-04:00,12.170000076293945,12.260000228881836,11.930000305175781,12.229999542236328,22400,0.0,0.0
2020-05-28 00:00:00-04:00,12.390000343322754,12.390000343322754,11.789999961853027,11.9399995803833,16400,0.0,0.0
2020-05-29 00:00:00-04:00,11.789999961853027,11.90999984741211,11.579999923706055,11.90999984741211,15000,0.0,0.0
2020-06-01 00:00:00-04:00,11.989999771118164,11.989999771118164,11.630000114440918,11.850000381469727,22100,0.0,0.0
2020-06-02 00:00:00-04:00,11.989999771118164,12.109999656677246,11.739999771118164,12.050000190734863,13200,0.0,0.0
2020-06-03 00:00:00-04:00,12.270000457763672,13.479999542236328,12.100000381469727,13.380000114440918,100000,0.0,0.0
2020-06-04 00:00:00-04:00,13.199999809265137,13.359999656677246,13.029999732971191,13.0600004196167,28100,0.0,0.0
2020-06-05 00:00:00-04:00,13.4399995803833,13.449999809265137,12.90999984741211,13.029999732971191,30600,0.0,0.0
2020-06-08 00:00:00-04:00,13.25,13.34000015258789,12.920000076293945,12.960000038146973,13100,0.0,0.0
2020-06-09 00:00:00-04:00,12.75,13.199999809265137,12.720000267028809,13.010000228881836,19700,0.0,0.0
2020-06-10 00:00:00-04:00,12.9399995803833,12.9399995803833,12.569999694824219,12.579999923706055,18100,0.0,0.0
2020-06-11 00:00:00-04:00,12.119999885559082,12.789999961853027,11.630000114440918,11.699999809265137,30900,0.0,0.0
2020-06-12 00:00:00-04:00,12.079999923706055,12.180000305175781,11.289999961853027,11.619999885559082,22400,0.0,0.0
2020-06-15 00:00:00-04:00,11.34000015258789,12.619999885559082,11.34000015258789,12.579999923706055,23300,0.0,0.0
2020-06-16 00:00:00-04:00,12.970000267028809,13.140000343322754,12.619999885559082,12.770000457763672,34300,0.0,0.0
2020-06-17 00:00:00-04:00,12.470000267028809,12.670000076293945,12.149999618530273,12.149999618530273,31200,0.0,0.0
2020-06-18 00:00:00-04:00,12.180000305175781,12.489999771118164,12.119999885559082,12.3100004196167,44300,0.0,0.0
2020-06-19 00:00:00-04:00,12.470000267028809,12.850000381469727,11.8100004196167,11.869999885559082,94300,0.0,0.0
2020-06-22 00:00:00-04:00,11.6899995803833,11.960000038146973,11.609999656677246,11.770000457763672,32600,0.0,0.0
2020-06-23 00:00:00-04:00,11.800000190734863,11.84000015258789,11.579999923706055,11.579999923706055,14600,0.0,0.0
2020-06-24 00:00:00-04:00,11.579999923706055,11.65999984741211,10.989999771118164,11.199999809265137,29800,0.0,0.0
2020-06-25 00:00:00-04:00,11.09000015258789,11.520000457763672,11.020000457763672,11.520000457763672,14000,0.0,0.0
2020-06-26 00:00:00-04:00,11.34000015258789,11.40999984741211,10.9399995803833,11.0600004196167,57100,0.0,0.0
2020-06-29 00:00:00-04:00,11.0600004196167,12.899999618530273,11.0600004196167,12.699999809265137,89500,0.0,0.0
2020-06-30 00:00:00-04:00,12.710000038146973,12.850000381469727,12.579999923706055,12.640000343322754,26800,0.0,0.0
2020-07-01 00:00:00-04:00,12.59000015258789,12.59000015258789,11.970000267028809,12.149999618530273,33400,0.0,0.0
2020-07-02 00:00:00-04:00,12.390000343322754,12.390000343322754,12.069999694824219,12.100000381469727,11100,0.0,0.0
2020-07-06 00:00:00-04:00,12.25,12.3100004196167,12.119999885559082,12.119999885559082,6900,0.0,0.0
2020-07-07 00:00:00-04:00,12.100000381469727,12.300000190734863,12.050000190734863,12.210000038146973,14800,0.0,0.0
2020-07-08 00:00:00-04:00,12.119999885559082,12.140000343322754,12.020000457763672,12.079999923706055,9300,0.0,0.0
2020-07-09 00:00:00-04:00,12.020000457763672,12.020000457763672,11.300000190734863,11.390000343322754,25600,0.0,0.0
2020-07-10 00:00:00-04:00,11.520000457763672,11.9399995803833,11.479999542236328,11.729999542236328,12100,0.0,0.0
2020-07-13 00:00:00-04:00,11.829999923706055,11.890000343322754,11.579999923706055,11.649999618530273,13800,0.0,0.0
2020-07-14 00:00:00-04:00,11.989999771118164,12.109999656677246,11.789999961853027,12.0,7800,0.0,0.0
2020-07-15 00:00:00-04:00,12.029999732971191,13.210000038146973,12.029999732971191,12.8100004196167,52400,0.0,0.0
2020-07-16 00:00:00-04:00,12.84000015258789,12.989999771118164,12.600000381469727,12.8100004196167,22100,0.0,0.0
2020-07-17 00:00:00-04:00,12.729999542236328,12.90999984741211,12.260000228881836,12.329999923706055,16700,0.0,0.0
2020-07-20 00:00:00-04:00,12.199999809265137,12.220000267028809,12.09000015258789,12.15999984741211,11800,0.0,0.0
2020-07-21 00:00:00-04:00,12.1899995803833,12.449999809265137,11.989999771118164,12.149999618530273,11400,0.0,0.0
2020-07-22 00:00:00-04:00,12.140000343322754,12.1899995803833,11.949999809265137,12.0,20200,0.0,0.0
2020-07-23 00:00:00-04:00,11.90999984741211,12.09000015258789,11.890000343322754,11.970000267028809,10500,0.0,0.0
2020-07-24 00:00:00-04:00,11.890000343322754,12.050000190734863,11.770000457763672,11.770000457763672,7700,0.0,0.0
2020-07-27 00:00:00-04:00,11.779999732971191,11.960000038146973,11.699999809265137,11.960000038146973,5000,0.0,0.0
2020-07-28 00:00:00-04:00,11.869999885559082,12.069999694824219,11.8100004196167,11.880000114440918,6100,0.0,0.0
2020-07-29 00:00:00-04:00,11.789999961853027,12.279999732971191,11.770000457763672,12.210000038146973,14700,0.0,0.0
2020-07-30 00:00:00-04:00,12.119999885559082,12.399999618530273,12.050000190734863,12.050000190734863,21200,0.0,0.0
2020-07-31 00:00:00-04:00,12.140000343322754,12.619999885559082,11.899999618530273,11.970000267028809,47800,0.0,0.0
2020-08-03 00:00:00-04:00,12.210000038146973,12.210000038146973,12.010000228881836,12.050000190734863,17800,0.0,0.0
2020-08-04 00:00:00-04:00,12.010000228881836,12.140000343322754,11.859999656677246,11.979999542236328,6300,0.0,0.0
2020-08-05 00:00:00-04:00,12.079999923706055,12.109999656677246,11.989999771118164,12.050000190734863,29600,0.0,0.0
2020-08-06 00:00:00-04:00,11.989999771118164,12.569999694824219,11.960000038146973,12.529999732971191,16400,0.0,0.0
2020-08-07 00:00:00-04:00,12.729999542236328,12.84000015258789,12.510000228881836,12.529999732971191,15800,0.0,0.0
2020-08-10 00:00:00-04:00,12.6899995803833,13.369999885559082,12.6899995803833,13.050000190734863,13600,0.0,0.0
2020-08-11 00:00:00-04:00,13.1899995803833,13.670000076293945,12.829999923706055,13.5,34800,0.0,0.0
2020-08-12 00:00:00-04:00,13.65999984741211,13.8100004196167,13.5,13.65999984741211,18300,0.0,0.0
2020-08-13 00:00:00-04:00,13.529999732971191,13.84000015258789,13.460000038146973,13.479999542236328,12100,0.0,0.0
2020-08-14 00:00:00-04:00,13.40999984741211,13.670000076293945,13.109999656677246,13.210000038146973,5900,0.0,0.0
2020-08-17 00:00:00-04:00,13.300000190734863,13.300000190734863,13.0600004196167,13.0600004196167,4200,0.0,0.0
2020-08-18 00:00:00-04:00,13.050000190734863,13.050000190734863,12.760000228881836,12.819999694824219,8000,0.0,0.0
2020-08-19 00:00:00-04:00,12.890000343322754,13.300000190734863,12.770000457763672,12.8100004196167,22000,0.0,0.0
2020-08-20 00:00:00-04:00,12.649999618530273,13.25,12.649999618530273,13.25,14800,0.0,0.0
2020-08-21 00:00:00-04:00,13.100000381469727,13.229999542236328,12.649999618530273,12.869999885559082,26900,0.0,0.0
2020-08-24 00:00:00-04:00,12.739999771118164,12.84000015258789,12.630000114440918,12.779999732971191,10300,0.0,0.0
2020-08-25 00:00:00-04:00,13.029999732971191,13.029999732971191,12.630000114440918,12.630000114440918,7900,0.0,0.0
2020-08-26 00:00:00-04:00,12.800000190734863,12.800000190734863,12.609999656677246,12.699999809265137,9100,0.0,0.0
2020-08-27 00:00:00-04:00,12.890000343322754,13.079999923706055,12.760000228881836,12.760000228881836,8300,0.0,0.0
2020-08-28 00:00:00-04:00,12.770000457763672,13.100000381469727,12.609999656677246,12.899999618530273,13700,0.0,0.0
2020-08-31 00:00:00-04:00,12.670000076293945,12.800000190734863,12.569999694824219,12.609999656677246,10100,0.0,0.0
2020-09-01 00:00:00-04:00,12.529999732971191,12.850000381469727,12.529999732971191,12.800000190734863,11200,0.0,0.0
2020-09-02 00:00:00-04:00,12.859999656677246,13.140000343322754,12.779999732971191,12.989999771118164,26300,0.0,0.0
2020-09-03 00:00:00-04:00,13.029999732971191,13.149999618530273,12.800000190734863,12.8100004196167,11900,0.0,0.0
2020-09-04 00:00:00-04:00,12.699999809265137,12.699999809265137,12.25,12.430000305175781,27300,0.0,0.0
2020-09-08 00:00:00-04:00,12.1899995803833,12.1899995803833,11.920000076293945,12.010000228881836,15400,0.0,0.0
2020-09-09 00:00:00-04:00,12.15999984741211,12.260000228881836,12.029999732971191,12.09000015258789,20100,0.0,0.0
2020-09-10 00:00:00-04:00,12.140000343322754,12.140000343322754,11.829999923706055,11.979999542236328,12900,0.0,0.0
2020-09-11 00:00:00-04:00,11.979999542236328,12.079999923706055,11.850000381469727,11.850000381469727,11400,0.0,0.0
2020-09-14 00:00:00-04:00,11.850000381469727,12.15999984741211,11.710000038146973,12.15999984741211,23100,0.0,0.0
2020-09-15 00:00:00-04:00,12.0600004196167,12.09000015258789,11.720000267028809,11.770000457763672,12600,0.0,0.0
2020-09-16 00:00:00-04:00,11.880000114440918,12.130000114440918,11.75,11.90999984741211,14700,0.0,0.0
2020-09-17 00:00:00-04:00,11.890000343322754,11.890000343322754,11.619999885559082,11.720000267028809,12800,0.0,0.0
2020-09-18 00:00:00-04:00,11.84000015258789,11.84000015258789,11.350000381469727,11.710000038146973,38000,0.0,0.0
2020-09-21 00:00:00-04:00,11.390000343322754,11.449999809265137,11.069999694824219,11.210000038146973,22900,0.0,0.0
2020-09-22 00:00:00-04:00,11.3100004196167,11.430000305175781,11.109999656677246,11.140000343322754,14200,0.0,0.0
2020-09-23 00:00:00-04:00,11.09000015258789,11.260000228881836,10.779999732971191,10.859999656677246,20700,0.0,0.0
2020-09-24 00:00:00-04:00,10.75,10.8100004196167,10.600000381469727,10.640000343322754,17100,0.0,0.0
2020-09-25 00:00:00-04:00,10.699999809265137,10.819999694824219,10.6899995803833,10.8100004196167,15500,0.0,0.0
2020-09-28 00:00:00-04:00,10.979999542236328,11.199999809265137,10.979999542236328,11.09000015258789,16900,0.0,0.0
2020-09-29 00:00:00-04:00,11.149999618530273,11.229999542236328,11.050000190734863,11.140000343322754,8200,0.0,0.0
2020-09-30 00:00:00-04:00,11.1899995803833,11.289999961853027,10.90999984741211,11.029999732971191,23900,0.0,0.0
2020-10-01 00:00:00-04:00,11.029999732971191,11.15999984741211,10.930000305175781,11.0600004196167,10500,0.0,0.0
2020-10-02 00:00:00-04:00,11.140000343322754,11.649999618530273,11.109999656677246,11.420000076293945,15200,0.0,0.0
2020-10-05 00:00:00-04:00,10.550000190734863,11.890000343322754,10.550000190734863,11.5600004196167,10700,0.0,0.0
2020-10-06 00:00:00-04:00,11.65999984741211,11.850000381469727,11.5,11.529999732971191,19000,0.0,0.0
2020-10-07 00:00:00-04:00,11.739999771118164,11.979999542236328,11.600000381469727,11.90999984741211,16000,0.0,0.0
2020-10-08 00:00:00-04:00,11.989999771118164,12.039999961853027,11.8100004196167,11.979999542236328,25400,0.0,0.0
2020-10-09 00:00:00-04:00,12.140000343322754,12.239999771118164,11.930000305175781,12.100000381469727,15500,0.0,0.0
2020-10-12 00:00:00-04:00,12.210000038146973,12.229999542236328,11.539999961853027,12.050000190734863,23600,0.0,0.0
2020-10-13 00:00:00-04:00,12.09000015258789,12.1899995803833,11.760000228881836,11.9399995803833,14000,0.0,0.0
2020-10-14 00:00:00-04:00,11.670000076293945,11.989999771118164,11.670000076293945,11.850000381469727,6300,0.0,0.0
2020-10-15 00:00:00-04:00,11.460000038146973,12.1899995803833,11.3100004196167,12.010000228881836,24400,0.0,0.0
2020-10-16 00:00:00-04:00,11.930000305175781,12.279999732971191,11.720000267028809,11.720000267028809,16700,0.0,0.0
2020-10-19 00:00:00-04:00,11.75,12.0600004196167,11.680000305175781,11.880000114440918,6400,0.0,0.0
2020-10-20 00:00:00-04:00,11.899999618530273,12.119999885559082,11.800000190734863,11.960000038146973,11800,0.0,0.0
2020-10-21 00:00:00-04:00,11.9399995803833,12.170000076293945,11.850000381469727,11.979999542236328,8900,0.0,0.0
2020-10-22 00:00:00-04:00,11.920000076293945,12.199999809265137,11.850000381469727,12.149999618530273,26500,0.0,0.0
2020-10-23 00:00:00-04:00,12.210000038146973,12.210000038146973,12.0,12.1899995803833,6500,0.0,0.0
2020-10-26 00:00:00-04:00,11.84000015258789,11.979999542236328,11.579999923706055,11.680000305175781,10000,0.0,0.0
2020-10-27 00:00:00-04:00,11.75,11.829999923706055,11.5600004196167,11.710000038146973,7000,0.0,0.0
2020-10-28 00:00:00-04:00,11.510000228881836,11.720000267028809,11.510000228881836,11.600000381469727,12700,0.0,0.0
2020-10-29 00:00:00-04:00,11.3100004196167,11.829999923706055,11.260000228881836,11.829999923706055,50100,0.0,0.0
2020-10-30 00:00:00-04:00,11.680000305175781,11.9399995803833,11.449999809265137,11.5600004196167,11200,0.0,0.0
2020-11-02 00:00:00-05:00,11.850000381469727,11.949999809265137,11.5,11.699999809265137,12400,0.0,0.0
2020-11-03 00:00:00-05:00,11.869999885559082,12.170000076293945,11.729999542236328,11.949999809265137,15400,0.0,0.0
2020-11-04 00:00:00-05:00,11.760000228881836,11.90999984741211,11.550000190734863,11.600000381469727,11400,0.0,0.0
2020-11-05 00:00:00-05:00,11.670000076293945,11.930000305175781,11.649999618530273,11.760000228881836,7700,0.0,0.0
2020-11-06 00:00:00-05:00,11.789999961853027,11.84000015258789,11.619999885559082,11.619999885559082,6400,0.0,0.0
2020-11-09 00:00:00-05:00,12.199999809265137,12.75,11.699999809265137,11.720000267028809,37300,0.0,0.0
2020-11-10 00:00:00-05:00,11.920000076293945,12.449999809265137,11.920000076293945,12.220000267028809,31500,0.0,0.0
2020-11-11 00:00:00-05:00,12.0600004196167,12.319999694824219,12.0,12.079999923706055,9900,0.0,0.0
2020-11-12 00:00:00-05:00,12.020000457763672,12.029999732971191,11.449999809265137,11.449999809265137,14600,0.0,0.0
2020-11-13 00:00:00-05:00,11.739999771118164,12.0600004196167,11.739999771118164,11.8100004196167,8300,0.0,0.0
2020-11-16 00:00:00-05:00,11.850000381469727,12.170000076293945,11.619999885559082,12.0600004196167,54900,0.0,0.0
2020-11-17 00:00:00-05:00,11.949999809265137,11.949999809265137,11.529999732971191,11.729999542236328,34500,0.0,0.0
2020-11-18 00:00:00-05:00,11.869999885559082,12.020000457763672,11.550000190734863,11.670000076293945,65400,0.0,0.0
2020-11-19 00:00:00-05:00,11.739999771118164,11.979999542236328,11.5600004196167,11.829999923706055,16200,0.0,0.0
2020-11-20 00:00:00-05:00,11.670000076293945,11.9399995803833,11.649999618530273,11.770000457763672,13300,0.0,0.0
2020-11-23 00:00:00-05:00,11.880000114440918,12.1899995803833,11.880000114440918,12.109999656677246,13900,0.0,0.0
2020-11-24 00:00:00-05:00,12.0600004196167,12.579999923706055,12.0600004196167,12.579999923706055,38400,0.0,0.0
2020-11-25 00:00:00-05:00,12.520000457763672,13.0,12.3100004196167,12.329999923706055,25200,0.0,0.0
2020-11-27 00:00:00-05:00,12.4399995803833,12.4399995803833,12.029999732971191,12.149999618530273,11800,0.0,0.0
2020-11-30 00:00:00-05:00,12.029999732971191,12.279999732971191,11.899999618530273,12.0600004196167,9300,0.0,0.0
2020-12-01 00:00:00-05:00,12.479999542236328,12.479999542236328,12.039999961853027,12.079999923706055,12700,0.0,0.0
2020-12-02 00:00:00-05:00,11.979999542236328,12.390000343322754,11.979999542236328,12.229999542236328,24900,0.0,0.0
2020-12-03 00:00:00-05:00,12.239999771118164,12.670000076293945,12.109999656677246,12.319999694824219,10400,0.0,0.0
2020-12-04 00:00:00-05:00,12.3100004196167,12.640000343322754,12.140000343322754,12.640000343322754,17400,0.0,0.0
2020-12-07 00:00:00-05:00,12.529999732971191,13.0,12.380000114440918,12.8100004196167,37700,0.0,0.0
2020-12-08 00:00:00-05:00,12.8100004196167,13.649999618530273,12.800000190734863,13.600000381469727,67300,0.0,0.0
2020-12-09 00:00:00-05:00,13.59000015258789,13.600000381469727,13.359999656677246,13.369999885559082,31700,0.0,0.0
2020-12-10 00:00:00-05:00,13.289999961853027,13.420000076293945,12.960000038146973,13.329999923706055,27500,0.0,0.0
2020-12-11 00:00:00-05:00,13.25,13.5,13.149999618530273,13.460000038146973,18100,0.0,0.0
2020-12-14 00:00:00-05:00,13.5,13.5,12.850000381469727,12.850000381469727,15300,0.0,0.0
2020-12-15 00:00:00-05:00,13.010000228881836,13.220000267028809,12.859999656677246,13.039999961853027,18100,0.0,0.0
2020-12-16 00:00:00-05:00,13.15999984741211,13.350000381469727,12.760000228881836,12.899999618530273,27500,0.0,0.0
2020-12-17 00:00:00-05:00,12.869999885559082,13.020000457763672,12.720000267028809,12.779999732971191,25700,0.0,0.0
2020-12-18 00:00:00-05:00,12.989999771118164,12.989999771118164,12.0,12.0,90500,0.0,0.0
2020-12-21 00:00:00-05:00,11.899999618530273,12.449999809265137,11.899999618530273,11.920000076293945,19000,0.0,0.0
2020-12-22 00:00:00-05:00,11.859999656677246,11.859999656677246,11.539999961853027,11.600000381469727,48100,0.0,0.0
2020-12-23 00:00:00-05:00,11.649999618530273,12.029999732971191,11.649999618530273,11.699999809265137,21800,0.0,0.0
2020-12-24 00:00:00-05:00,11.819999694824219,11.84000015258789,11.520000457763672,11.789999961853027,10700,0.0,0.0
2020-12-28 00:00:00-05:00,11.789999961853027,12.529999732971191,11.789999961853027,12.359999656677246,30400,0.0,0.0
2020-12-29 00:00:00-05:00,12.479999542236328,12.479999542236328,12.029999732971191,12.1899995803833,19700,0.0,0.0
2020-12-30 00:00:00-05:00,12.489999771118164,12.729999542236328,12.329999923706055,12.569999694824219,14400,0.0,0.0
2020-12-31 00:00:00-05:00,12.579999923706055,12.630000114440918,12.300000190734863,12.300000190734863,14400,0.0,0.0
2021-01-04 00:00:00-05:00,12.40999984741211,12.40999984741211,12.010000228881836,12.039999961853027,20900,0.0,0.0
2021-01-05 00:00:00-05:00,12.109999656677246,12.640000343322754,12.100000381469727,12.199999809265137,41200,0.0,0.0
2021-01-06 00:00:00-05:00,12.460000038146973,12.970000267028809,12.460000038146973,12.720000267028809,38100,0.0,0.0
2021-01-07 00:00:00-05:00,12.920000076293945,13.319999694824219,12.739999771118164,13.180000305175781,46000,0.0,0.0
2021-01-08 00:00:00-05:00,12.979999542236328,13.479999542236328,12.770000457763672,12.890000343322754,30800,0.0,0.0
2021-01-11 00:00:00-05:00,12.899999618530273,13.020000457763672,12.640000343322754,12.720000267028809,16200,0.0,0.0
2021-01-12 00:00:00-05:00,12.850000381469727,13.170000076293945,12.850000381469727,13.029999732971191,12800,0.0,0.0
2021-01-13 00:00:00-05:00,13.010000228881836,13.010000228881836,12.729999542236328,12.729999542236328,18100,0.0,0.0
2021-01-14 00:00:00-05:00,13.140000343322754,13.140000343322754,12.899999618530273,12.930000305175781,17600,0.0,0.0
2021-01-15 00:00:00-05:00,12.729999542236328,12.739999771118164,12.5,12.579999923706055,18200,0.0,0.0
2021-01-19 00:00:00-05:00,13.109999656677246,13.109999656677246,12.40999984741211,12.65999984741211,14400,0.0,0.0
2021-01-20 00:00:00-05:00,12.600000381469727,12.829999923706055,12.350000381469727,12.359999656677246,20900,0.0,0.0
2021-01-21 00:00:00-05:00,12.5,12.819999694824219,12.449999809265137,12.739999771118164,18800,0.0,0.0
2021-01-22 00:00:00-05:00,12.65999984741211,12.989999771118164,12.569999694824219,12.989999771118164,14800,0.0,0.0
2021-01-25 00:00:00-05:00,12.449999809265137,12.84000015258789,12.199999809265137,12.399999618530273,17300,0.0,0.0
2021-01-26 00:00:00-05:00,12.420000076293945,12.90999984741211,12.40999984741211,12.75,35700,0.0,0.0
2021-01-27 00:00:00-05:00,12.390000343322754,12.850000381469727,12.260000228881836,12.720000267028809,74900,0.0,0.0
2021-01-28 00:00:00-05:00,12.800000190734863,13.020000457763672,12.640000343322754,12.720000267028809,23900,0.0,0.0
2021-01-29 00:00:00-05:00,12.729999542236328,13.520000457763672,12.420000076293945,12.8100004196167,49700,0.0,0.0
2021-02-01 00:00:00-05:00,12.949999809265137,13.069999694824219,12.779999732971191,12.779999732971191,18200,0.0,0.0
2021-02-02 00:00:00-05:00,12.979999542236328,12.979999542236328,12.529999732971191,12.960000038146973,40500,0.0,0.0
2021-02-03 00:00:00-05:00,12.8100004196167,13.229999542236328,12.760000228881836,13.100000381469727,38300,0.0,0.0
2021-02-04 00:00:00-05:00,13.0,13.260000228881836,12.859999656677246,13.229999542236328,28700,0.0,0.0
2021-02-05 00:00:00-05:00,13.40999984741211,13.40999984741211,12.800000190734863,13.140000343322754,18000,0.0,0.0
2021-02-08 00:00:00-05:00,13.15999984741211,13.470000267028809,13.0600004196167,13.289999961853027,12500,0.0,0.0
2021-02-09 00:00:00-05:00,13.399999618530273,13.460000038146973,13.050000190734863,13.260000228881836,27000,0.0,0.0
2021-02-10 00:00:00-05:00,13.220000267028809,13.510000228881836,12.850000381469727,13.0,18100,0.0,0.0
2021-02-11 00:00:00-05:00,13.180000305175781,13.239999771118164,12.989999771118164,13.100000381469727,19000,0.0,0.0
2021-02-12 00:00:00-05:00,13.470000267028809,13.470000267028809,12.84000015258789,13.350000381469727,34000,0.0,0.0
2021-02-16 00:00:00-05:00,13.300000190734863,13.300000190734863,12.819999694824219,12.819999694824219,7900,0.0,0.0
2021-02-17 00:00:00-05:00,12.8100004196167,13.100000381469727,12.8100004196167,13.0,19700,0.0,0.0
2021-02-18 00:00:00-05:00,13.15999984741211,13.15999984741211,12.800000190734863,12.859999656677246,18700,0.0,0.0
2021-02-19 00:00:00-05:00,12.890000343322754,13.1899995803833,12.890000343322754,13.170000076293945,16900,0.0,0.0
2021-02-22 00:00:00-05:00,13.069999694824219,14.420000076293945,13.069999694824219,14.170000076293945,57700,0.0,0.0
2021-02-23 00:00:00-05:00,14.220000267028809,14.600000381469727,13.9399995803833,13.960000038146973,22100,0.0,0.0
2021-02-24 00:00:00-05:00,14.289999961853027,14.470000267028809,13.960000038146973,14.229999542236328,26800,0.0,0.0
2021-02-25 00:00:00-05:00,14.229999542236328,14.899999618530273,14.050000190734863,14.3100004196167,28300,0.0,0.0
2021-02-26 00:00:00-05:00,14.319999694824219,14.670000076293945,14.09000015258789,14.199999809265137,24800,0.0,0.0
2021-03-01 00:00:00-05:00,14.350000381469727,14.59000015258789,14.010000228881836,14.449999809265137,22700,0.0,0.0
2021-03-02 00:00:00-05:00,14.510000228881836,14.510000228881836,14.199999809265137,14.329999923706055,26300,0.0,0.0
2021-03-03 00:00:00-05:00,14.529999732971191,14.670000076293945,14.170000076293945,14.170000076293945,31600,0.0,0.0
2021-03-04 00:00:00-05:00,14.0,14.869999885559082,14.0,14.220000267028809,38600,0.0,0.0
2021-03-05 00:00:00-05:00,14.470000267028809,14.899999618530273,14.420000076293945,14.550000190734863,40300,0.0,0.0
2021-03-08 00:00:00-05:00,14.670000076293945,14.920000076293945,14.670000076293945,14.829999923706055,30400,0.0,0.0
2021-03-09 00:00:00-05:00,14.880000114440918,15.050000190734863,14.699999809265137,14.75,18700,0.0,0.0
2021-03-10 00:00:00-05:00,14.850000381469727,15.729999542236328,14.850000381469727,15.579999923706055,42900,0.0,0.0
2021-03-11 00:00:00-05:00,15.550000190734863,15.75,15.329999923706055,15.59000015258789,37400,0.0,0.0
2021-03-12 00:00:00-05:00,15.609999656677246,15.75,15.279999732971191,15.739999771118164,18200,0.0,0.0
2021-03-15 00:00:00-04:00,15.619999885559082,15.649999618530273,15.010000228881836,15.1899995803833,24800,0.0,0.0
2021-03-16 00:00:00-04:00,14.899999618530273,14.899999618530273,14.600000381469727,14.640000343322754,19700,0.0,0.0
2021-03-17 00:00:00-04:00,14.640000343322754,14.739999771118164,14.329999923706055,14.390000343322754,33600,0.0,0.0
2021-03-18 00:00:00-04:00,14.489999771118164,14.869999885559082,14.0,14.029999732971191,29800,0.0,0.0
2021-03-19 00:00:00-04:00,14.010000228881836,14.350000381469727,13.479999542236328,13.5,168200,0.0,0.0
2021-03-22 00:00:00-04:00,13.630000114440918,13.829999923706055,12.800000190734863,12.869999885559082,52900,0.0,0.0
2021-03-23 00:00:00-04:00,12.930000305175781,13.279999732971191,12.800000190734863,12.880000114440918,73700,0.0,0.0
2021-03-24 00:00:00-04:00,13.0600004196167,13.3100004196167,12.84000015258789,12.84000015258789,23900,0.0,0.0
2021-03-25 00:00:00-04:00,12.970000267028809,13.0600004196167,12.630000114440918,12.979999542236328,49900,0.0,0.0
2021-03-26 00:00:00-04:00,12.920000076293945,13.180000305175781,12.800000190734863,13.069999694824219,44500,0.0,0.0
2021-03-29 00:00:00-04:00,12.9399995803833,13.149999618530273,12.890000343322754,12.890000343322754,30300,0.0,0.0
2021-03-30 00:00:00-04:00,12.899999618530273,13.239999771118164,12.899999618530273,13.140000343322754,25000,0.0,0.0
2021-03-31 00:00:00-04:00,13.260000228881836,13.75,13.119999885559082,13.40999984741211,59700,0.0,0.0
2021-04-01 00:00:00-04:00,13.510000228881836,13.579999923706055,13.229999542236328,13.399999618530273,30300,0.0,0.0
2021-04-05 00:00:00-04:00,13.5600004196167,13.600000381469727,12.949999809265137,13.010000228881836,35700,0.0,0.0
2021-04-06 00:00:00-04:00,13.479999542236328,13.479999542236328,12.899999618530273,12.970000267028809,32800,0.0,0.0
2021-04-07 00:00:00-04:00,13.029999732971191,13.029999732971191,12.649999618530273,12.6899995803833,35200,0.0,0.0
2021-04-08 00:00:00-04:00,13.1899995803833,13.1899995803833,12.600000381469727,12.979999542236328,145000,0.0,0.0
2021-04-09 00:00:00-04:00,12.949999809265137,13.130000114440918,12.949999809265137,13.010000228881836,16300,0.0,0.0
2021-04-12 00:00:00-04:00,13.050000190734863,13.050000190734863,12.5600004196167,12.720000267028809,30700,0.0,0.0
2021-04-13 00:00:00-04:00,12.720000267028809,12.720000267028809,12.420000076293945,12.649999618530273,27300,0.0,0.0
2021-04-14 00:00:00-04:00,12.869999885559082,12.869999885559082,12.600000381469727,12.649999618530273,19900,0.0,0.0
2021-04-15 00:00:00-04:00,12.699999809265137,12.90999984741211,12.699999809265137,12.829999923706055,25200,0.0,0.0
2021-04-16 00:00:00-04:00,12.930000305175781,12.930000305175781,12.520000457763672,12.579999923706055,25200,0.0,0.0
2021-04-19 00:00:00-04:00,12.729999542236328,12.729999542236328,12.170000076293945,12.670000076293945,29200,0.0,0.0
2021-04-20 00:00:00-04:00,12.579999923706055,12.640000343322754,12.170000076293945,12.3100004196167,31200,0.0,0.0
2021-04-21 00:00:00-04:00,12.350000381469727,12.399999618530273,12.149999618530273,12.220000267028809,32200,0.0,0.0
2021-04-22 00:00:00-04:00,12.199999809265137,12.640000343322754,11.949999809265137,12.069999694824219,46100,0.0,0.0
2021-04-23 00:00:00-04:00,12.100000381469727,12.25,11.970000267028809,12.09000015258789,23000,0.0,0.0
2021-04-26 00:00:00-04:00,12.100000381469727,12.430000305175781,12.100000381469727,12.220000267028809,17600,0.0,0.0
2021-04-27 00:00:00-04:00,12.25,12.399999618530273,11.970000267028809,12.0600004196167,29200,0.0,0.0
2021-04-28 00:00:00-04:00,12.079999923706055,12.149999618530273,11.6899995803833,11.880000114440918,67300,0.0,0.0
2021-04-29 00:00:00-04:00,11.979999542236328,12.09000015258789,11.770000457763672,11.970000267028809,26600,0.0,0.0
2021-04-30 00:00:00-04:00,11.859999656677246,12.069999694824219,11.829999923706055,11.989999771118164,41200,0.0,0.0
2021-05-03 00:00:00-04:00,11.989999771118164,12.300000190734863,11.710000038146973,12.0,42400,0.0,0.0
2021-05-04 00:00:00-04:00,12.0,12.020000457763672,11.670000076293945,11.720000267028809,24500,0.0,0.0
2021-05-05 00:00:00-04:00,11.75,11.75,11.260000228881836,11.399999618530273,51800,0.0,0.0
2021-05-06 00:00:00-04:00,11.430000305175781,11.510000228881836,11.199999809265137,11.399999618530273,37300,0.0,0.0
2021-05-07 00:00:00-04:00,11.449999809265137,11.6899995803833,11.3100004196167,11.5,39900,0.0,0.0
2021-05-10 00:00:00-04:00,11.460000038146973,11.8100004196167,11.329999923706055,11.430000305175781,28400,0.0,0.0
2021-05-11 00:00:00-04:00,11.220000267028809,11.649999618530273,11.119999885559082,11.350000381469727,35600,0.0,0.0
2021-05-12 00:00:00-04:00,11.369999885559082,11.380000114440918,11.069999694824219,11.100000381469727,29300,0.0,0.0
2021-05-13 00:00:00-04:00,11.1899995803833,11.510000228881836,11.130000114440918,11.470000267028809,31200,0.0,0.0
2021-05-14 00:00:00-04:00,11.859999656677246,12.8100004196167,11.859999656677246,12.729999542236328,98100,0.0,0.0
2021-05-17 00:00:00-04:00,12.619999885559082,13.130000114440918,12.619999885559082,13.119999885559082,38800,0.0,0.0
2021-05-18 00:00:00-04:00,13.0600004196167,13.289999961853027,12.949999809265137,13.0,43700,0.0,0.0
2021-05-19 00:00:00-04:00,12.90999984741211,12.90999984741211,12.4399995803833,12.4399995803833,37800,0.0,0.0
2021-05-20 00:00:00-04:00,12.739999771118164,12.739999771118164,12.119999885559082,12.529999732971191,43000,0.0,0.0
2021-05-21 00:00:00-04:00,12.640000343322754,12.640000343322754,12.100000381469727,12.180000305175781,26100,0.0,0.0
2021-05-24 00:00:00-04:00,12.25,12.399999618530273,12.100000381469727,12.229999542236328,36200,0.0,0.0
2021-05-25 00:00:00-04:00,12.350000381469727,12.350000381469727,11.890000343322754,11.890000343322754,37900,0.0,0.0
2021-05-26 00:00:00-04:00,12.020000457763672,12.800000190734863,11.920000076293945,12.789999961853027,43600,0.0,0.0
2021-05-27 00:00:00-04:00,12.84000015258789,13.050000190734863,12.819999694824219,12.899999618530273,52800,0.0,0.0
2021-05-28 00:00:00-04:00,12.800000190734863,12.84000015258789,12.5,12.5600004196167,31300,0.0,0.0
2021-06-01 00:00:00-04:00,12.720000267028809,12.880000114440918,12.449999809265137,12.8100004196167,23100,0.0,0.0
2021-06-02 00:00:00-04:00,12.609999656677246,12.609999656677246,12.170000076293945,12.420000076293945,27500,0.0,0.0
2021-06-03 00:00:00-04:00,12.569999694824219,12.649999618530273,12.25,12.649999618530273,20000,0.0,0.0
2021-06-04 00:00:00-04:00,12.520000457763672,12.800000190734863,12.5,12.640000343322754,18700,0.0,0.0
2021-06-07 00:00:00-04:00,12.59000015258789,12.779999732971191,12.380000114440918,12.4399995803833,50300,0.0,0.0
2021-06-08 00:00:00-04:00,12.5,12.5600004196167,12.15999984741211,12.40999984741211,37900,0.0,0.0
2021-06-09 00:00:00-04:00,12.510000228881836,12.510000228881836,12.25,12.430000305175781,29400,0.0,0.0
2021-06-10 00:00:00-04:00,12.430000305175781,12.880000114440918,12.369999885559082,12.529999732971191,36400,0.0,0.0
2021-06-11 00:00:00-04:00,12.720000267028809,13.079999923706055,12.600000381469727,12.850000381469727,51100,0.0,0.0
2021-06-14 00:00:00-04:00,12.890000343322754,12.890000343322754,12.649999618530273,12.649999618530273,26600,0.0,0.0
2021-06-15 00:00:00-04:00,12.59000015258789,12.630000114440918,12.539999961853027,12.550000190734863,42700,0.0,0.0
2021-06-16 00:00:00-04:00,12.579999923706055,12.579999923706055,12.0600004196167,12.300000190734863,44800,0.0,0.0
2021-06-17 00:00:00-04:00,12.25,12.3100004196167,12.100000381469727,12.100000381469727,54200,0.0,0.0
2021-06-18 00:00:00-04:00,12.050000190734863,12.130000114440918,11.770000457763672,11.84000015258789,69700,0.0,0.0
2021-06-21 00:00:00-04:00,11.960000038146973,12.170000076293945,11.84000015258789,11.9399995803833,95300,0.0,0.0
2021-06-22 00:00:00-04:00,11.979999542236328,12.020000457763672,11.779999732971191,11.859999656677246,68000,0.0,0.0
2021-06-23 00:00:00-04:00,11.869999885559082,12.0,11.829999923706055,11.899999618530273,48600,0.0,0.0
2021-06-24 00:00:00-04:00,12.050000190734863,12.640000343322754,11.710000038146973,12.609999656677246,144900,0.0,0.0
2021-06-25 00:00:00-04:00,12.5600004196167,12.65999984741211,12.029999732971191,12.430000305175781,1256100,0.0,0.0
2021-06-28 00:00:00-04:00,12.5,12.5,11.930000305175781,12.100000381469727,42500,0.0,0.0
2021-06-29 00:00:00-04:00,12.199999809265137,12.289999961853027,11.819999694824219,11.930000305175781,44900,0.0,0.0
2021-06-30 00:00:00-04:00,11.9399995803833,12.220000267028809,11.850000381469727,12.15999984741211,25500,0.0,0.0
2021-07-01 00:00:00-04:00,12.279999732971191,12.289999961853027,11.789999961853027,11.930000305175781,73300,0.0,0.0
2021-07-02 00:00:00-04:00,12.050000190734863,12.220000267028809,11.75,11.75,76000,0.0,0.0
2021-07-06 00:00:00-04:00,11.84000015258789,11.84000015258789,11.600000381469727,11.829999923706055,36200,0.0,0.0
2021-07-07 00:00:00-04:00,11.729999542236328,11.890000343322754,11.550000190734863,11.5600004196167,27700,0.0,0.0
2021-07-08 00:00:00-04:00,11.520000457763672,11.579999923706055,11.399999618530273,11.479999542236328,47900,0.0,0.0
2021-07-09 00:00:00-04:00,11.65999984741211,11.850000381469727,11.5,11.630000114440918,42100,0.0,0.0
2021-07-12 00:00:00-04:00,11.649999618530273,11.699999809265137,11.40999984741211,11.579999923706055,37600,0.0,0.0
2021-07-13 00:00:00-04:00,11.460000038146973,11.59000015258789,11.399999618530273,11.529999732971191,45900,0.0,0.0
2021-07-14 00:00:00-04:00,11.539999961853027,11.75,11.420000076293945,11.460000038146973,28100,0.0,0.0
2021-07-15 00:00:00-04:00,11.399999618530273,11.520000457763672,11.380000114440918,11.520000457763672,16000,0.0,0.0
2021-07-16 00:00:00-04:00,11.579999923706055,11.680000305175781,11.40999984741211,11.4399995803833,22300,0.0,0.0
2021-07-19 00:00:00-04:00,11.329999923706055,11.510000228881836,11.229999542236328,11.3100004196167,40300,0.0,0.0
2021-07-20 00:00:00-04:00,11.350000381469727,11.5600004196167,11.180000305175781,11.359999656677246,70500,0.0,0.0
2021-07-21 00:00:00-04:00,11.40999984741211,11.569999694824219,11.399999618530273,11.470000267028809,22900,0.0,0.0
2021-07-22 00:00:00-04:00,11.489999771118164,11.699999809265137,11.300000190734863,11.460000038146973,8300,0.0,0.0
2021-07-23 00:00:00-04:00,11.479999542236328,11.6899995803833,11.3100004196167,11.670000076293945,69500,0.0,0.0
2021-07-26 00:00:00-04:00,11.649999618530273,11.789999961853027,11.510000228881836,11.649999618530273,16900,0.0,0.0
2021-07-27 00:00:00-04:00,11.630000114440918,11.770000457763672,11.4399995803833,11.720000267028809,13100,0.0,0.0
2021-07-28 00:00:00-04:00,11.739999771118164,11.979999542236328,11.59000015258789,11.819999694824219,19600,0.0,0.0
2021-07-29 00:00:00-04:00,11.869999885559082,12.039999961853027,11.800000190734863,11.9399995803833,9500,0.0,0.0
2021-07-30 00:00:00-04:00,11.890000343322754,11.930000305175781,11.739999771118164,11.739999771118164,12400,0.0,0.0
2021-08-02 00:00:00-04:00,11.8100004196167,11.8100004196167,11.699999809265137,11.789999961853027,9400,0.0,0.0
2021-08-03 00:00:00-04:00,11.779999732971191,12.0,11.699999809265137,11.869999885559082,18200,0.0,0.0
2021-08-04 00:00:00-04:00,11.779999732971191,11.8100004196167,11.65999984741211,11.670000076293945,7300,0.0,0.0
2021-08-05 00:00:00-04:00,11.670000076293945,11.949999809265137,11.670000076293945,11.779999732971191,11900,0.0,0.0
2021-08-06 00:00:00-04:00,11.739999771118164,11.739999771118164,11.550000190734863,11.600000381469727,9400,0.0,0.0
2021-08-09 00:00:00-04:00,11.550000190734863,11.739999771118164,11.529999732971191,11.550000190734863,7000,0.0,0.0
2021-08-10 00:00:00-04:00,11.550000190734863,11.920000076293945,11.510000228881836,11.880000114440918,16200,0.0,0.0
2021-08-11 00:00:00-04:00,11.65999984741211,12.050000190734863,11.609999656677246,11.899999618530273,52800,0.0,0.0
2021-08-12 00:00:00-04:00,11.989999771118164,12.09000015258789,11.859999656677246,11.899999618530273,27600,0.0,0.0
2021-08-13 00:00:00-04:00,12.029999732971191,12.029999732971191,11.789999961853027,11.880000114440918,27300,0.0,0.0
2021-08-16 00:00:00-04:00,11.899999618530273,11.899999618530273,11.600000381469727,11.84000015258789,4900,0.0,0.0
2021-08-17 00:00:00-04:00,11.550000190734863,11.619999885559082,11.369999885559082,11.4399995803833,13700,0.0,0.0
2021-08-18 00:00:00-04:00,11.59000015258789,11.630000114440918,11.489999771118164,11.489999771118164,2000,0.0,0.0
2021-08-19 00:00:00-04:00,11.579999923706055,11.640000343322754,11.460000038146973,11.460000038146973,8200,0.0,0.0
2021-08-20 00:00:00-04:00,11.470000267028809,11.539999961853027,11.470000267028809,11.479999542236328,7700,0.0,0.0
2021-08-23 00:00:00-04:00,11.609999656677246,11.710000038146973,11.420000076293945,11.420000076293945,13800,0.0,0.0
2021-08-24 00:00:00-04:00,11.550000190734863,11.600000381469727,11.40999984741211,11.5,12500,0.0,0.0
2021-08-25 00:00:00-04:00,11.6899995803833,11.720000267028809,11.5600004196167,11.569999694824219,4200,0.0,0.0
2021-08-26 00:00:00-04:00,11.699999809265137,11.699999809265137,11.529999732971191,11.619999885559082,8400,0.0,0.0
2021-08-27 00:00:00-04:00,11.579999923706055,11.75,11.550000190734863,11.630000114440918,8100,0.0,0.0
2021-08-30 00:00:00-04:00,11.510000228881836,11.75,11.510000228881836,11.65999984741211,2100,0.0,0.0
2021-08-31 00:00:00-04:00,11.5600004196167,11.670000076293945,11.550000190734863,11.579999923706055,6200,0.0,0.0
2021-09-01 00:00:00-04:00,11.59000015258789,11.59000015258789,11.529999732971191,11.5600004196167,5600,0.0,0.0
2021-09-02 00:00:00-04:00,11.609999656677246,11.649999618530273,11.539999961853027,11.539999961853027,8100,0.0,0.0
2021-09-03 00:00:00-04:00,11.630000114440918,11.649999618530273,11.5600004196167,11.579999923706055,6800,0.0,0.0
2021-09-07 00:00:00-04:00,11.609999656677246,11.920000076293945,11.5600004196167,11.920000076293945,13600,0.0,0.0
2021-09-08 00:00:00-04:00,11.819999694824219,11.829999923706055,11.579999923706055,11.720000267028809,5600,0.0,0.0
2021-09-09 00:00:00-04:00,11.710000038146973,11.760000228881836,11.630000114440918,11.760000228881836,4300,0.0,0.0
2021-09-10 00:00:00-04:00,11.739999771118164,11.739999771118164,11.4399995803833,11.4399995803833,39200,0.0,0.0
2021-09-13 00:00:00-04:00,11.550000190734863,11.59000015258789,11.420000076293945,11.489999771118164,11000,0.0,0.0
2021-09-14 00:00:00-04:00,11.729999542236328,11.729999542236328,11.4399995803833,11.5,3100,0.0,0.0
2021-09-15 00:00:00-04:00,11.59000015258789,11.630000114440918,11.470000267028809,11.579999923706055,5600,0.0,0.0
2021-09-16 00:00:00-04:00,11.479999542236328,11.5600004196167,11.4399995803833,11.5600004196167,3300,0.0,0.0
2021-09-17 00:00:00-04:00,11.390000343322754,11.579999923706055,11.229999542236328,11.229999542236328,19100,0.0,0.0
2021-09-20 00:00:00-04:00,11.279999732971191,11.619999885559082,10.989999771118164,11.100000381469727,60800,0.0,0.0
2021-09-21 00:00:00-04:00,11.489999771118164,11.489999771118164,10.9399995803833,10.949999809265137,26600,0.0,0.0
2021-09-22 00:00:00-04:00,11.020000457763672,11.390000343322754,10.989999771118164,11.020000457763672,34500,0.0,0.0
2021-09-23 00:00:00-04:00,11.239999771118164,11.239999771118164,10.970000267028809,11.039999961853027,15200,0.0,0.0
2021-09-24 00:00:00-04:00,11.079999923706055,11.220000267028809,11.0,11.140000343322754,8800,0.0,0.0
2021-09-27 00:00:00-04:00,11.199999809265137,11.420000076293945,11.199999809265137,11.270000457763672,4900,0.0,0.0
2021-09-28 00:00:00-04:00,11.359999656677246,11.359999656677246,11.050000190734863,11.079999923706055,8400,0.0,0.0
2021-09-29 00:00:00-04:00,11.0600004196167,11.260000228881836,11.010000228881836,11.050000190734863,10000,0.0,0.0
2021-09-30 00:00:00-04:00,11.279999732971191,11.279999732971191,11.09000015258789,11.09000015258789,5100,0.0,0.0
2021-10-01 00:00:00-04:00,11.069999694824219,11.359999656677246,11.050000190734863,11.149999618530273,10700,0.0,0.0
2021-10-04 00:00:00-04:00,11.079999923706055,11.130000114440918,11.039999961853027,11.039999961853027,4000,0.0,0.0
2021-10-05 00:00:00-04:00,10.920000076293945,11.149999618530273,10.920000076293945,11.050000190734863,3200,0.0,0.0
2021-10-06 00:00:00-04:00,11.050000190734863,11.079999923706055,10.949999809265137,11.079999923706055,7000,0.0,0.0
2021-10-07 00:00:00-04:00,11.390000343322754,11.390000343322754,10.989999771118164,11.020000457763672,5100,0.0,0.0
2021-10-08 00:00:00-04:00,11.130000114440918,11.359999656677246,11.100000381469727,11.140000343322754,3400,0.0,0.0
2021-10-11 00:00:00-04:00,11.109999656677246,11.149999618530273,11.0,11.0600004196167,6400,0.0,0.0
2021-10-12 00:00:00-04:00,11.09000015258789,11.3100004196167,11.079999923706055,11.079999923706055,3300,0.0,0.0
2021-10-13 00:00:00-04:00,11.029999732971191,11.220000267028809,11.0,11.029999732971191,4400,0.0,0.0
2021-10-14 00:00:00-04:00,11.0600004196167,11.210000038146973,11.0,11.069999694824219,4200,0.0,0.0
2021-10-15 00:00:00-04:00,11.069999694824219,11.279999732971191,10.960000038146973,10.960000038146973,11200,0.0,0.0
2021-10-18 00:00:00-04:00,11.020000457763672,11.029999732971191,10.84000015258789,10.869999885559082,13600,0.0,0.0
2021-10-19 00:00:00-04:00,11.220000267028809,11.220000267028809,10.920000076293945,11.069999694824219,4200,0.0,0.0
2021-10-20 00:00:00-04:00,11.050000190734863,11.319999694824219,11.0,11.25,8000,0.0,0.0
2021-10-21 00:00:00-04:00,11.050000190734863,11.15999984741211,11.020000457763672,11.050000190734863,3000,0.0,0.0
2021-10-22 00:00:00-04:00,11.0,11.34000015258789,11.0,11.09000015258789,7800,0.0,0.0
2021-10-25 00:00:00-04:00,11.100000381469727,11.319999694824219,11.069999694824219,11.069999694824219,2400,0.0,0.0
2021-10-26 00:00:00-04:00,11.239999771118164,11.380000114440918,11.069999694824219,11.09000015258789,11800,0.0,0.0
2021-10-27 00:00:00-04:00,11.239999771118164,11.25,11.029999732971191,11.029999732971191,22000,0.0,0.0
2021-10-28 00:00:00-04:00,11.289999961853027,11.369999885559082,11.140000343322754,11.15999984741211,4400,0.0,0.0
2021-10-29 00:00:00-04:00,11.09000015258789,11.489999771118164,11.09000015258789,11.15999984741211,4200,0.0,0.0
2021-11-01 00:00:00-04:00,11.109999656677246,11.279999732971191,11.109999656677246,11.130000114440918,5000,0.0,0.0
2021-11-02 00:00:00-04:00,11.119999885559082,11.199999809265137,11.100000381469727,11.199999809265137,3400,0.0,0.0
2021-11-03 00:00:00-04:00,11.140000343322754,11.4399995803833,11.140000343322754,11.430000305175781,4800,0.0,0.0
2021-11-04 00:00:00-04:00,11.449999809265137,11.5,11.239999771118164,11.4399995803833,7600,0.0,0.0
2021-11-05 00:00:00-04:00,11.729999542236328,11.789999961853027,11.520000457763672,11.630000114440918,15700,0.0,0.0
2021-11-08 00:00:00-05:00,11.829999923706055,12.390000343322754,11.829999923706055,12.350000381469727,60500,0.0,0.0
2021-11-09 00:00:00-05:00,12.350000381469727,12.649999618530273,12.350000381469727,12.520000457763672,28400,0.0,0.0
2021-11-10 00:00:00-05:00,12.609999656677246,12.949999809265137,12.350000381469727,12.729999542236328,26500,0.0,0.0
2021-11-11 00:00:00-05:00,12.800000190734863,12.800000190734863,12.640000343322754,12.710000038146973,8300,0.0,0.0
2021-11-12 00:00:00-05:00,12.699999809265137,12.869999885559082,12.390000343322754,12.5,7700,0.0,0.0
2021-11-15 00:00:00-05:00,12.760000228881836,12.760000228881836,12.5,12.5,6300,0.0,0.0
2021-11-16 00:00:00-05:00,12.9399995803833,12.9399995803833,12.430000305175781,12.479999542236328,9900,0.0,0.0
2021-11-17 00:00:00-05:00,12.5,12.59000015258789,12.449999809265137,12.5,22000,0.0,0.0
2021-11-18 00:00:00-05:00,12.569999694824219,12.600000381469727,12.369999885559082,12.550000190734863,32600,0.0,0.0
2021-11-19 00:00:00-05:00,12.619999885559082,12.850000381469727,12.239999771118164,12.479999542236328,19400,0.0,0.0
2021-11-22 00:00:00-05:00,12.579999923706055,12.619999885559082,12.25,12.390000343322754,9500,0.0,0.0
2021-11-23 00:00:00-05:00,12.350000381469727,12.399999618530273,12.0600004196167,12.069999694824219,8700,0.0,0.0
2021-11-24 00:00:00-05:00,11.949999809265137,12.180000305175781,11.890000343322754,11.970000267028809,8000,0.0,0.0
2021-11-26 00:00:00-05:00,11.869999885559082,11.869999885559082,11.640000343322754,11.729999542236328,5100,0.0,0.0
2021-11-29 00:00:00-05:00,11.760000228881836,12.0,11.729999542236328,11.729999542236328,9900,0.0,0.0
2021-11-30 00:00:00-05:00,11.65999984741211,11.84000015258789,11.630000114440918,11.84000015258789,17000,0.0,0.0
2021-12-01 00:00:00-05:00,11.880000114440918,11.899999618530273,11.5,11.5,14600,0.0,0.0
2021-12-02 00:00:00-05:00,11.510000228881836,11.9399995803833,11.510000228881836,11.699999809265137,7400,0.0,0.0
2021-12-03 00:00:00-05:00,11.739999771118164,11.75,11.460000038146973,11.5,8800,0.0,0.0
2021-12-06 00:00:00-05:00,11.430000305175781,11.890000343322754,11.430000305175781,11.460000038146973,18000,0.0,0.0
2021-12-07 00:00:00-05:00,11.5,11.670000076293945,11.449999809265137,11.550000190734863,13100,0.0,0.0
2021-12-08 00:00:00-05:00,11.579999923706055,11.579999923706055,11.449999809265137,11.520000457763672,3200,0.0,0.0
2021-12-09 00:00:00-05:00,11.399999618530273,11.600000381469727,11.399999618530273,11.470000267028809,10300,0.0,0.0
2021-12-10 00:00:00-05:00,11.600000381469727,11.789999961853027,11.449999809265137,11.600000381469727,17700,0.0,0.0
2021-12-13 00:00:00-05:00,11.5600004196167,12.289999961853027,11.350000381469727,11.350000381469727,14300,0.0,0.0
2021-12-14 00:00:00-05:00,11.25,11.600000381469727,11.050000190734863,11.279999732971191,9400,0.0,0.0
2021-12-15 00:00:00-05:00,11.449999809265137,11.680000305175781,11.09000015258789,11.15999984741211,38000,0.0,0.0
2021-12-16 00:00:00-05:00,11.270000457763672,11.600000381469727,11.180000305175781,11.239999771118164,14000,0.0,0.0
2021-12-17 00:00:00-05:00,11.4399995803833,11.59000015258789,11.199999809265137,11.390000343322754,29500,0.0,0.0
2021-12-20 00:00:00-05:00,11.300000190734863,11.4399995803833,11.229999542236328,11.390000343322754,6900,0.0,0.0
2021-12-21 00:00:00-05:00,11.239999771118164,11.949999809265137,11.239999771118164,11.859999656677246,18900,0.0,0.0
2021-12-22 00:00:00-05:00,11.760000228881836,11.880000114440918,11.699999809265137,11.779999732971191,6200,0.0,0.0
2021-12-23 00:00:00-05:00,11.90999984741211,11.90999984741211,11.489999771118164,11.600000381469727,17800,0.0,0.0
2021-12-27 00:00:00-05:00,11.640000343322754,11.6899995803833,11.350000381469727,11.470000267028809,24700,0.0,0.0
2021-12-28 00:00:00-05:00,11.579999923706055,11.720000267028809,11.470000267028809,11.539999961853027,7000,0.0,0.0
2021-12-29 00:00:00-05:00,11.65999984741211,11.739999771118164,11.600000381469727,11.619999885559082,5600,0.0,0.0
2021-12-30 00:00:00-05:00,11.529999732971191,11.800000190734863,11.520000457763672,11.579999923706055,12300,0.0,0.0
2021-12-31 00:00:00-05:00,11.640000343322754,11.770000457763672,11.5,11.529999732971191,17500,0.0,0.0
2022-01-03 00:00:00-05:00,11.640000343322754,12.329999923706055,11.640000343322754,11.819999694824219,14400,0.0,0.0
2022-01-04 00:00:00-05:00,11.8100004196167,11.979999542236328,11.800000190734863,11.880000114440918,10500,0.0,0.0
2022-01-05 00:00:00-05:00,12.0,12.0,11.65999984741211,11.859999656677246,7100,0.0,0.0
2022-01-06 00:00:00-05:00,11.710000038146973,11.859999656677246,11.600000381469727,11.670000076293945,44900,0.0,0.0
2022-01-07 00:00:00-05:00,11.800000190734863,11.800000190734863,11.529999732971191,11.760000228881836,3400,0.0,0.0
2022-01-10 00:00:00-05:00,11.619999885559082,11.880000114440918,11.470000267028809,11.609999656677246,5500,0.0,0.0
2022-01-11 00:00:00-05:00,11.649999618530273,11.84000015258789,11.600000381469727,11.779999732971191,3500,0.0,0.0
2022-01-12 00:00:00-05:00,11.739999771118164,11.850000381469727,11.59000015258789,11.630000114440918,7200,0.0,0.0
2022-01-13 00:00:00-05:00,11.630000114440918,12.0,11.600000381469727,11.760000228881836,8000,0.0,0.0
2022-01-14 00:00:00-05:00,11.850000381469727,11.850000381469727,11.600000381469727,11.600000381469727,2900,0.0,0.0
2022-01-18 00:00:00-05:00,11.579999923706055,11.680000305175781,11.449999809265137,11.449999809265137,7200,0.0,0.0
2022-01-19 00:00:00-05:00,11.260000228881836,11.369999885559082,11.210000038146973,11.350000381469727,6700,0.0,0.0
2022-01-20 00:00:00-05:00,11.25,11.399999618530273,11.25,11.289999961853027,8900,0.0,0.0
2022-01-21 00:00:00-05:00,11.199999809265137,11.260000228881836,10.989999771118164,11.029999732971191,10100,0.0,0.0
2022-01-24 00:00:00-05:00,11.029999732971191,11.029999732971191,10.770000457763672,10.970000267028809,22800,0.0,0.0
2022-01-25 00:00:00-05:00,10.9399995803833,11.020000457763672,10.850000381469727,10.850000381469727,9200,0.0,0.0
2022-01-26 00:00:00-05:00,10.800000190734863,10.970000267028809,10.800000190734863,10.8100004196167,10000,0.0,0.0
2022-01-27 00:00:00-05:00,10.890000343322754,11.109999656677246,10.819999694824219,10.899999618530273,17500,0.0,0.0
2022-01-28 00:00:00-05:00,10.989999771118164,11.069999694824219,10.850000381469727,10.859999656677246,23100,0.0,0.0
2022-01-31 00:00:00-05:00,10.970000267028809,11.399999618530273,10.970000267028809,11.180000305175781,33700,0.0,0.0
2022-02-01 00:00:00-05:00,11.34000015258789,11.420000076293945,11.100000381469727,11.329999923706055,11000,0.0,0.0
2022-02-02 00:00:00-05:00,11.489999771118164,11.550000190734863,11.170000076293945,11.34000015258789,5400,0.0,0.0
2022-02-03 00:00:00-05:00,11.15999984741211,11.170000076293945,11.069999694824219,11.069999694824219,5700,0.0,0.0
2022-02-04 00:00:00-05:00,11.039999961853027,11.039999961853027,10.9399995803833,10.979999542236328,6000,0.0,0.0
2022-02-07 00:00:00-05:00,11.109999656677246,11.140000343322754,11.039999961853027,11.119999885559082,3800,0.0,0.0
2022-02-08 00:00:00-05:00,10.819999694824219,11.069999694824219,10.819999694824219,10.949999809265137,7100,0.0,0.0
2022-02-09 00:00:00-05:00,10.819999694824219,11.119999885559082,10.819999694824219,10.90999984741211,14300,0.0,0.0
2022-02-10 00:00:00-05:00,11.100000381469727,11.119999885559082,10.8100004196167,10.8100004196167,9800,0.0,0.0
2022-02-11 00:00:00-05:00,10.760000228881836,11.010000228881836,10.760000228881836,10.789999961853027,3200,0.0,0.0
2022-02-14 00:00:00-05:00,10.649999618530273,10.649999618530273,10.460000038146973,10.460000038146973,37300,0.0,0.0
2022-02-15 00:00:00-05:00,10.510000228881836,10.579999923706055,10.430000305175781,10.479999542236328,15900,0.0,0.0
2022-02-16 00:00:00-05:00,10.550000190734863,10.5600004196167,10.449999809265137,10.449999809265137,6600,0.0,0.0
2022-02-17 00:00:00-05:00,10.449999809265137,10.59000015258789,10.399999618530273,10.539999961853027,13800,0.0,0.0
2022-02-18 00:00:00-05:00,10.420000076293945,10.600000381469727,10.420000076293945,10.579999923706055,5700,0.0,0.0
2022-02-22 00:00:00-05:00,10.399999618530273,10.569999694824219,10.399999618530273,10.40999984741211,14700,0.0,0.0
2022-02-23 00:00:00-05:00,10.449999809265137,10.449999809265137,10.260000228881836,10.260000228881836,9500,0.0,0.0
2022-02-24 00:00:00-05:00,10.170000076293945,10.430000305175781,10.130000114440918,10.430000305175781,2400,0.0,0.0
2022-02-25 00:00:00-05:00,10.460000038146973,10.470000267028809,10.0600004196167,10.109999656677246,28300,0.0,0.0
2022-02-28 00:00:00-05:00,10.199999809265137,10.390000343322754,10.199999809265137,10.25,9000,0.0,0.0
2022-03-01 00:00:00-05:00,10.399999618530273,10.399999618530273,10.140000343322754,10.149999618530273,3700,0.0,0.0
2022-03-02 00:00:00-05:00,10.380000114440918,10.380000114440918,10.180000305175781,10.25,7200,0.0,0.0
2022-03-03 00:00:00-05:00,10.390000343322754,10.5,10.229999542236328,10.489999771118164,9500,0.0,0.0
2022-03-04 00:00:00-05:00,10.399999618530273,10.5,10.319999694824219,10.319999694824219,7800,0.0,0.0
2022-03-07 00:00:00-05:00,10.5,10.5,10.289999961853027,10.319999694824219,7200,0.0,0.0
2022-03-08 00:00:00-05:00,10.399999618530273,10.489999771118164,10.260000228881836,10.260000228881836,15400,0.0,0.0
2022-03-09 00:00:00-05:00,10.329999923706055,10.430000305175781,10.260000228881836,10.430000305175781,11200,0.0,0.0
2022-03-10 00:00:00-05:00,10.3100004196167,10.40999984741211,10.289999961853027,10.380000114440918,6100,0.0,0.0
2022-03-11 00:00:00-05:00,10.449999809265137,10.5,10.399999618530273,10.460000038146973,8200,0.0,0.0
2022-03-14 00:00:00-04:00,10.539999961853027,10.649999618530273,10.420000076293945,10.420000076293945,6200,0.0,0.0
2022-03-15 00:00:00-04:00,10.430000305175781,10.609999656677246,10.289999961853027,10.420000076293945,7900,0.0,0.0
2022-03-16 00:00:00-04:00,10.520000457763672,10.520000457763672,10.40999984741211,10.430000305175781,1700,0.0,0.0
2022-03-17 00:00:00-04:00,10.4399995803833,10.65999984741211,10.430000305175781,10.470000267028809,2200,0.0,0.0
2022-03-18 00:00:00-04:00,10.529999732971191,10.760000228881836,10.300000190734863,10.760000228881836,14100,0.0,0.0
2022-03-21 00:00:00-04:00,10.550000190734863,10.699999809265137,10.359999656677246,10.630000114440918,12800,0.0,0.0
2022-03-22 00:00:00-04:00,10.600000381469727,10.600000381469727,10.399999618530273,10.4399995803833,1700,0.0,0.0
2022-03-23 00:00:00-04:00,10.3100004196167,10.5,10.300000190734863,10.300000190734863,1800,0.0,0.0
2022-03-24 00:00:00-04:00,10.420000076293945,10.420000076293945,10.289999961853027,10.3100004196167,6200,0.0,0.0
2022-03-25 00:00:00-04:00,10.220000267028809,10.390000343322754,10.199999809265137,10.25,13200,0.0,0.0
2022-03-28 00:00:00-04:00,10.229999542236328,10.229999542236328,10.229999542236328,10.229999542236328,500,0.0,0.0
2022-03-29 00:00:00-04:00,10.229999542236328,10.350000381469727,10.199999809265137,10.279999732971191,8100,0.0,0.0
2022-03-30 00:00:00-04:00,10.270000457763672,10.279999732971191,10.199999809265137,10.279999732971191,1700,0.0,0.0
2022-03-31 00:00:00-04:00,10.399999618530273,10.399999618530273,10.210000038146973,10.279999732971191,4000,0.0,0.0
2022-04-01 00:00:00-04:00,10.300000190734863,10.300000190734863,10.100000381469727,10.180000305175781,6300,0.0,0.0
2022-04-04 00:00:00-04:00,10.3100004196167,10.34000015258789,10.069999694824219,10.220000267028809,19600,0.0,0.0
2022-04-05 00:00:00-04:00,10.170000076293945,10.25,10.069999694824219,10.100000381469727,17400,0.0,0.0
2022-04-06 00:00:00-04:00,10.069999694824219,10.289999961853027,10.020000457763672,10.020000457763672,22900,0.0,0.0
2022-04-07 00:00:00-04:00,10.100000381469727,10.100000381469727,10.020000457763672,10.100000381469727,6700,0.0,0.0
2022-04-08 00:00:00-04:00,10.319999694824219,10.319999694824219,10.069999694824219,10.279999732971191,2200,0.0,0.0
2022-04-11 00:00:00-04:00,10.279999732971191,10.4399995803833,10.180000305175781,10.329999923706055,5700,0.0,0.0
2022-04-12 00:00:00-04:00,10.420000076293945,10.420000076293945,10.199999809265137,10.229999542236328,6000,0.0,0.0
2022-04-13 00:00:00-04:00,10.180000305175781,10.1899995803833,10.050000190734863,10.119999885559082,13900,0.0,0.0
2022-04-14 00:00:00-04:00,10.199999809265137,10.199999809265137,10.100000381469727,10.199999809265137,2400,0.0,0.0
2022-04-18 00:00:00-04:00,10.09000015258789,10.199999809265137,10.020000457763672,10.020000457763672,5300,0.0,0.0
2022-04-19 00:00:00-04:00,10.199999809265137,10.680000305175781,10.109999656677246,10.40999984741211,19400,0.0,0.0
2022-04-20 00:00:00-04:00,10.329999923706055,10.5,10.329999923706055,10.5,9600,0.0,0.0
2022-04-21 00:00:00-04:00,10.460000038146973,10.529999732971191,10.449999809265137,10.529999732971191,8500,0.0,0.0
2022-04-22 00:00:00-04:00,10.319999694824219,10.460000038146973,10.119999885559082,10.359999656677246,3500,0.0,0.0
2022-04-25 00:00:00-04:00,10.270000457763672,10.270000457763672,10.119999885559082,10.220000267028809,5500,0.0,0.0
2022-04-26 00:00:00-04:00,10.199999809265137,10.199999809265137,10.15999984741211,10.15999984741211,3200,0.0,0.0
2022-04-27 00:00:00-04:00,10.109999656677246,10.130000114440918,9.960000038146973,10.010000228881836,11600,0.0,0.0
2022-04-28 00:00:00-04:00,9.989999771118164,10.329999923706055,9.960000038146973,10.229999542236328,7400,0.0,0.0
2022-04-29 00:00:00-04:00,10.029999732971191,10.039999961853027,9.960000038146973,10.020000457763672,7800,0.0,0.0
2022-05-02 00:00:00-04:00,9.899999618530273,10.25,9.899999618530273,10.1899995803833,12800,0.0,0.0
2022-05-03 00:00:00-04:00,10.15999984741211,10.15999984741211,10.029999732971191,10.0600004196167,2500,0.0,0.0
2022-05-04 00:00:00-04:00,10.010000228881836,10.100000381469727,9.979999542236328,10.100000381469727,4700,0.0,0.0
2022-05-05 00:00:00-04:00,9.970000267028809,10.050000190734863,9.65999984741211,9.899999618530273,20100,0.0,0.0
2022-05-06 00:00:00-04:00,9.779999732971191,9.84000015258789,9.670000076293945,9.760000228881836,11600,0.0,0.0
2022-05-09 00:00:00-04:00,9.649999618530273,9.729999542236328,9.619999885559082,9.710000038146973,7700,0.0,0.0
2022-05-10 00:00:00-04:00,9.789999961853027,9.949999809265137,9.75,9.770000457763672,4200,0.0,0.0
2022-05-11 00:00:00-04:00,9.920000076293945,9.920000076293945,9.6899995803833,9.6899995803833,8100,0.0,0.0
2022-05-12 00:00:00-04:00,9.75,9.859999656677246,9.550000190734863,9.550000190734863,11200,0.0,0.0
2022-05-13 00:00:00-04:00,9.989999771118164,10.100000381469727,9.779999732971191,10.020000457763672,21300,0.0,0.0
2022-05-16 00:00:00-04:00,10.0,10.0,9.789999961853027,9.789999961853027,4400,0.0,0.0
2022-05-17 00:00:00-04:00,9.890000343322754,9.989999771118164,9.789999961853027,9.869999885559082,3600,0.0,0.0
2022-05-18 00:00:00-04:00,9.979999542236328,9.979999542236328,9.430000305175781,9.449999809265137,12800,0.0,0.0
2022-05-19 00:00:00-04:00,9.510000228881836,9.949999809265137,9.510000228881836,9.949999809265137,17500,0.0,0.0
2022-05-20 00:00:00-04:00,9.680000305175781,9.979999542236328,9.680000305175781,9.979999542236328,8100,0.0,0.0
2022-05-23 00:00:00-04:00,9.90999984741211,10.270000457763672,9.90999984741211,10.220000267028809,7900,0.0,0.0
2022-05-24 00:00:00-04:00,10.270000457763672,10.430000305175781,9.989999771118164,9.989999771118164,3400,0.0,0.0
2022-05-25 00:00:00-04:00,10.390000343322754,10.390000343322754,10.020000457763672,10.020000457763672,1800,0.0,0.0
2022-05-26 00:00:00-04:00,10.199999809265137,10.390000343322754,10.199999809265137,10.199999809265137,9200,0.0,0.0
2022-05-27 00:00:00-04:00,10.329999923706055,10.359999656677246,10.229999542236328,10.229999542236328,6300,0.0,0.0
2022-05-31 00:00:00-04:00,10.3100004196167,10.390000343322754,10.050000190734863,10.050000190734863,8800,0.0,0.0
2022-06-01 00:00:00-04:00,10.239999771118164,10.239999771118164,9.899999618530273,9.979999542236328,8200,0.0,0.0
2022-06-02 00:00:00-04:00,10.300000190734863,10.300000190734863,9.819999694824219,9.890000343322754,2700,0.0,0.0
2022-06-03 00:00:00-04:00,10.020000457763672,10.020000457763672,9.880000114440918,9.90999984741211,2800,0.0,0.0
2022-06-06 00:00:00-04:00,9.829999923706055,10.40999984741211,9.829999923706055,10.0600004196167,6100,0.0,0.0
2022-06-07 00:00:00-04:00,10.09000015258789,10.25,10.010000228881836,10.100000381469727,7700,0.0,0.0
2022-06-08 00:00:00-04:00,10.0,10.3100004196167,10.0,10.3100004196167,23300,0.0,0.0
2022-06-09 00:00:00-04:00,10.399999618530273,10.680000305175781,10.399999618530273,10.600000381469727,10800,0.0,0.0
2022-06-10 00:00:00-04:00,10.220000267028809,11.300000190734863,10.039999961853027,10.75,7000,0.0,0.0
2022-06-13 00:00:00-04:00,10.729999542236328,10.770000457763672,10.100000381469727,10.1899995803833,14400,0.0,0.0
2022-06-14 00:00:00-04:00,10.369999885559082,10.59000015258789,10.100000381469727,10.260000228881836,6400,0.0,0.0
2022-06-15 00:00:00-04:00,10.390000343322754,10.399999618530273,10.229999542236328,10.229999542236328,1400,0.0,0.0
2022-06-16 00:00:00-04:00,10.300000190734863,10.699999809265137,9.800000190734863,9.979999542236328,8100,0.0,0.0
2022-06-17 00:00:00-04:00,10.0,10.09000015258789,9.800000190734863,9.920000076293945,11700,0.0,0.0
2022-06-21 00:00:00-04:00,10.0,10.15999984741211,9.930000305175781,10.079999923706055,17200,0.0,0.0
2022-06-22 00:00:00-04:00,10.09000015258789,10.09000015258789,9.890000343322754,9.989999771118164,32200,0.0,0.0
2022-06-23 00:00:00-04:00,9.970000267028809,10.15999984741211,9.970000267028809,9.970000267028809,2900,0.0,0.0
2022-06-24 00:00:00-04:00,10.039999961853027,10.100000381469727,9.819999694824219,9.829999923706055,28400,0.0,0.0
2022-06-27 00:00:00-04:00,9.979999542236328,9.989999771118164,9.8100004196167,9.989999771118164,2900,0.0,0.0
2022-06-28 00:00:00-04:00,10.0,10.050000190734863,9.859999656677246,9.989999771118164,6300,0.0,0.0
2022-06-29 00:00:00-04:00,10.109999656677246,10.149999618530273,9.84000015258789,9.920000076293945,3200,0.0,0.0
2022-06-30 00:00:00-04:00,10.09000015258789,10.210000038146973,9.869999885559082,10.15999984741211,3000,0.0,0.0
2022-07-01 00:00:00-04:00,9.920000076293945,9.960000038146973,9.5600004196167,9.600000381469727,66100,0.0,0.0
2022-07-05 00:00:00-04:00,9.550000190734863,9.899999618530273,9.40999984741211,9.430000305175781,22500,0.0,0.0
2022-07-06 00:00:00-04:00,9.5,9.5,9.34000015258789,9.4399995803833,22900,0.0,0.0
2022-07-07 00:00:00-04:00,9.720000267028809,9.789999961853027,9.260000228881836,9.600000381469727,27400,0.0,0.0
2022-07-08 00:00:00-04:00,9.600000381469727,9.720000267028809,9.539999961853027,9.670000076293945,5400,0.0,0.0
2022-07-11 00:00:00-04:00,9.770000457763672,9.84000015258789,9.5,9.5600004196167,6300,0.0,0.0
2022-07-12 00:00:00-04:00,9.520000457763672,9.550000190734863,9.319999694824219,9.34000015258789,4800,0.0,0.0
2022-07-13 00:00:00-04:00,9.350000381469727,9.460000038146973,9.279999732971191,9.449999809265137,1300,0.0,0.0
2022-07-14 00:00:00-04:00,9.380000114440918,9.390000343322754,9.279999732971191,9.359999656677246,4800,0.0,0.0
2022-07-15 00:00:00-04:00,9.399999618530273,9.59000015258789,9.3100004196167,9.569999694824219,3400,0.0,0.0
2022-07-18 00:00:00-04:00,9.5,9.569999694824219,9.430000305175781,9.5,1700,0.0,0.0
2022-07-19 00:00:00-04:00,9.600000381469727,9.729999542236328,9.350000381469727,9.520000457763672,12900,0.0,0.0
2022-07-20 00:00:00-04:00,9.539999961853027,9.859999656677246,9.539999961853027,9.829999923706055,19700,0.0,0.0
2022-07-21 00:00:00-04:00,9.680000305175781,9.680000305175781,9.649999618530273,9.649999618530273,2100,0.0,0.0
2022-07-22 00:00:00-04:00,9.649999618530273,9.699999809265137,9.649999618530273,9.699999809265137,2800,0.0,0.0
2022-07-25 00:00:00-04:00,9.5600004196167,10.289999961853027,9.449999809265137,9.720000267028809,10700,0.0,0.0
2022-07-26 00:00:00-04:00,9.539999961853027,9.770000457763672,9.510000228881836,9.510000228881836,1600,0.0,0.0
2022-07-27 00:00:00-04:00,9.800000190734863,9.890000343322754,9.65999984741211,9.890000343322754,5000,0.0,0.0
2022-07-28 00:00:00-04:00,9.59000015258789,9.649999618530273,9.569999694824219,9.649999618530273,2500,0.0,0.0
2022-07-29 00:00:00-04:00,9.800000190734863,10.0600004196167,9.800000190734863,9.90999984741211,4500,0.0,0.0
2022-08-01 00:00:00-04:00,9.859999656677246,9.859999656677246,9.65999984741211,9.699999809265137,1700,0.0,0.0
2022-08-02 00:00:00-04:00,9.720000267028809,9.760000228881836,9.630000114440918,9.6899995803833,7400,0.0,0.0
2022-08-03 00:00:00-04:00,9.539999961853027,9.800000190734863,9.399999618530273,9.720000267028809,6300,0.0,0.0
2022-08-04 00:00:00-04:00,9.470000267028809,9.739999771118164,9.470000267028809,9.739999771118164,3800,0.0,0.0
2022-08-05 00:00:00-04:00,9.579999923706055,9.6899995803833,9.430000305175781,9.6899995803833,1900,0.0,0.0
2022-08-08 00:00:00-04:00,9.800000190734863,9.800000190734863,9.489999771118164,9.489999771118164,4100,0.0,0.0
2022-08-09 00:00:00-04:00,9.770000457763672,9.779999732971191,9.460000038146973,9.460000038146973,3000,0.0,0.0
2022-08-10 00:00:00-04:00,9.539999961853027,9.800000190734863,9.489999771118164,9.800000190734863,9600,0.0,0.0
2022-08-11 00:00:00-04:00,9.720000267028809,9.800000190734863,9.550000190734863,9.6899995803833,13900,0.0,0.0
2022-08-12 00:00:00-04:00,9.670000076293945,9.949999809265137,9.619999885559082,9.699999809265137,11000,0.0,0.0
2022-08-15 00:00:00-04:00,10.350000381469727,10.350000381469727,9.710000038146973,9.75,27700,0.0,0.0
2022-08-16 00:00:00-04:00,10.140000343322754,10.140000343322754,9.710000038146973,9.710000038146973,6100,0.0,0.0
2022-08-17 00:00:00-04:00,9.75,9.949999809265137,9.640000343322754,9.899999618530273,7900,0.0,0.0
2022-08-18 00:00:00-04:00,10.039999961853027,10.470000267028809,9.899999618530273,10.460000038146973,7900,0.0,0.0
2022-08-19 00:00:00-04:00,11.289999961853027,11.289999961853027,10.010000228881836,10.010000228881836,7700,0.0,0.0
2022-08-22 00:00:00-04:00,10.0600004196167,10.539999961853027,9.90999984741211,10.300000190734863,31200,0.0,0.0
2022-08-23 00:00:00-04:00,10.039999961853027,10.300000190734863,9.979999542236328,10.1899995803833,3200,0.0,0.0
2022-08-24 00:00:00-04:00,9.9399995803833,10.239999771118164,9.9399995803833,10.239999771118164,4000,0.0,0.0
2022-08-25 00:00:00-04:00,10.260000228881836,10.300000190734863,10.149999618530273,10.300000190734863,1800,0.0,0.0
2022-08-26 00:00:00-04:00,10.050000190734863,10.220000267028809,9.989999771118164,10.130000114440918,4300,0.0,0.0
2022-08-29 00:00:00-04:00,10.069999694824219,10.229999542236328,10.0,10.039999961853027,7600,0.0,0.0
2022-08-30 00:00:00-04:00,10.020000457763672,10.130000114440918,9.949999809265137,10.050000190734863,13900,0.0,0.0
2022-08-31 00:00:00-04:00,10.0,10.079999923706055,9.869999885559082,9.970000267028809,1900,0.0,0.0
2022-09-01 00:00:00-04:00,9.960000038146973,10.100000381469727,9.960000038146973,9.989999771118164,4200,0.0,0.0
2022-09-02 00:00:00-04:00,9.920000076293945,10.09000015258789,9.630000114440918,10.010000228881836,7600,0.0,0.0
2022-09-06 00:00:00-04:00,10.029999732971191,10.09000015258789,9.989999771118164,10.029999732971191,4200,0.0,0.0
2022-09-07 00:00:00-04:00,10.09000015258789,10.09000015258789,10.050000190734863,10.050000190734863,1400,0.0,0.0
2022-09-08 00:00:00-04:00,9.84000015258789,10.199999809265137,9.84000015258789,10.199999809265137,2500,0.0,0.0
2022-09-09 00:00:00-04:00,10.119999885559082,10.140000343322754,10.0,10.140000343322754,4100,0.0,0.0
2022-09-12 00:00:00-04:00,10.0,10.079999923706055,10.0,10.0,3900,0.0,0.0
2022-09-13 00:00:00-04:00,10.09000015258789,10.09000015258789,10.0,10.0,4600,0.0,0.0
2022-09-14 00:00:00-04:00,10.0,10.100000381469727,9.819999694824219,9.84000015258789,7900,0.0,0.0
2022-09-15 00:00:00-04:00,9.960000038146973,10.0600004196167,9.75,10.0600004196167,18900,0.0,0.0
2022-09-16 00:00:00-04:00,9.800000190734863,10.199999809265137,9.800000190734863,9.819999694824219,29900,0.0,0.0
2022-09-19 00:00:00-04:00,9.899999618530273,10.020000457763672,9.770000457763672,10.020000457763672,4500,0.0,0.0
2022-09-20 00:00:00-04:00,9.75,9.869999885559082,9.579999923706055,9.800000190734863,5800,0.0,0.0
2022-09-21 00:00:00-04:00,9.819999694824219,9.819999694824219,9.489999771118164,9.489999771118164,8300,0.0,0.0
2022-09-22 00:00:00-04:00,9.600000381469727,9.600000381469727,9.510000228881836,9.539999961853027,6600,0.0,0.0
2022-09-23 00:00:00-04:00,9.479999542236328,9.479999542236328,9.100000381469727,9.1899995803833,4200,0.0,0.0
2022-09-26 00:00:00-04:00,9.329999923706055,9.329999923706055,9.0,9.119999885559082,10400,0.0,0.0
2022-09-27 00:00:00-04:00,9.199999809265137,9.449999809265137,9.010000228881836,9.010000228881836,1600,0.0,0.0
2022-09-28 00:00:00-04:00,9.09000015258789,9.350000381469727,9.09000015258789,9.199999809265137,9800,0.0,0.0
2022-09-29 00:00:00-04:00,8.880000114440918,9.130000114440918,8.800000190734863,9.0600004196167,6200,0.0,0.0
2022-09-30 00:00:00-04:00,9.119999885559082,9.149999618530273,9.010000228881836,9.010000228881836,4700,0.0,0.0
2022-10-03 00:00:00-04:00,8.829999923706055,9.779999732971191,8.829999923706055,9.779999732971191,3800,0.0,0.0
2022-10-04 00:00:00-04:00,9.229999542236328,9.670000076293945,9.229999542236328,9.550000190734863,5600,0.0,0.0
2022-10-05 00:00:00-04:00,9.3100004196167,9.600000381469727,9.3100004196167,9.479999542236328,2700,0.0,0.0
2022-10-06 00:00:00-04:00,9.40999984741211,9.479999542236328,9.369999885559082,9.449999809265137,3300,0.0,0.0
2022-10-07 00:00:00-04:00,9.329999923706055,9.399999618530273,9.329999923706055,9.350000381469727,1800,0.0,0.0
2022-10-10 00:00:00-04:00,9.40999984741211,9.460000038146973,9.40999984741211,9.420000076293945,3600,0.0,0.0
2022-10-11 00:00:00-04:00,9.479999542236328,9.699999809265137,9.25,9.34000015258789,4200,0.0,0.0
2022-10-12 00:00:00-04:00,9.079999923706055,9.420000076293945,9.079999923706055,9.420000076293945,1500,0.0,0.0
2022-10-13 00:00:00-04:00,9.25,9.619999885559082,9.25,9.619999885559082,3600,0.0,0.0
2022-10-14 00:00:00-04:00,9.720000267028809,9.720000267028809,9.529999732971191,9.539999961853027,2300,0.0,0.0
2022-10-17 00:00:00-04:00,9.479999542236328,9.529999732971191,9.300000190734863,9.399999618530273,9900,0.0,0.0
2022-10-18 00:00:00-04:00,9.399999618530273,9.550000190734863,9.399999618530273,9.470000267028809,4400,0.0,0.0
2022-10-19 00:00:00-04:00,9.449999809265137,9.5,9.399999618530273,9.5,2600,0.0,0.0
2022-10-20 00:00:00-04:00,9.640000343322754,9.739999771118164,9.5,9.630000114440918,2600,0.0,0.0
2022-10-21 00:00:00-04:00,9.59000015258789,9.619999885559082,9.569999694824219,9.619999885559082,1500,0.0,0.0
2022-10-24 00:00:00-04:00,9.800000190734863,9.960000038146973,9.640000343322754,9.90999984741211,8600,0.0,0.0
2022-10-25 00:00:00-04:00,9.75,10.0,9.680000305175781,10.0,11500,0.0,0.0
2022-10-26 00:00:00-04:00,10.25,10.25,9.680000305175781,9.800000190734863,14500,0.0,0.0
2022-10-27 00:00:00-04:00,9.819999694824219,9.829999923706055,9.359999656677246,9.680000305175781,19800,0.0,0.0
2022-10-28 00:00:00-04:00,9.729999542236328,9.930000305175781,9.40999984741211,9.8100004196167,5800,0.0,0.0
2022-10-31 00:00:00-04:00,9.420000076293945,9.899999618530273,9.420000076293945,9.5,6400,0.0,0.0
2022-11-01 00:00:00-04:00,9.59000015258789,9.819999694824219,9.529999732971191,9.529999732971191,6000,0.0,0.0
2022-11-02 00:00:00-04:00,9.510000228881836,9.59000015258789,9.25,9.5,12000,0.0,0.0
2022-11-03 00:00:00-04:00,9.25,9.569999694824219,9.25,9.34000015258789,3800,0.0,0.0
2022-11-04 00:00:00-04:00,9.350000381469727,9.350000381469727,8.819999694824219,9.09000015258789,19000,0.0,0.0
2022-11-07 00:00:00-05:00,9.899999618530273,10.149999618530273,9.0,9.050000190734863,21300,0.0,0.0
2022-11-08 00:00:00-05:00,9.399999618530273,9.399999618530273,8.720000267028809,8.850000381469727,33100,0.0,0.0
2022-11-09 00:00:00-05:00,8.75,8.8100004196167,8.380000114440918,8.760000228881836,35800,0.0,0.0
2022-11-10 00:00:00-05:00,9.109999656677246,9.109999656677246,8.800000190734863,8.989999771118164,44100,0.0,0.0
2022-11-11 00:00:00-05:00,9.5,9.789999961853027,9.329999923706055,9.550000190734863,9500,0.0,0.0
2022-11-14 00:00:00-05:00,9.5,9.640000343322754,9.489999771118164,9.510000228881836,6100,0.0,0.0
2022-11-15 00:00:00-05:00,9.510000228881836,10.0,9.510000228881836,9.880000114440918,9800,0.0,0.0
2022-11-16 00:00:00-05:00,9.75,9.989999771118164,9.529999732971191,9.890000343322754,6600,0.0,0.0
2022-11-17 00:00:00-05:00,9.630000114440918,9.989999771118164,9.630000114440918,9.819999694824219,6500,0.0,0.0
2022-11-18 00:00:00-05:00,10.0,10.0,9.65999984741211,10.0,5300,0.0,0.0
2022-11-21 00:00:00-05:00,10.0,10.149999618530273,9.859999656677246,9.859999656677246,9800,0.0,0.0
2022-11-22 00:00:00-05:00,9.829999923706055,10.15999984741211,9.760000228881836,10.079999923706055,27100,0.0,0.0
2022-11-23 00:00:00-05:00,9.970000267028809,10.050000190734863,9.920000076293945,9.970000267028809,3500,0.0,0.0
2022-11-25 00:00:00-05:00,9.899999618530273,9.899999618530273,9.859999656677246,9.859999656677246,1500,0.0,0.0
2022-11-28 00:00:00-05:00,9.949999809265137,10.260000228881836,9.949999809265137,10.140000343322754,6300,0.0,0.0
2022-11-29 00:00:00-05:00,10.100000381469727,10.699999809265137,10.020000457763672,10.699999809265137,26800,0.0,0.0
2022-11-30 00:00:00-05:00,10.449999809265137,10.699999809265137,10.449999809265137,10.699999809265137,6000,0.0,0.0
2022-12-01 00:00:00-05:00,10.680000305175781,10.699999809265137,10.279999732971191,10.680000305175781,16400,0.0,0.0
2022-12-02 00:00:00-05:00,10.239999771118164,10.979999542236328,10.239999771118164,10.789999961853027,18800,0.0,0.0
2022-12-05 00:00:00-05:00,10.59000015258789,10.859999656677246,10.420000076293945,10.680000305175781,15700,0.0,0.0
2022-12-06 00:00:00-05:00,10.510000228881836,11.0,10.449999809265137,11.0,17700,0.0,0.0
2022-12-07 00:00:00-05:00,10.510000228881836,10.859999656677246,10.510000228881836,10.5600004196167,4300,0.0,0.0
2022-12-08 00:00:00-05:00,10.899999618530273,10.979999542236328,10.550000190734863,10.84000015258789,10600,0.0,0.0
2022-12-09 00:00:00-05:00,10.880000114440918,10.930000305175781,10.600000381469727,10.890000343322754,9700,0.0,0.0
2022-12-12 00:00:00-05:00,10.779999732971191,11.119999885559082,10.640000343322754,10.949999809265137,4000,0.0,0.0
2022-12-13 00:00:00-05:00,11.180000305175781,11.180000305175781,10.770000457763672,10.970000267028809,4900,0.0,0.0
2022-12-14 00:00:00-05:00,10.949999809265137,11.079999923706055,10.949999809265137,11.079999923706055,10400,0.0,0.0
2022-12-15 00:00:00-05:00,10.520000457763672,11.149999618530273,10.5,11.149999618530273,11500,0.0,0.0
2022-12-16 00:00:00-05:00,11.15999984741211,11.180000305175781,10.399999618530273,11.180000305175781,40000,0.0,0.0
2022-12-19 00:00:00-05:00,10.949999809265137,11.5,10.949999809265137,11.399999618530273,29400,0.0,0.0
2022-12-20 00:00:00-05:00,11.399999618530273,11.399999618530273,10.949999809265137,11.260000228881836,8700,0.0,0.0
2022-12-21 00:00:00-05:00,11.079999923706055,11.270000457763672,10.960000038146973,10.960000038146973,7800,0.0,0.0
2022-12-22 00:00:00-05:00,11.149999618530273,11.149999618530273,10.40999984741211,10.579999923706055,9000,0.0,0.0
2022-12-23 00:00:00-05:00,10.59000015258789,10.739999771118164,10.350000381469727,10.40999984741211,13700,0.0,0.0
2022-12-27 00:00:00-05:00,10.569999694824219,10.569999694824219,10.350000381469727,10.40999984741211,13500,0.0,0.0
2022-12-28 00:00:00-05:00,10.399999618530273,10.529999732971191,10.300000190734863,10.300000190734863,5000,0.0,0.0
2022-12-29 00:00:00-05:00,10.520000457763672,10.5600004196167,10.130000114440918,10.130000114440918,10000,0.0,0.0
2022-12-30 00:00:00-05:00,10.199999809265137,10.430000305175781,10.100000381469727,10.100000381469727,11000,0.0,0.0
2023-01-03 00:00:00-05:00,10.4399995803833,10.4399995803833,10.100000381469727,10.279999732971191,14000,0.0,0.0
2023-01-04 00:00:00-05:00,10.449999809265137,10.569999694824219,10.020000457763672,10.40999984741211,13800,0.0,0.0
2023-01-05 00:00:00-05:00,10.390000343322754,11.0,10.25,10.649999618530273,35500,0.0,0.0
2023-01-06 00:00:00-05:00,10.600000381469727,11.199999809265137,10.59000015258789,10.739999771118164,8100,0.0,0.0
2023-01-09 00:00:00-05:00,11.1899995803833,11.350000381469727,10.680000305175781,10.680000305175781,15500,0.0,0.0
2023-01-10 00:00:00-05:00,11.079999923706055,11.079999923706055,10.680000305175781,10.680000305175781,11700,0.0,0.0
2023-01-11 00:00:00-05:00,10.960000038146973,11.399999618530273,10.819999694824219,10.819999694824219,16500,0.0,0.0
2023-01-12 00:00:00-05:00,11.050000190734863,11.199999809265137,10.739999771118164,10.739999771118164,10400,0.0,0.0
2023-01-13 00:00:00-05:00,10.8100004196167,11.149999618530273,10.8100004196167,10.84000015258789,5700,0.0,0.0
2023-01-17 00:00:00-05:00,11.170000076293945,11.399999618530273,10.760000228881836,10.779999732971191,26700,0.0,0.0
2023-01-18 00:00:00-05:00,11.119999885559082,11.140000343322754,10.5,10.59000015258789,12300,0.0,0.0
2023-01-19 00:00:00-05:00,10.399999618530273,10.649999618530273,10.260000228881836,10.640000343322754,11200,0.0,0.0
2023-01-20 00:00:00-05:00,10.25,10.880000114440918,10.25,10.789999961853027,7800,0.0,0.0
2023-01-23 00:00:00-05:00,10.789999961853027,11.0,10.649999618530273,10.869999885559082,8000,0.0,0.0
2023-01-24 00:00:00-05:00,10.970000267028809,11.010000228881836,10.4399995803833,10.470000267028809,13600,0.0,0.0
2023-01-25 00:00:00-05:00,10.479999542236328,10.949999809265137,10.4399995803833,10.890000343322754,17300,0.0,0.0
2023-01-26 00:00:00-05:00,11.079999923706055,11.100000381469727,10.779999732971191,11.09000015258789,11300,0.0,0.0
2023-01-27 00:00:00-05:00,10.5600004196167,10.9399995803833,10.550000190734863,10.800000190734863,12500,0.0,0.0
2023-01-30 00:00:00-05:00,10.800000190734863,11.069999694824219,10.5600004196167,10.600000381469727,12100,0.0,0.0
2023-01-31 00:00:00-05:00,10.600000381469727,10.890000343322754,10.180000305175781,10.640000343322754,30600,0.0,0.0
2023-02-01 00:00:00-05:00,10.5,10.6899995803833,10.359999656677246,10.4399995803833,21800,0.0,0.0
2023-02-02 00:00:00-05:00,10.649999618530273,10.779999732971191,10.260000228881836,10.369999885559082,37900,0.0,0.0
2023-02-03 00:00:00-05:00,10.220000267028809,10.5,9.800000190734863,10.170000076293945,52900,0.0,0.0
2023-02-06 00:00:00-05:00,10.25,10.649999618530273,10.25,10.520000457763672,14100,0.0,0.0
2023-02-07 00:00:00-05:00,10.550000190734863,10.8100004196167,10.220000267028809,10.430000305175781,15300,0.0,0.0
2023-02-08 00:00:00-05:00,10.550000190734863,10.720000267028809,10.550000190734863,10.640000343322754,7000,0.0,0.0
2023-02-09 00:00:00-05:00,10.850000381469727,10.850000381469727,10.5600004196167,10.6899995803833,6200,0.0,0.0
2023-02-10 00:00:00-05:00,11.75,12.930000305175781,11.210000038146973,11.630000114440918,40000,0.0,0.0
2023-02-13 00:00:00-05:00,11.819999694824219,12.430000305175781,11.699999809265137,12.25,70500,0.0,0.0
2023-02-14 00:00:00-05:00,11.979999542236328,12.699999809265137,11.970000267028809,12.470000267028809,84800,0.0,0.0
2023-02-15 00:00:00-05:00,12.5600004196167,12.649999618530273,12.149999618530273,12.619999885559082,31400,0.0,0.0
2023-02-16 00:00:00-05:00,12.760000228881836,12.760000228881836,12.119999885559082,12.5600004196167,26100,0.0,0.0
2023-02-17 00:00:00-05:00,12.489999771118164,13.0,12.140000343322754,12.859999656677246,28100,0.0,0.0
2023-02-21 00:00:00-05:00,12.510000228881836,12.890000343322754,12.5,12.600000381469727,20000,0.0,0.0
2023-02-22 00:00:00-05:00,12.680000305175781,13.0,12.5,12.779999732971191,27400,0.0,0.0
2023-02-23 00:00:00-05:00,13.25,13.600000381469727,12.869999885559082,13.489999771118164,37300,0.0,0.0
2023-02-24 00:00:00-05:00,13.449999809265137,13.5,12.890000343322754,13.420000076293945,17300,0.0,0.0
2023-02-27 00:00:00-05:00,13.239999771118164,14.15999984741211,13.239999771118164,13.859999656677246,38600,0.0,0.0
2023-02-28 00:00:00-05:00,13.800000190734863,14.229999542236328,13.600000381469727,14.0,29200,0.0,0.0
2023-03-01 00:00:00-05:00,14.149999618530273,14.470000267028809,13.579999923706055,14.149999618530273,35700,0.0,0.0
2023-03-02 00:00:00-05:00,13.550000190734863,14.510000228881836,13.460000038146973,14.25,31800,0.0,0.0
2023-03-03 00:00:00-05:00,14.489999771118164,14.489999771118164,13.90999984741211,14.449999809265137,22500,0.0,0.0
2023-03-06 00:00:00-05:00,14.5,14.770000457763672,14.15999984741211,14.520000457763672,53400,0.0,0.0
2023-03-07 00:00:00-05:00,14.600000381469727,14.699999809265137,14.229999542236328,14.359999656677246,24800,0.0,0.0
2023-03-08 00:00:00-05:00,14.550000190734863,15.300000190734863,14.329999923706055,15.0,87100,0.0,0.0
2023-03-09 00:00:00-05:00,14.899999618530273,15.229999542236328,14.529999732971191,14.960000038146973,56800,0.0,0.0
2023-03-10 00:00:00-05:00,14.760000228881836,15.0,14.630000114440918,14.880000114440918,52600,0.0,0.0
2023-03-13 00:00:00-04:00,14.569999694824219,14.880000114440918,14.130000114440918,14.260000228881836,57700,0.0,0.0
2023-03-14 00:00:00-04:00,14.510000228881836,14.6899995803833,14.260000228881836,14.3100004196167,24800,0.0,0.0
2023-03-15 00:00:00-04:00,14.25,14.59000015258789,13.680000305175781,13.859999656677246,45400,0.0,0.0
2023-03-16 00:00:00-04:00,13.489999771118164,14.289999961853027,13.489999771118164,14.1899995803833,24500,0.0,0.0
2023-03-17 00:00:00-04:00,14.010000228881836,14.550000190734863,13.739999771118164,14.520000457763672,125000,0.0,0.0
2023-03-20 00:00:00-04:00,14.710000038146973,14.710000038146973,14.15999984741211,14.470000267028809,24400,0.0,0.0
2023-03-21 00:00:00-04:00,14.569999694824219,14.829999923706055,14.539999961853027,14.630000114440918,40600,0.0,0.0
2023-03-22 00:00:00-04:00,14.600000381469727,15.130000114440918,14.34000015258789,14.779999732971191,45400,0.0,0.0
2023-03-23 00:00:00-04:00,14.800000190734863,15.300000190734863,14.65999984741211,14.859999656677246,55800,0.0,0.0
2023-03-24 00:00:00-04:00,14.5600004196167,14.989999771118164,13.800000190734863,14.899999618530273,39000,0.0,0.0
2023-03-27 00:00:00-04:00,14.600000381469727,14.869999885559082,14.260000228881836,14.479999542236328,43200,0.0,0.0
2023-03-28 00:00:00-04:00,14.449999809265137,14.649999618530273,14.449999809265137,14.600000381469727,19800,0.0,0.0
2023-03-29 00:00:00-04:00,14.550000190734863,14.710000038146973,14.420000076293945,14.710000038146973,22800,0.0,0.0
2023-03-30 00:00:00-04:00,14.819999694824219,15.149999618530273,14.729999542236328,14.989999771118164,41000,0.0,0.0
2023-03-31 00:00:00-04:00,15.15999984741211,15.369999885559082,15.0,15.369999885559082,26600,0.0,0.0
2023-04-03 00:00:00-04:00,15.239999771118164,15.529999732971191,14.829999923706055,15.359999656677246,53700,0.0,0.0
2023-04-04 00:00:00-04:00,15.359999656677246,15.4399995803833,14.569999694824219,14.670000076293945,30300,0.0,0.0
2023-04-05 00:00:00-04:00,14.819999694824219,14.880000114440918,14.289999961853027,14.430000305175781,20800,0.0,0.0
2023-04-06 00:00:00-04:00,14.3100004196167,14.670000076293945,14.220000267028809,14.5,11600,0.0,0.0
2023-04-10 00:00:00-04:00,14.369999885559082,15.229999542236328,14.369999885559082,15.0600004196167,38500,0.0,0.0
2023-04-11 00:00:00-04:00,14.930000305175781,15.390000343322754,14.550000190734863,15.229999542236328,30800,0.0,0.0
2023-04-12 00:00:00-04:00,15.15999984741211,15.329999923706055,14.739999771118164,15.300000190734863,36800,0.0,0.0
2023-04-13 00:00:00-04:00,15.170000076293945,15.170000076293945,14.470000267028809,15.0,42800,0.0,0.0
2023-04-14 00:00:00-04:00,14.850000381469727,14.989999771118164,14.720000267028809,14.949999809265137,22000,0.0,0.0
2023-04-17 00:00:00-04:00,14.859999656677246,14.949999809265137,14.640000343322754,14.949999809265137,30000,0.0,0.0
2023-04-18 00:00:00-04:00,14.850000381469727,15.0,14.649999618530273,14.880000114440918,33900,0.0,0.0
2023-04-19 00:00:00-04:00,14.800000190734863,15.0,14.079999923706055,14.329999923706055,35300,0.0,0.0
2023-04-20 00:00:00-04:00,14.270000457763672,14.489999771118164,14.229999542236328,14.40999984741211,18300,0.0,0.0
2023-04-21 00:00:00-04:00,14.279999732971191,14.680000305175781,14.279999732971191,14.520000457763672,14200,0.0,0.0
2023-04-24 00:00:00-04:00,14.300000190734863,14.680000305175781,14.279999732971191,14.279999732971191,24500,0.0,0.0
2023-04-25 00:00:00-04:00,14.460000038146973,14.460000038146973,12.630000114440918,12.630000114440918,51300,0.0,0.0
2023-04-26 00:00:00-04:00,12.630000114440918,12.989999771118164,12.630000114440918,12.630000114440918,21500,0.0,0.0
2023-04-27 00:00:00-04:00,12.640000343322754,13.170000076293945,12.34000015258789,12.829999923706055,33500,0.0,0.0
2023-04-28 00:00:00-04:00,12.869999885559082,13.680000305175781,12.739999771118164,13.199999809265137,31000,0.0,0.0
2023-05-01 00:00:00-04:00,13.6899995803833,13.6899995803833,13.359999656677246,13.4399995803833,11700,0.0,0.0
2023-05-02 00:00:00-04:00,13.399999618530273,13.729999542236328,13.369999885559082,13.5600004196167,19700,0.0,0.0
2023-05-03 00:00:00-04:00,13.5600004196167,14.029999732971191,13.5600004196167,13.739999771118164,15500,0.0,0.0
2023-05-04 00:00:00-04:00,13.819999694824219,13.869999885559082,13.3100004196167,13.5,11600,0.0,0.0
2023-05-05 00:00:00-04:00,13.489999771118164,14.229999542236328,13.489999771118164,14.229999542236328,15400,0.0,0.0
2023-05-08 00:00:00-04:00,14.119999885559082,14.220000267028809,13.630000114440918,13.84000015258789,20300,0.0,0.0
2023-05-09 00:00:00-04:00,13.859999656677246,14.25,13.489999771118164,13.489999771118164,15000,0.0,0.0
2023-05-10 00:00:00-04:00,13.609999656677246,13.850000381469727,13.119999885559082,13.149999618530273,43100,0.0,0.0
2023-05-11 00:00:00-04:00,12.90999984741211,13.739999771118164,12.90999984741211,13.680000305175781,10400,0.0,0.0
2023-05-12 00:00:00-04:00,13.699999809265137,14.460000038146973,13.699999809265137,14.399999618530273,26200,0.0,0.0
2023-05-15 00:00:00-04:00,14.199999809265137,14.989999771118164,14.050000190734863,14.789999961853027,29100,0.0,0.0
2023-05-16 00:00:00-04:00,14.739999771118164,14.930000305175781,14.550000190734863,14.720000267028809,28300,0.0,0.0
2023-05-17 00:00:00-04:00,14.479999542236328,14.8100004196167,14.270000457763672,14.8100004196167,41300,0.0,0.0
2023-05-18 00:00:00-04:00,14.5,14.720000267028809,14.5,14.630000114440918,22900,0.0,0.0
2023-05-19 00:00:00-04:00,14.539999961853027,14.710000038146973,14.369999885559082,14.479999542236328,29600,0.0,0.0
2023-05-22 00:00:00-04:00,14.470000267028809,14.470000267028809,13.930000305175781,14.119999885559082,32000,0.0,0.0
2023-05-23 00:00:00-04:00,14.119999885559082,14.399999618530273,14.029999732971191,14.029999732971191,10900,0.0,0.0
2023-05-24 00:00:00-04:00,14.229999542236328,14.25,13.890000343322754,14.180000305175781,15000,0.0,0.0
2023-05-25 00:00:00-04:00,14.149999618530273,14.149999618530273,13.739999771118164,13.779999732971191,13200,0.0,0.0
2023-05-26 00:00:00-04:00,13.760000228881836,13.979999542236328,13.670000076293945,13.6899995803833,12500,0.0,0.0
2023-05-30 00:00:00-04:00,13.720000267028809,13.800000190734863,13.59000015258789,13.59000015258789,9600,0.0,0.0
2023-05-31 00:00:00-04:00,13.760000228881836,14.319999694824219,13.630000114440918,14.0600004196167,23100,0.0,0.0
2023-06-01 00:00:00-04:00,14.0600004196167,14.59000015258789,14.0600004196167,14.350000381469727,55900,0.0,0.0
2023-06-02 00:00:00-04:00,14.350000381469727,14.699999809265137,14.25,14.569999694824219,44100,0.0,0.0
2023-06-05 00:00:00-04:00,14.479999542236328,14.600000381469727,14.199999809265137,14.199999809265137,16500,0.0,0.0
2023-06-06 00:00:00-04:00,14.199999809265137,14.630000114440918,14.199999809265137,14.380000114440918,25700,0.0,0.0
2023-06-07 00:00:00-04:00,14.229999542236328,14.399999618530273,14.199999809265137,14.270000457763672,27400,0.0,0.0
2023-06-08 00:00:00-04:00,14.279999732971191,14.430000305175781,14.220000267028809,14.380000114440918,33000,0.0,0.0
2023-06-09 00:00:00-04:00,14.380000114440918,14.510000228881836,14.3100004196167,14.399999618530273,20000,0.0,0.0
2023-06-12 00:00:00-04:00,14.479999542236328,14.800000190734863,14.319999694824219,14.729999542236328,93800,0.0,0.0
2023-06-13 00:00:00-04:00,14.680000305175781,14.930000305175781,14.420000076293945,14.4399995803833,64900,0.0,0.0
2023-06-14 00:00:00-04:00,14.369999885559082,14.489999771118164,13.460000038146973,14.34000015258789,44700,0.0,0.0
2023-06-15 00:00:00-04:00,14.300000190734863,14.300000190734863,14.069999694824219,14.300000190734863,27900,0.0,0.0
2023-06-16 00:00:00-04:00,14.180000305175781,14.649999618530273,14.0600004196167,14.390000343322754,71800,0.0,0.0
2023-06-20 00:00:00-04:00,14.399999618530273,15.0,14.399999618530273,15.0,97800,0.0,0.0
2023-06-21 00:00:00-04:00,14.9399995803833,15.420000076293945,14.640000343322754,15.300000190734863,82400,0.0,0.0
2023-06-22 00:00:00-04:00,15.260000228881836,15.449999809265137,15.25,15.380000114440918,57400,0.0,0.0
2023-06-23 00:00:00-04:00,15.319999694824219,15.460000038146973,14.220000267028809,14.539999961853027,1214500,0.0,0.0
2023-06-26 00:00:00-04:00,14.34000015258789,14.65999984741211,14.069999694824219,14.3100004196167,82300,0.0,0.0
2023-06-27 00:00:00-04:00,14.460000038146973,14.770000457763672,13.770000457763672,14.510000228881836,52200,0.0,0.0
2023-06-28 00:00:00-04:00,14.729999542236328,14.859999656677246,14.279999732971191,14.800000190734863,58100,0.0,0.0
2023-06-29 00:00:00-04:00,14.890000343322754,15.350000381469727,14.680000305175781,15.34000015258789,41400,0.0,0.0
2023-06-30 00:00:00-04:00,15.34000015258789,15.59000015258789,15.300000190734863,15.579999923706055,63900,0.0,0.0
2023-07-03 00:00:00-04:00,15.579999923706055,15.59000015258789,15.390000343322754,15.529999732971191,20000,0.0,0.0
2023-07-05 00:00:00-04:00,15.319999694824219,15.579999923706055,15.180000305175781,15.270000457763672,33000,0.0,0.0
2023-07-06 00:00:00-04:00,15.270000457763672,15.59000015258789,15.109999656677246,15.59000015258789,43000,0.0,0.0
2023-07-07 00:00:00-04:00,15.510000228881836,15.8100004196167,15.300000190734863,15.760000228881836,51500,0.0,0.0
2023-07-10 00:00:00-04:00,15.760000228881836,15.890000343322754,14.869999885559082,14.970000267028809,112600,0.0,0.0
2023-07-11 00:00:00-04:00,14.890000343322754,15.170000076293945,14.529999732971191,14.779999732971191,37500,0.0,0.0
2023-07-12 00:00:00-04:00,14.949999809265137,15.050000190734863,14.850000381469727,14.949999809265137,16400,0.0,0.0
2023-07-13 00:00:00-04:00,15.069999694824219,15.069999694824219,14.699999809265137,14.899999618530273,12600,0.0,0.0
2023-07-14 00:00:00-04:00,14.770000457763672,14.949999809265137,14.579999923706055,14.899999618530273,27400,0.0,0.0
2023-07-17 00:00:00-04:00,15.010000228881836,15.180000305175781,14.760000228881836,15.069999694824219,32900,0.0,0.0
2023-07-18 00:00:00-04:00,15.1899995803833,15.390000343322754,15.069999694824219,15.34000015258789,26300,0.0,0.0
2023-07-19 00:00:00-04:00,15.350000381469727,15.539999961853027,14.899999618530273,15.020000457763672,17500,0.0,0.0
2023-07-20 00:00:00-04:00,15.079999923706055,15.130000114440918,14.619999885559082,15.079999923706055,23800,0.0,0.0
2023-07-21 00:00:00-04:00,15.170000076293945,15.170000076293945,14.850000381469727,14.890000343322754,14400,0.0,0.0
2023-07-24 00:00:00-04:00,15.0,15.229999542236328,14.59000015258789,15.119999885559082,27600,0.0,0.0
2023-07-25 00:00:00-04:00,15.09000015258789,15.329999923706055,15.09000015258789,15.25,19000,0.0,0.0
2023-07-26 00:00:00-04:00,15.350000381469727,15.40999984741211,15.069999694824219,15.149999618530273,11000,0.0,0.0
2023-07-27 00:00:00-04:00,15.289999961853027,15.289999961853027,15.029999732971191,15.130000114440918,8600,0.0,0.0
2023-07-28 00:00:00-04:00,15.329999923706055,15.329999923706055,15.199999809265137,15.210000038146973,9200,0.0,0.0
2023-07-31 00:00:00-04:00,15.199999809265137,15.420000076293945,15.029999732971191,15.25,18800,0.0,0.0
2023-08-01 00:00:00-04:00,15.260000228881836,15.59000015258789,15.229999542236328,15.569999694824219,16500,0.0,0.0
2023-08-02 00:00:00-04:00,15.34000015258789,15.40999984741211,14.979999542236328,15.029999732971191,15800,0.0,0.0
2023-08-03 00:00:00-04:00,15.100000381469727,15.399999618530273,15.0,15.199999809265137,5300,0.0,0.0
2023-08-04 00:00:00-04:00,15.34000015258789,15.420000076293945,15.34000015258789,15.380000114440918,10400,0.0,0.0
2023-08-07 00:00:00-04:00,15.479999542236328,15.489999771118164,15.170000076293945,15.25,14000,0.0,0.0
2023-08-08 00:00:00-04:00,15.199999809265137,15.699999809265137,15.180000305175781,15.1899995803833,26200,0.0,0.0
2023-08-09 00:00:00-04:00,15.369999885559082,15.369999885559082,15.079999923706055,15.1899995803833,16600,0.0,0.0
2023-08-10 00:00:00-04:00,14.9399995803833,15.260000228881836,14.9399995803833,15.09000015258789,22200,0.0,0.0
2023-08-11 00:00:00-04:00,14.9399995803833,15.09000015258789,14.789999961853027,14.859999656677246,11800,0.0,0.0
2023-08-14 00:00:00-04:00,14.770000457763672,14.979999542236328,14.430000305175781,14.529999732971191,32500,0.0,0.0
2023-08-15 00:00:00-04:00,14.609999656677246,14.6899995803833,14.229999542236328,14.229999542236328,24900,0.0,0.0
2023-08-16 00:00:00-04:00,14.380000114440918,14.380000114440918,14.149999618530273,14.15999984741211,22800,0.0,0.0
2023-08-17 00:00:00-04:00,14.15999984741211,14.170000076293945,13.510000228881836,13.579999923706055,37600,0.0,0.0
2023-08-18 00:00:00-04:00,13.539999961853027,13.949999809265137,13.510000228881836,13.930000305175781,76900,0.0,0.0
2023-08-21 00:00:00-04:00,13.949999809265137,14.09000015258789,13.670000076293945,13.770000457763672,17700,0.0,0.0
2023-08-22 00:00:00-04:00,13.949999809265137,14.050000190734863,13.850000381469727,13.850000381469727,17400,0.0,0.0
2023-08-23 00:00:00-04:00,13.850000381469727,14.140000343322754,13.680000305175781,14.010000228881836,21000,0.0,0.0
2023-08-24 00:00:00-04:00,13.970000267028809,14.119999885559082,13.739999771118164,14.0,16700,0.0,0.0
2023-08-25 00:00:00-04:00,13.800000190734863,14.180000305175781,13.569999694824219,14.180000305175781,9100,0.0,0.0
2023-08-28 00:00:00-04:00,14.239999771118164,14.420000076293945,14.180000305175781,14.210000038146973,14300,0.0,0.0
2023-08-29 00:00:00-04:00,14.319999694824219,14.390000343322754,14.25,14.34000015258789,5800,0.0,0.0
2023-08-30 00:00:00-04:00,14.390000343322754,14.489999771118164,14.149999618530273,14.319999694824219,11600,0.0,0.0
2023-08-31 00:00:00-04:00,14.4399995803833,14.489999771118164,14.25,14.279999732971191,12400,0.0,0.0
2023-09-01 00:00:00-04:00,14.25,14.420000076293945,14.229999542236328,14.3100004196167,17500,0.0,0.0
2023-09-05 00:00:00-04:00,14.279999732971191,14.289999961853027,13.720000267028809,13.720000267028809,34800,0.0,0.0
2023-09-06 00:00:00-04:00,13.720000267028809,13.739999771118164,13.5600004196167,13.630000114440918,13800,0.0,0.0
2023-09-07 00:00:00-04:00,13.729999542236328,13.850000381469727,13.529999732971191,13.770000457763672,30700,0.0,0.0
2023-09-08 00:00:00-04:00,13.739999771118164,14.119999885559082,13.739999771118164,13.829999923706055,12400,0.0,0.0
2023-09-11 00:00:00-04:00,13.90999984741211,14.100000381469727,13.800000190734863,14.050000190734863,22100,0.0,0.0
2023-09-12 00:00:00-04:00,13.869999885559082,14.0,13.829999923706055,13.949999809265137,6900,0.0,0.0
2023-09-13 00:00:00-04:00,13.960000038146973,14.239999771118164,13.9399995803833,13.9399995803833,10600,0.0,0.0
2023-09-14 00:00:00-04:00,14.15999984741211,14.270000457763672,13.920000076293945,14.270000457763672,18500,0.0,0.0
2023-09-15 00:00:00-04:00,14.1899995803833,15.1899995803833,14.079999923706055,15.1899995803833,113700,0.0,0.0
