Date,Open,High,Low,Close,Volume,Dividends,Stock Splits
2013-09-18 00:00:00+02:00,0.07000000029802322,0.07000000029802322,0.07000000029802322,0.07000000029802322,0,0.0,0.0
2013-09-19 00:00:00+02:00,0.0689999982714653,0.0689999982714653,0.0689999982714653,0.0689999982714653,0,0.0,0.0
2013-09-20 00:00:00+02:00,0.06800000369548798,0.06800000369548798,0.06800000369548798,0.06800000369548798,0,0.0,0.0
2013-09-23 00:00:00+02:00,0.0689999982714653,0.0689999982714653,0.0689999982714653,0.0689999982714653,0,0.0,0.0
2013-09-24 00:00:00+02:00,0.07000000029802322,0.07000000029802322,0.07000000029802322,0.07000000029802322,0,0.0,0.0
2013-09-25 00:00:00+02:00,0.07000000029802322,0.07000000029802322,0.07000000029802322,0.07000000029802322,0,0.0,0.0
2013-09-26 00:00:00+02:00,0.07100000232458115,0.07100000232458115,0.07100000232458115,0.07100000232458115,0,0.0,0.0
2013-09-27 00:00:00+02:00,0.07400000095367432,0.07400000095367432,0.07400000095367432,0.07400000095367432,0,0.0,0.0
2013-09-30 00:00:00+02:00,0.0729999989271164,0.0729999989271164,0.0729999989271164,0.0729999989271164,0,0.0,0.0
2013-10-01 00:00:00+02:00,0.07199999690055847,0.07199999690055847,0.07199999690055847,0.07199999690055847,0,0.0,0.0
2013-10-02 00:00:00+02:00,0.07100000232458115,0.07100000232458115,0.07100000232458115,0.07100000232458115,0,0.0,0.0
2013-10-03 00:00:00+02:00,0.07199999690055847,0.07199999690055847,0.07199999690055847,0.07199999690055847,0,0.0,0.0
2013-10-04 00:00:00+02:00,0.07199999690055847,0.07199999690055847,0.07199999690055847,0.07199999690055847,0,0.0,0.0
2013-10-07 00:00:00+02:00,0.07199999690055847,0.07199999690055847,0.07199999690055847,0.07199999690055847,0,0.0,0.0
2013-10-08 00:00:00+02:00,0.07199999690055847,0.07199999690055847,0.07199999690055847,0.07199999690055847,0,0.0,0.0
2013-10-09 00:00:00+02:00,0.07199999690055847,0.07199999690055847,0.07199999690055847,0.07199999690055847,0,0.0,0.0
2013-10-10 00:00:00+02:00,0.07100000232458115,0.07100000232458115,0.07100000232458115,0.07100000232458115,0,0.0,0.0
2013-10-11 00:00:00+02:00,0.07100000232458115,0.07100000232458115,0.07100000232458115,0.07100000232458115,0,0.0,0.0
2013-10-14 00:00:00+02:00,0.07000000029802322,0.07000000029802322,0.07000000029802322,0.07000000029802322,0,0.0,0.0
2013-10-15 00:00:00+02:00,0.07000000029802322,0.07000000029802322,0.07000000029802322,0.07000000029802322,0,0.0,0.0
2013-10-16 00:00:00+02:00,0.07100000232458115,0.07100000232458115,0.07100000232458115,0.07100000232458115,0,0.0,0.0
2013-10-17 00:00:00+02:00,0.07000000029802322,0.07000000029802322,0.07000000029802322,0.07000000029802322,0,0.0,0.0
2013-10-18 00:00:00+02:00,0.07000000029802322,0.07000000029802322,0.07000000029802322,0.07000000029802322,0,0.0,0.0
2013-10-21 00:00:00+02:00,0.06800000369548798,0.06800000369548798,0.06800000369548798,0.06800000369548798,0,0.0,0.0
2013-10-22 00:00:00+02:00,0.06700000166893005,0.06700000166893005,0.06700000166893005,0.06700000166893005,0,0.0,0.0
2013-10-23 00:00:00+02:00,0.06800000369548798,0.06800000369548798,0.06800000369548798,0.06800000369548798,0,0.0,0.0
2013-10-24 00:00:00+02:00,0.06800000369548798,0.06800000369548798,0.06800000369548798,0.06800000369548798,0,0.0,0.0
2013-10-25 00:00:00+02:00,0.06700000166893005,0.06700000166893005,0.06700000166893005,0.06700000166893005,0,0.0,0.0
2013-10-28 00:00:00+01:00,0.07199999690055847,0.07199999690055847,0.07199999690055847,0.07199999690055847,0,0.0,0.0
2013-10-29 00:00:00+01:00,0.07000000029802322,0.07000000029802322,0.07000000029802322,0.07000000029802322,0,0.0,0.0
2013-10-30 00:00:00+01:00,0.07100000232458115,0.07100000232458115,0.07100000232458115,0.07100000232458115,0,0.0,0.0
2013-10-31 00:00:00+01:00,0.07000000029802322,0.07000000029802322,0.07000000029802322,0.07000000029802322,0,0.0,0.0
2013-11-01 00:00:00+01:00,0.07100000232458115,0.07100000232458115,0.07100000232458115,0.07100000232458115,0,0.0,0.0
2013-11-04 00:00:00+01:00,0.07100000232458115,0.07100000232458115,0.07100000232458115,0.07100000232458115,0,0.0,0.0
2013-11-05 00:00:00+01:00,0.07000000029802322,0.07000000029802322,0.07000000029802322,0.07000000029802322,0,0.0,0.0
2013-11-06 00:00:00+01:00,0.07100000232458115,0.07100000232458115,0.07100000232458115,0.07100000232458115,0,0.0,0.0
2013-11-07 00:00:00+01:00,0.07000000029802322,0.07000000029802322,0.07000000029802322,0.07000000029802322,0,0.0,0.0
2013-11-08 00:00:00+01:00,0.07100000232458115,0.07100000232458115,0.07100000232458115,0.07100000232458115,0,0.0,0.0
2013-11-11 00:00:00+01:00,0.07100000232458115,0.07100000232458115,0.07100000232458115,0.07100000232458115,0,0.0,0.0
2013-11-12 00:00:00+01:00,0.07000000029802322,0.07000000029802322,0.07000000029802322,0.07000000029802322,0,0.0,0.0
2013-11-13 00:00:00+01:00,0.06800000369548798,0.06800000369548798,0.06800000369548798,0.06800000369548798,0,0.0,0.0
2013-11-14 00:00:00+01:00,0.06800000369548798,0.06800000369548798,0.06800000369548798,0.06800000369548798,0,0.0,0.0
2013-11-15 00:00:00+01:00,0.0689999982714653,0.0689999982714653,0.0689999982714653,0.0689999982714653,0,0.0,0.0
2013-11-18 00:00:00+01:00,0.06800000369548798,0.06800000369548798,0.06800000369548798,0.06800000369548798,0,0.0,0.0
2013-11-19 00:00:00+01:00,0.0689999982714653,0.0689999982714653,0.0689999982714653,0.0689999982714653,0,0.0,0.0
2013-11-20 00:00:00+01:00,0.06800000369548798,0.06800000369548798,0.06800000369548798,0.06800000369548798,0,0.0,0.0
2013-11-21 00:00:00+01:00,0.06700000166893005,0.06700000166893005,0.06700000166893005,0.06700000166893005,0,0.0,0.0
2013-11-22 00:00:00+01:00,0.0689999982714653,0.0689999982714653,0.0689999982714653,0.0689999982714653,0,0.0,0.0
2013-11-25 00:00:00+01:00,0.06700000166893005,0.06700000166893005,0.06700000166893005,0.06700000166893005,0,0.0,0.0
2013-11-26 00:00:00+01:00,0.06700000166893005,0.06700000166893005,0.06700000166893005,0.06700000166893005,0,0.0,0.0
2013-11-27 00:00:00+01:00,0.06700000166893005,0.06800000369548798,0.06700000166893005,0.06800000369548798,0,0.0,0.0
2013-11-28 00:00:00+01:00,0.06800000369548798,0.06800000369548798,0.06800000369548798,0.06800000369548798,0,0.0,0.0
2013-11-29 00:00:00+01:00,0.07000000029802322,0.07000000029802322,0.07000000029802322,0.07000000029802322,0,0.0,0.0
2013-12-02 00:00:00+01:00,0.07000000029802322,0.07000000029802322,0.07000000029802322,0.07000000029802322,0,0.0,0.0
2013-12-03 00:00:00+01:00,0.07000000029802322,0.07000000029802322,0.07000000029802322,0.07000000029802322,0,0.0,0.0
2013-12-04 00:00:00+01:00,0.07100000232458115,0.07100000232458115,0.07100000232458115,0.07100000232458115,0,0.0,0.0
2013-12-05 00:00:00+01:00,0.07000000029802322,0.07000000029802322,0.07000000029802322,0.07000000029802322,0,0.0,0.0
2013-12-06 00:00:00+01:00,0.0689999982714653,0.0689999982714653,0.0689999982714653,0.0689999982714653,0,0.0,0.0
2013-12-09 00:00:00+01:00,0.06800000369548798,0.06800000369548798,0.06800000369548798,0.06800000369548798,0,0.0,0.0
2013-12-10 00:00:00+01:00,0.0689999982714653,0.0689999982714653,0.0689999982714653,0.0689999982714653,0,0.0,0.0
2013-12-11 00:00:00+01:00,0.06800000369548798,0.06800000369548798,0.06800000369548798,0.06800000369548798,0,0.0,0.0
2013-12-12 00:00:00+01:00,0.06800000369548798,0.06800000369548798,0.06800000369548798,0.06800000369548798,0,0.0,0.0
2013-12-13 00:00:00+01:00,0.06700000166893005,0.06700000166893005,0.06700000166893005,0.06700000166893005,0,0.0,0.0
2013-12-16 00:00:00+01:00,0.06700000166893005,0.06700000166893005,0.06700000166893005,0.06700000166893005,0,0.0,0.0
2013-12-17 00:00:00+01:00,0.06700000166893005,0.06700000166893005,0.06700000166893005,0.06700000166893005,0,0.0,0.0
2013-12-18 00:00:00+01:00,0.06700000166893005,0.06700000166893005,0.06700000166893005,0.06700000166893005,0,0.0,0.0
2013-12-19 00:00:00+01:00,0.06700000166893005,0.06700000166893005,0.06700000166893005,0.06700000166893005,0,0.0,0.0
2013-12-20 00:00:00+01:00,0.06800000369548798,0.06800000369548798,0.06800000369548798,0.06800000369548798,0,0.0,0.0
2013-12-23 00:00:00+01:00,0.06700000166893005,0.06700000166893005,0.06700000166893005,0.06700000166893005,0,0.0,0.0
2013-12-27 00:00:00+01:00,0.06599999964237213,0.06599999964237213,0.06599999964237213,0.06599999964237213,0,0.0,0.0
2013-12-30 00:00:00+01:00,0.06599999964237213,0.06599999964237213,0.06599999964237213,0.06599999964237213,0,0.0,0.0
2014-01-02 00:00:00+01:00,0.06499999761581421,0.06499999761581421,0.06499999761581421,0.06499999761581421,0,0.0,0.0
2014-01-03 00:00:00+01:00,0.06599999964237213,0.06599999964237213,0.06599999964237213,0.06599999964237213,0,0.0,0.0
2014-01-06 00:00:00+01:00,0.06599999964237213,0.06599999964237213,0.06599999964237213,0.06599999964237213,0,0.0,0.0
2014-01-07 00:00:00+01:00,0.06599999964237213,0.06599999964237213,0.06599999964237213,0.06599999964237213,0,0.0,0.0
2014-01-08 00:00:00+01:00,0.06599999964237213,0.06599999964237213,0.06599999964237213,0.06599999964237213,0,0.0,0.0
2014-01-09 00:00:00+01:00,0.06499999761581421,0.06499999761581421,0.06499999761581421,0.06499999761581421,0,0.0,0.0
2014-01-10 00:00:00+01:00,0.06599999964237213,0.06599999964237213,0.06599999964237213,0.06599999964237213,0,0.0,0.0
2014-01-13 00:00:00+01:00,0.06599999964237213,0.06599999964237213,0.06599999964237213,0.06599999964237213,0,0.0,0.0
2014-01-14 00:00:00+01:00,0.06499999761581421,0.06499999761581421,0.06499999761581421,0.06499999761581421,0,0.0,0.0
2014-01-15 00:00:00+01:00,0.06499999761581421,0.06499999761581421,0.06499999761581421,0.06499999761581421,0,0.0,0.0
2014-01-16 00:00:00+01:00,0.06700000166893005,0.06700000166893005,0.06700000166893005,0.06700000166893005,0,0.0,0.0
2014-01-17 00:00:00+01:00,0.06800000369548798,0.06800000369548798,0.06800000369548798,0.06800000369548798,0,0.0,0.0
2014-01-20 00:00:00+01:00,0.06599999964237213,0.06599999964237213,0.06599999964237213,0.06599999964237213,0,0.0,0.0
2014-01-21 00:00:00+01:00,0.06599999964237213,0.06599999964237213,0.06599999964237213,0.06599999964237213,0,0.0,0.0
2014-01-22 00:00:00+01:00,0.06400000303983688,0.06400000303983688,0.06400000303983688,0.06400000303983688,0,0.0,0.0
2014-01-23 00:00:00+01:00,0.06400000303983688,0.06400000303983688,0.06400000303983688,0.06400000303983688,0,0.0,0.0
2014-01-24 00:00:00+01:00,0.06300000101327896,0.06300000101327896,0.06300000101327896,0.06300000101327896,0,0.0,0.0
2014-01-27 00:00:00+01:00,0.06199999898672104,0.06199999898672104,0.06199999898672104,0.06199999898672104,0,0.0,0.0
2014-01-28 00:00:00+01:00,0.05999999865889549,0.05999999865889549,0.05999999865889549,0.05999999865889549,0,0.0,0.0
2014-01-29 00:00:00+01:00,0.05999999865889549,0.05999999865889549,0.05999999865889549,0.05999999865889549,0,0.0,0.0
2014-01-30 00:00:00+01:00,0.06700000166893005,0.06700000166893005,0.06700000166893005,0.06700000166893005,0,0.0,0.0
2014-01-31 00:00:00+01:00,0.06800000369548798,0.06800000369548798,0.06800000369548798,0.06800000369548798,0,0.0,0.0
2014-02-03 00:00:00+01:00,0.0689999982714653,0.0689999982714653,0.0689999982714653,0.0689999982714653,0,0.0,0.0
2014-02-04 00:00:00+01:00,0.06400000303983688,0.06400000303983688,0.06400000303983688,0.06400000303983688,0,0.0,0.0
2014-02-05 00:00:00+01:00,0.06300000101327896,0.06300000101327896,0.06300000101327896,0.06300000101327896,0,0.0,0.0
2014-02-06 00:00:00+01:00,0.06300000101327896,0.06300000101327896,0.06300000101327896,0.06300000101327896,0,0.0,0.0
2014-02-07 00:00:00+01:00,0.06400000303983688,0.06400000303983688,0.06400000303983688,0.06400000303983688,0,0.0,0.0
2014-02-10 00:00:00+01:00,0.06300000101327896,0.06300000101327896,0.06300000101327896,0.06300000101327896,0,0.0,0.0
2014-02-11 00:00:00+01:00,0.06300000101327896,0.06300000101327896,0.06300000101327896,0.06300000101327896,0,0.0,0.0
2014-02-12 00:00:00+01:00,0.06400000303983688,0.06400000303983688,0.06400000303983688,0.06400000303983688,0,0.0,0.0
2014-02-13 00:00:00+01:00,0.06599999964237213,0.06599999964237213,0.06599999964237213,0.06599999964237213,0,0.0,0.0
2014-02-14 00:00:00+01:00,0.06300000101327896,0.06300000101327896,0.06300000101327896,0.06300000101327896,0,0.0,0.0
2014-02-17 00:00:00+01:00,0.06300000101327896,0.06300000101327896,0.06300000101327896,0.06300000101327896,0,0.0,0.0
2014-02-18 00:00:00+01:00,0.06400000303983688,0.06400000303983688,0.06400000303983688,0.06400000303983688,0,0.0,0.0
2014-02-19 00:00:00+01:00,0.06199999898672104,0.06199999898672104,0.06199999898672104,0.06199999898672104,0,0.0,0.0
2014-02-20 00:00:00+01:00,0.06300000101327896,0.06300000101327896,0.06300000101327896,0.06300000101327896,0,0.0,0.0
2014-02-21 00:00:00+01:00,0.061000000685453415,0.061000000685453415,0.061000000685453415,0.061000000685453415,0,0.0,0.0
2014-02-24 00:00:00+01:00,0.057999998331069946,0.057999998331069946,0.057999998331069946,0.057999998331069946,0,0.0,0.0
2014-02-25 00:00:00+01:00,0.05999999865889549,0.05999999865889549,0.05999999865889549,0.05999999865889549,0,0.0,0.0
2014-02-26 00:00:00+01:00,0.061000000685453415,0.061000000685453415,0.061000000685453415,0.061000000685453415,0,0.0,0.0
2014-02-27 00:00:00+01:00,0.06199999898672104,0.06199999898672104,0.06199999898672104,0.06199999898672104,0,0.0,0.0
2014-02-28 00:00:00+01:00,0.06199999898672104,0.06199999898672104,0.06199999898672104,0.06199999898672104,0,0.0,0.0
2014-03-03 00:00:00+01:00,0.061000000685453415,0.061000000685453415,0.061000000685453415,0.061000000685453415,0,0.0,0.0
2014-03-04 00:00:00+01:00,0.05900000035762787,0.05900000035762787,0.05900000035762787,0.05900000035762787,0,0.0,0.0
2014-03-05 00:00:00+01:00,0.06199999898672104,0.06199999898672104,0.06199999898672104,0.06199999898672104,0,0.0,0.0
2014-03-06 00:00:00+01:00,0.05900000035762787,0.05900000035762787,0.05900000035762787,0.05900000035762787,0,0.0,0.0
2014-03-07 00:00:00+01:00,0.05999999865889549,0.05999999865889549,0.05999999865889549,0.05999999865889549,0,0.0,0.0
2014-03-10 00:00:00+01:00,0.05700000002980232,0.05700000002980232,0.05700000002980232,0.05700000002980232,0,0.0,0.0
2014-03-11 00:00:00+01:00,0.05900000035762787,0.05900000035762787,0.05900000035762787,0.05900000035762787,0,0.0,0.0
2014-03-12 00:00:00+01:00,0.057999998331069946,0.057999998331069946,0.057999998331069946,0.057999998331069946,0,0.0,0.0
2014-03-13 00:00:00+01:00,0.057999998331069946,0.057999998331069946,0.057999998331069946,0.057999998331069946,0,0.0,0.0
2014-03-14 00:00:00+01:00,0.05700000002980232,0.05700000002980232,0.05700000002980232,0.05700000002980232,0,0.0,0.0
2014-03-17 00:00:00+01:00,0.05900000035762787,0.05900000035762787,0.05900000035762787,0.05900000035762787,0,0.0,0.0
2014-03-18 00:00:00+01:00,0.05999999865889549,0.05999999865889549,0.05999999865889549,0.05999999865889549,0,0.0,0.0
2014-03-19 00:00:00+01:00,0.061000000685453415,0.061000000685453415,0.061000000685453415,0.061000000685453415,0,0.0,0.0
2014-03-20 00:00:00+01:00,0.061000000685453415,0.061000000685453415,0.061000000685453415,0.061000000685453415,0,0.0,0.0
2014-03-21 00:00:00+01:00,0.06199999898672104,0.06199999898672104,0.06199999898672104,0.06199999898672104,0,0.0,0.0
2014-03-24 00:00:00+01:00,0.061000000685453415,0.061000000685453415,0.061000000685453415,0.061000000685453415,0,0.0,0.0
2014-03-25 00:00:00+01:00,0.05900000035762787,0.05900000035762787,0.05900000035762787,0.05900000035762787,0,0.0,0.0
2014-03-26 00:00:00+01:00,0.061000000685453415,0.061000000685453415,0.061000000685453415,0.061000000685453415,0,0.0,0.0
2014-03-27 00:00:00+01:00,0.05999999865889549,0.05999999865889549,0.05999999865889549,0.05999999865889549,0,0.0,0.0
2014-03-28 00:00:00+01:00,0.05999999865889549,0.05999999865889549,0.05999999865889549,0.05999999865889549,0,0.0,0.0
2014-03-31 00:00:00+02:00,0.06199999898672104,0.06199999898672104,0.06199999898672104,0.06199999898672104,0,0.0,0.0
2014-04-01 00:00:00+02:00,0.06599999964237213,0.06599999964237213,0.06599999964237213,0.06599999964237213,0,0.0,0.0
2014-04-02 00:00:00+02:00,0.06599999964237213,0.06599999964237213,0.06599999964237213,0.06599999964237213,0,0.0,0.0
2014-04-03 00:00:00+02:00,0.06499999761581421,0.06499999761581421,0.06499999761581421,0.06499999761581421,0,0.0,0.0
2014-04-04 00:00:00+02:00,0.06599999964237213,0.06599999964237213,0.06599999964237213,0.06599999964237213,0,0.0,0.0
2014-04-07 00:00:00+02:00,0.06599999964237213,0.06599999964237213,0.06599999964237213,0.06599999964237213,0,0.0,0.0
2014-04-08 00:00:00+02:00,0.06599999964237213,0.06599999964237213,0.06599999964237213,0.06599999964237213,0,0.0,0.0
2014-04-09 00:00:00+02:00,0.06599999964237213,0.06599999964237213,0.06599999964237213,0.06599999964237213,0,0.0,0.0
2014-04-10 00:00:00+02:00,0.06599999964237213,0.06599999964237213,0.06599999964237213,0.06599999964237213,0,0.0,0.0
2014-04-11 00:00:00+02:00,0.06800000369548798,0.06800000369548798,0.06800000369548798,0.06800000369548798,0,0.0,0.0
2014-04-14 00:00:00+02:00,0.06800000369548798,0.06800000369548798,0.06800000369548798,0.06800000369548798,0,0.0,0.0
2014-04-15 00:00:00+02:00,0.06700000166893005,0.06700000166893005,0.06700000166893005,0.06700000166893005,0,0.0,0.0
2014-04-16 00:00:00+02:00,0.0729999989271164,0.0729999989271164,0.0729999989271164,0.0729999989271164,0,0.0,0.0
2014-04-17 00:00:00+02:00,0.07400000095367432,0.07400000095367432,0.07400000095367432,0.07400000095367432,0,0.0,0.0
2014-04-22 00:00:00+02:00,0.07100000232458115,0.07100000232458115,0.07100000232458115,0.07100000232458115,0,0.0,0.0
2014-04-23 00:00:00+02:00,0.07199999690055847,0.07199999690055847,0.07199999690055847,0.07199999690055847,0,0.0,0.0
2014-04-24 00:00:00+02:00,0.07100000232458115,0.07100000232458115,0.07100000232458115,0.07100000232458115,0,0.0,0.0
2014-04-25 00:00:00+02:00,0.07100000232458115,0.07100000232458115,0.07100000232458115,0.07100000232458115,0,0.0,0.0
2014-04-28 00:00:00+02:00,0.06800000369548798,0.06800000369548798,0.06700000166893005,0.06700000166893005,0,0.0,0.0
2014-04-29 00:00:00+02:00,0.06599999964237213,0.06599999964237213,0.06599999964237213,0.06599999964237213,0,0.0,0.0
2014-04-30 00:00:00+02:00,0.06700000166893005,0.06700000166893005,0.06700000166893005,0.06700000166893005,0,0.0,0.0
2014-05-02 00:00:00+02:00,0.06599999964237213,0.06599999964237213,0.06599999964237213,0.06599999964237213,0,0.0,0.0
2014-05-05 00:00:00+02:00,0.06599999964237213,0.06599999964237213,0.06599999964237213,0.06599999964237213,0,0.0,0.0
2014-05-06 00:00:00+02:00,0.06599999964237213,0.06599999964237213,0.06599999964237213,0.06599999964237213,0,0.0,0.0
2014-05-07 00:00:00+02:00,0.06499999761581421,0.06499999761581421,0.06499999761581421,0.06499999761581421,0,0.0,0.0
2014-05-08 00:00:00+02:00,0.06400000303983688,0.06400000303983688,0.06400000303983688,0.06400000303983688,0,0.0,0.0
2014-05-09 00:00:00+02:00,0.06400000303983688,0.06400000303983688,0.06400000303983688,0.06400000303983688,0,0.0,0.0
2014-05-12 00:00:00+02:00,0.06300000101327896,0.06300000101327896,0.06300000101327896,0.06300000101327896,0,0.0,0.0
2014-05-13 00:00:00+02:00,0.06300000101327896,0.06300000101327896,0.06300000101327896,0.06300000101327896,0,0.0,0.0
2014-05-14 00:00:00+02:00,0.06400000303983688,0.06400000303983688,0.06400000303983688,0.06400000303983688,0,0.0,0.0
2014-05-15 00:00:00+02:00,0.06300000101327896,0.06300000101327896,0.06300000101327896,0.06300000101327896,0,0.0,0.0
2014-05-16 00:00:00+02:00,0.06300000101327896,0.06300000101327896,0.06300000101327896,0.06300000101327896,0,0.0,0.0
2014-05-19 00:00:00+02:00,0.06400000303983688,0.06400000303983688,0.06400000303983688,0.06400000303983688,0,0.0,0.0
2014-05-20 00:00:00+02:00,0.06400000303983688,0.06400000303983688,0.06400000303983688,0.06400000303983688,0,0.0,0.0
2014-05-21 00:00:00+02:00,0.06400000303983688,0.06400000303983688,0.06400000303983688,0.06400000303983688,0,0.0,0.0
2014-05-22 00:00:00+02:00,0.06400000303983688,0.06400000303983688,0.06400000303983688,0.06400000303983688,0,0.0,0.0
2014-05-23 00:00:00+02:00,0.06400000303983688,0.06400000303983688,0.06400000303983688,0.06400000303983688,0,0.0,0.0
2014-05-26 00:00:00+02:00,0.06400000303983688,0.06400000303983688,0.06400000303983688,0.06400000303983688,0,0.0,0.0
2014-05-27 00:00:00+02:00,0.06499999761581421,0.06499999761581421,0.06499999761581421,0.06499999761581421,0,0.0,0.0
2014-05-28 00:00:00+02:00,0.06499999761581421,0.06499999761581421,0.06499999761581421,0.06499999761581421,0,0.0,0.0
2014-05-29 00:00:00+02:00,0.06499999761581421,0.06499999761581421,0.06499999761581421,0.06499999761581421,0,0.0,0.0
2014-05-30 00:00:00+02:00,0.06499999761581421,0.06499999761581421,0.06499999761581421,0.06499999761581421,0,0.0,0.0
2014-06-02 00:00:00+02:00,0.06400000303983688,0.06400000303983688,0.06400000303983688,0.06400000303983688,0,0.0,0.0
2014-06-03 00:00:00+02:00,0.06499999761581421,0.06499999761581421,0.06499999761581421,0.06499999761581421,0,0.0,0.0
2014-06-04 00:00:00+02:00,0.06400000303983688,0.06400000303983688,0.06400000303983688,0.06400000303983688,0,0.0,0.0
2014-06-05 00:00:00+02:00,0.06599999964237213,0.06599999964237213,0.06599999964237213,0.06599999964237213,0,0.0,0.0
2014-06-06 00:00:00+02:00,0.06300000101327896,0.06300000101327896,0.06300000101327896,0.06300000101327896,0,0.0,0.0
2014-06-09 00:00:00+02:00,0.06400000303983688,0.06400000303983688,0.06400000303983688,0.06400000303983688,0,0.0,0.0
2014-06-10 00:00:00+02:00,0.06499999761581421,0.06499999761581421,0.06499999761581421,0.06499999761581421,0,0.0,0.0
2014-06-11 00:00:00+02:00,0.06499999761581421,0.06499999761581421,0.06499999761581421,0.06499999761581421,0,0.0,0.0
2014-06-12 00:00:00+02:00,0.06700000166893005,0.06700000166893005,0.06700000166893005,0.06700000166893005,0,0.0,0.0
2014-06-13 00:00:00+02:00,0.06700000166893005,0.06700000166893005,0.06700000166893005,0.06700000166893005,0,0.0,0.0
2014-06-16 00:00:00+02:00,0.06499999761581421,0.06499999761581421,0.06499999761581421,0.06499999761581421,0,0.0,0.0
2014-06-17 00:00:00+02:00,0.06700000166893005,0.06700000166893005,0.06700000166893005,0.06700000166893005,0,0.0,0.0
2014-06-18 00:00:00+02:00,0.06700000166893005,0.06700000166893005,0.06700000166893005,0.06700000166893005,0,0.0,0.0
2014-06-19 00:00:00+02:00,0.06499999761581421,0.06499999761581421,0.06499999761581421,0.06499999761581421,0,0.0,0.0
2014-06-20 00:00:00+02:00,0.06599999964237213,0.06599999964237213,0.06599999964237213,0.06599999964237213,0,0.0,0.0
2014-06-23 00:00:00+02:00,0.06499999761581421,0.06499999761581421,0.06499999761581421,0.06499999761581421,0,0.0,0.0
2014-06-24 00:00:00+02:00,0.06700000166893005,0.06700000166893005,0.06700000166893005,0.06700000166893005,0,0.0,0.0
2014-06-25 00:00:00+02:00,0.06700000166893005,0.06700000166893005,0.06700000166893005,0.06700000166893005,0,0.0,0.0
2014-06-26 00:00:00+02:00,0.06599999964237213,0.06599999964237213,0.06599999964237213,0.06599999964237213,0,0.0,0.0
2014-06-27 00:00:00+02:00,0.06499999761581421,0.06499999761581421,0.06499999761581421,0.06499999761581421,0,0.0,0.0
2014-06-30 00:00:00+02:00,0.06599999964237213,0.06599999964237213,0.06599999964237213,0.06599999964237213,0,0.0,0.0
2014-07-01 00:00:00+02:00,0.06499999761581421,0.06499999761581421,0.06499999761581421,0.06499999761581421,0,0.0,0.0
2014-07-02 00:00:00+02:00,0.06599999964237213,0.06599999964237213,0.06599999964237213,0.06599999964237213,0,0.0,0.0
2014-07-03 00:00:00+02:00,0.06700000166893005,0.06700000166893005,0.06700000166893005,0.06700000166893005,0,0.0,0.0
2014-07-04 00:00:00+02:00,0.06700000166893005,0.06700000166893005,0.06700000166893005,0.06700000166893005,0,0.0,0.0
2014-07-07 00:00:00+02:00,0.06700000166893005,0.06700000166893005,0.06700000166893005,0.06700000166893005,0,0.0,0.0
2014-07-08 00:00:00+02:00,0.0689999982714653,0.0689999982714653,0.0689999982714653,0.0689999982714653,0,0.0,0.0
2014-07-09 00:00:00+02:00,0.0689999982714653,0.0689999982714653,0.0689999982714653,0.0689999982714653,0,0.0,0.0
2014-07-10 00:00:00+02:00,0.06800000369548798,0.06800000369548798,0.06800000369548798,0.06800000369548798,0,0.0,0.0
2014-07-11 00:00:00+02:00,0.0689999982714653,0.0689999982714653,0.0689999982714653,0.0689999982714653,0,0.0,0.0
2014-07-14 00:00:00+02:00,0.06700000166893005,0.06700000166893005,0.06700000166893005,0.06700000166893005,0,0.0,0.0
2014-07-15 00:00:00+02:00,0.06800000369548798,0.06800000369548798,0.06800000369548798,0.06800000369548798,0,0.0,0.0
2014-07-16 00:00:00+02:00,0.06800000369548798,0.06800000369548798,0.06800000369548798,0.06800000369548798,0,0.0,0.0
2014-07-17 00:00:00+02:00,0.0689999982714653,0.0689999982714653,0.0689999982714653,0.0689999982714653,0,0.0,0.0
2014-07-18 00:00:00+02:00,0.0689999982714653,0.0689999982714653,0.0689999982714653,0.0689999982714653,0,0.0,0.0
2014-07-21 00:00:00+02:00,0.0689999982714653,0.0689999982714653,0.0689999982714653,0.0689999982714653,0,0.0,0.0
2014-07-22 00:00:00+02:00,0.07000000029802322,0.07000000029802322,0.07000000029802322,0.07000000029802322,0,0.0,0.0
2014-07-23 00:00:00+02:00,0.07100000232458115,0.07100000232458115,0.07100000232458115,0.07100000232458115,0,0.0,0.0
2014-07-24 00:00:00+02:00,0.07199999690055847,0.07199999690055847,0.07199999690055847,0.07199999690055847,0,0.0,0.0
2014-07-25 00:00:00+02:00,0.07199999690055847,0.07199999690055847,0.07199999690055847,0.07199999690055847,0,0.0,0.0
2014-07-28 00:00:00+02:00,0.07199999690055847,0.07199999690055847,0.07199999690055847,0.07199999690055847,0,0.0,0.0
2014-07-29 00:00:00+02:00,0.07100000232458115,0.07100000232458115,0.07100000232458115,0.07100000232458115,0,0.0,0.0
2014-07-30 00:00:00+02:00,0.07199999690055847,0.07199999690055847,0.07199999690055847,0.07199999690055847,0,0.0,0.0
2014-07-31 00:00:00+02:00,0.07100000232458115,0.07100000232458115,0.07100000232458115,0.07100000232458115,0,0.0,0.0
2014-08-01 00:00:00+02:00,0.07199999690055847,0.07199999690055847,0.07199999690055847,0.07199999690055847,0,0.0,0.0
2014-08-04 00:00:00+02:00,0.0729999989271164,0.0729999989271164,0.0729999989271164,0.0729999989271164,0,0.0,0.0
2014-08-05 00:00:00+02:00,0.07199999690055847,0.07199999690055847,0.07199999690055847,0.07199999690055847,0,0.0,0.0
2014-08-06 00:00:00+02:00,0.07199999690055847,0.07199999690055847,0.07199999690055847,0.07199999690055847,0,0.0,0.0
2014-08-07 00:00:00+02:00,0.07199999690055847,0.07199999690055847,0.07199999690055847,0.07199999690055847,0,0.0,0.0
2014-08-08 00:00:00+02:00,0.0729999989271164,0.0729999989271164,0.0729999989271164,0.0729999989271164,0,0.0,0.0
2014-08-11 00:00:00+02:00,0.07500000298023224,0.07500000298023224,0.07500000298023224,0.07500000298023224,0,0.0,0.0
2014-08-12 00:00:00+02:00,0.07699999958276749,0.07699999958276749,0.07699999958276749,0.07699999958276749,0,0.0,0.0
2014-08-13 00:00:00+02:00,0.07500000298023224,0.07500000298023224,0.07500000298023224,0.07500000298023224,0,0.0,0.0
2014-08-14 00:00:00+02:00,0.08399999886751175,0.08399999886751175,0.08399999886751175,0.08399999886751175,0,0.0,0.0
2014-08-15 00:00:00+02:00,0.08399999886751175,0.08399999886751175,0.08399999886751175,0.08399999886751175,0,0.0,0.0
2014-08-18 00:00:00+02:00,0.08500000089406967,0.08500000089406967,0.08500000089406967,0.08500000089406967,0,0.0,0.0
2014-08-19 00:00:00+02:00,0.0820000022649765,0.0820000022649765,0.0820000022649765,0.0820000022649765,0,0.0,0.0
2014-08-20 00:00:00+02:00,0.08100000023841858,0.08100000023841858,0.08100000023841858,0.08100000023841858,0,0.0,0.0
2014-08-21 00:00:00+02:00,0.07900000363588333,0.07900000363588333,0.07900000363588333,0.07900000363588333,0,0.0,0.0
2014-08-22 00:00:00+02:00,0.07900000363588333,0.07900000363588333,0.07900000363588333,0.07900000363588333,0,0.0,0.0
2014-08-25 00:00:00+02:00,0.0820000022649765,0.0820000022649765,0.0820000022649765,0.0820000022649765,0,0.0,0.0
2014-08-26 00:00:00+02:00,0.07900000363588333,0.07900000363588333,0.07900000363588333,0.07900000363588333,0,0.0,0.0
2014-08-27 00:00:00+02:00,0.07999999821186066,0.07999999821186066,0.07999999821186066,0.07999999821186066,0,0.0,0.0
2014-08-28 00:00:00+02:00,0.07800000160932541,0.07800000160932541,0.07800000160932541,0.07800000160932541,0,0.0,0.0
2014-08-29 00:00:00+02:00,0.07900000363588333,0.07900000363588333,0.07900000363588333,0.07900000363588333,0,0.0,0.0
2014-09-01 00:00:00+02:00,0.07900000363588333,0.07900000363588333,0.07900000363588333,0.07900000363588333,0,0.0,0.0
2014-09-02 00:00:00+02:00,0.07999999821186066,0.07999999821186066,0.07999999821186066,0.07999999821186066,0,0.0,0.0
2014-09-03 00:00:00+02:00,0.08100000023841858,0.08100000023841858,0.08100000023841858,0.08100000023841858,0,0.0,0.0
2014-09-04 00:00:00+02:00,0.08100000023841858,0.08100000023841858,0.08100000023841858,0.08100000023841858,0,0.0,0.0
2014-09-05 00:00:00+02:00,0.0820000022649765,0.0820000022649765,0.0820000022649765,0.0820000022649765,0,0.0,0.0
2014-09-08 00:00:00+02:00,0.0820000022649765,0.0820000022649765,0.0820000022649765,0.0820000022649765,0,0.0,0.0
2014-09-09 00:00:00+02:00,0.0820000022649765,0.0820000022649765,0.0820000022649765,0.0820000022649765,0,0.0,0.0
2014-09-10 00:00:00+02:00,0.08100000023841858,0.08100000023841858,0.08100000023841858,0.08100000023841858,0,0.0,0.0
2014-09-11 00:00:00+02:00,0.0820000022649765,0.0820000022649765,0.0820000022649765,0.0820000022649765,0,0.0,0.0
2014-09-12 00:00:00+02:00,0.08399999886751175,0.08399999886751175,0.08399999886751175,0.08399999886751175,0,0.0,0.0
2014-09-15 00:00:00+02:00,0.08500000089406967,0.08500000089406967,0.08500000089406967,0.08500000089406967,0,0.0,0.0
2014-09-16 00:00:00+02:00,0.08299999684095383,0.08299999684095383,0.08299999684095383,0.08299999684095383,0,0.0,0.0
2014-09-17 00:00:00+02:00,0.08299999684095383,0.08299999684095383,0.08299999684095383,0.08299999684095383,0,0.0,0.0
2014-09-18 00:00:00+02:00,0.08500000089406967,0.08500000089406967,0.08500000089406967,0.08500000089406967,0,0.0,0.0
2014-09-19 00:00:00+02:00,0.08399999886751175,0.08399999886751175,0.08399999886751175,0.08399999886751175,0,0.0,0.0
2014-09-22 00:00:00+02:00,0.08399999886751175,0.08399999886751175,0.08399999886751175,0.08399999886751175,0,0.0,0.0
2014-09-23 00:00:00+02:00,0.08299999684095383,0.08299999684095383,0.08299999684095383,0.08299999684095383,0,0.0,0.0
2014-09-24 00:00:00+02:00,0.08399999886751175,0.08399999886751175,0.08399999886751175,0.08399999886751175,0,0.0,0.0
2014-09-25 00:00:00+02:00,0.08399999886751175,0.08399999886751175,0.08399999886751175,0.08399999886751175,0,0.0,0.0
2014-09-26 00:00:00+02:00,0.08299999684095383,0.08299999684095383,0.08299999684095383,0.08299999684095383,0,0.0,0.0
2014-09-29 00:00:00+02:00,0.0820000022649765,0.0820000022649765,0.0820000022649765,0.0820000022649765,0,0.0,0.0
2014-09-30 00:00:00+02:00,0.07999999821186066,0.07999999821186066,0.07999999821186066,0.07999999821186066,0,0.0,0.0
2014-10-01 00:00:00+02:00,0.08100000023841858,0.08100000023841858,0.08100000023841858,0.08100000023841858,0,0.0,0.0
2014-10-02 00:00:00+02:00,0.08100000023841858,0.08100000023841858,0.08100000023841858,0.08100000023841858,0,0.0,0.0
2014-10-03 00:00:00+02:00,0.08100000023841858,0.08100000023841858,0.08100000023841858,0.08100000023841858,0,0.0,0.0
2014-10-06 00:00:00+02:00,0.08399999886751175,0.08399999886751175,0.08399999886751175,0.08399999886751175,0,0.0,0.0
2014-10-07 00:00:00+02:00,0.08399999886751175,0.08399999886751175,0.08399999886751175,0.08399999886751175,0,0.0,0.0
2014-10-08 00:00:00+02:00,0.08299999684095383,0.08299999684095383,0.08299999684095383,0.08299999684095383,0,0.0,0.0
2014-10-09 00:00:00+02:00,0.08100000023841858,0.08100000023841858,0.08100000023841858,0.08100000023841858,0,0.0,0.0
2014-10-10 00:00:00+02:00,0.08299999684095383,0.08299999684095383,0.08299999684095383,0.08299999684095383,0,0.0,0.0
2014-10-13 00:00:00+02:00,0.08299999684095383,0.08299999684095383,0.08299999684095383,0.08299999684095383,0,0.0,0.0
2014-10-14 00:00:00+02:00,0.08399999886751175,0.08399999886751175,0.08399999886751175,0.08399999886751175,0,0.0,0.0
2014-10-15 00:00:00+02:00,0.08100000023841858,0.08100000023841858,0.08100000023841858,0.08100000023841858,0,0.0,0.0
2014-10-16 00:00:00+02:00,0.08100000023841858,0.08100000023841858,0.08100000023841858,0.08100000023841858,0,0.0,0.0
2014-10-17 00:00:00+02:00,0.07999999821186066,0.07999999821186066,0.07999999821186066,0.07999999821186066,0,0.0,0.0
2014-10-20 00:00:00+02:00,0.07900000363588333,0.07900000363588333,0.07900000363588333,0.07900000363588333,0,0.0,0.0
2014-10-21 00:00:00+02:00,0.0820000022649765,0.0820000022649765,0.0820000022649765,0.0820000022649765,0,0.0,0.0
2014-10-22 00:00:00+02:00,0.08100000023841858,0.08100000023841858,0.08100000023841858,0.08100000023841858,0,0.0,0.0
2014-10-23 00:00:00+02:00,0.08299999684095383,0.08299999684095383,0.08299999684095383,0.08299999684095383,0,0.0,0.0
2014-10-24 00:00:00+02:00,0.07999999821186066,0.07999999821186066,0.07999999821186066,0.07999999821186066,0,0.0,0.0
2014-10-27 00:00:00+01:00,0.07999999821186066,0.07999999821186066,0.07999999821186066,0.07999999821186066,0,0.0,0.0
2014-10-28 00:00:00+01:00,0.07900000363588333,0.07900000363588333,0.07900000363588333,0.07900000363588333,0,0.0,0.0
2014-10-29 00:00:00+01:00,0.07999999821186066,0.07999999821186066,0.07999999821186066,0.07999999821186066,0,0.0,0.0
2014-10-30 00:00:00+01:00,0.0820000022649765,0.0820000022649765,0.0820000022649765,0.0820000022649765,0,0.0,0.0
2014-10-31 00:00:00+01:00,0.08399999886751175,0.08399999886751175,0.08399999886751175,0.08399999886751175,0,0.0,0.0
2014-11-03 00:00:00+01:00,0.08299999684095383,0.08299999684095383,0.08299999684095383,0.08299999684095383,0,0.0,0.0
2014-11-04 00:00:00+01:00,0.0820000022649765,0.0820000022649765,0.0820000022649765,0.0820000022649765,0,0.0,0.0
2014-11-05 00:00:00+01:00,0.0820000022649765,0.0820000022649765,0.0820000022649765,0.0820000022649765,0,0.0,0.0
2014-11-06 00:00:00+01:00,0.0820000022649765,0.0820000022649765,0.0820000022649765,0.0820000022649765,0,0.0,0.0
2014-11-07 00:00:00+01:00,0.08299999684095383,0.08299999684095383,0.08299999684095383,0.08299999684095383,0,0.0,0.0
2014-11-10 00:00:00+01:00,0.0820000022649765,0.0820000022649765,0.0820000022649765,0.0820000022649765,0,0.0,0.0
2014-11-11 00:00:00+01:00,0.0820000022649765,0.0820000022649765,0.0820000022649765,0.0820000022649765,0,0.0,0.0
2014-11-12 00:00:00+01:00,0.08100000023841858,0.08100000023841858,0.08100000023841858,0.08100000023841858,0,0.0,0.0
2014-11-13 00:00:00+01:00,0.08299999684095383,0.08299999684095383,0.08299999684095383,0.08299999684095383,0,0.0,0.0
2014-11-14 00:00:00+01:00,0.08100000023841858,0.08100000023841858,0.08100000023841858,0.08100000023841858,0,0.0,0.0
2014-11-17 00:00:00+01:00,0.08100000023841858,0.08100000023841858,0.08100000023841858,0.08100000023841858,0,0.0,0.0
2014-11-18 00:00:00+01:00,0.07999999821186066,0.07999999821186066,0.07999999821186066,0.07999999821186066,0,0.0,0.0
2014-11-19 00:00:00+01:00,0.07800000160932541,0.07800000160932541,0.07800000160932541,0.07800000160932541,0,0.0,0.0
2014-11-20 00:00:00+01:00,0.08100000023841858,0.08100000023841858,0.08100000023841858,0.08100000023841858,0,0.0,0.0
2014-11-21 00:00:00+01:00,0.07999999821186066,0.07999999821186066,0.07999999821186066,0.07999999821186066,0,0.0,0.0
2014-11-24 00:00:00+01:00,0.0820000022649765,0.0820000022649765,0.0820000022649765,0.0820000022649765,0,0.0,0.0
2014-11-25 00:00:00+01:00,0.0820000022649765,0.0820000022649765,0.0820000022649765,0.0820000022649765,0,0.0,0.0
2014-11-26 00:00:00+01:00,0.08100000023841858,0.08100000023841858,0.08100000023841858,0.08100000023841858,0,0.0,0.0
2014-11-27 00:00:00+01:00,0.07999999821186066,0.07999999821186066,0.07999999821186066,0.07999999821186066,0,0.0,0.0
2014-11-28 00:00:00+01:00,0.07999999821186066,0.07999999821186066,0.07999999821186066,0.07999999821186066,0,0.0,0.0
2014-12-01 00:00:00+01:00,0.08100000023841858,0.08100000023841858,0.08100000023841858,0.08100000023841858,0,0.0,0.0
2014-12-02 00:00:00+01:00,0.0860000029206276,0.0860000029206276,0.0860000029206276,0.0860000029206276,0,0.0,0.0
2014-12-03 00:00:00+01:00,0.0820000022649765,0.0820000022649765,0.0820000022649765,0.0820000022649765,0,0.0,0.0
2014-12-04 00:00:00+01:00,0.08100000023841858,0.08100000023841858,0.08100000023841858,0.08100000023841858,0,0.0,0.0
2014-12-05 00:00:00+01:00,0.07999999821186066,0.07999999821186066,0.07999999821186066,0.07999999821186066,0,0.0,0.0
2014-12-08 00:00:00+01:00,0.0820000022649765,0.0820000022649765,0.0820000022649765,0.0820000022649765,0,0.0,0.0
2014-12-09 00:00:00+01:00,0.07599999755620956,0.07599999755620956,0.07599999755620956,0.07599999755620956,0,0.0,0.0
2014-12-10 00:00:00+01:00,0.07900000363588333,0.07900000363588333,0.07699999958276749,0.07699999958276749,0,0.0,0.0
2014-12-11 00:00:00+01:00,0.07500000298023224,0.07500000298023224,0.07500000298023224,0.07500000298023224,0,0.0,0.0
2014-12-12 00:00:00+01:00,0.07800000160932541,0.07800000160932541,0.07800000160932541,0.07800000160932541,0,0.0,0.0
2014-12-15 00:00:00+01:00,0.07699999958276749,0.07699999958276749,0.07699999958276749,0.07699999958276749,0,0.0,0.0
2014-12-16 00:00:00+01:00,0.07699999958276749,0.07699999958276749,0.07699999958276749,0.07699999958276749,0,0.0,0.0
2014-12-17 00:00:00+01:00,0.07400000095367432,0.07400000095367432,0.07400000095367432,0.07400000095367432,0,0.0,0.0
2014-12-18 00:00:00+01:00,0.07800000160932541,0.07800000160932541,0.07800000160932541,0.07800000160932541,0,0.0,0.0
2014-12-19 00:00:00+01:00,0.07599999755620956,0.07599999755620956,0.07599999755620956,0.07599999755620956,0,0.0,0.0
2014-12-22 00:00:00+01:00,0.07400000095367432,0.07400000095367432,0.07400000095367432,0.07400000095367432,0,0.0,0.0
2014-12-23 00:00:00+01:00,0.07599999755620956,0.07599999755620956,0.07599999755620956,0.07599999755620956,0,0.0,0.0
2014-12-29 00:00:00+01:00,0.07699999958276749,0.07699999958276749,0.07699999958276749,0.07699999958276749,0,0.0,0.0
2014-12-30 00:00:00+01:00,0.07800000160932541,0.07800000160932541,0.07800000160932541,0.07800000160932541,0,0.0,0.0
2015-01-02 00:00:00+01:00,0.07900000363588333,0.07900000363588333,0.07900000363588333,0.07900000363588333,0,0.0,0.0
2015-01-05 00:00:00+01:00,0.08299999684095383,0.08299999684095383,0.08299999684095383,0.08299999684095383,0,0.0,0.0
2015-01-06 00:00:00+01:00,0.08100000023841858,0.08100000023841858,0.08100000023841858,0.08100000023841858,0,0.0,0.0
2015-01-07 00:00:00+01:00,0.08399999886751175,0.08399999886751175,0.08100000023841858,0.08100000023841858,15000,0.0,0.0
2015-01-08 00:00:00+01:00,0.0820000022649765,0.0820000022649765,0.0820000022649765,0.0820000022649765,0,0.0,0.0
2015-01-09 00:00:00+01:00,0.07999999821186066,0.07999999821186066,0.07999999821186066,0.07999999821186066,0,0.0,0.0
2015-01-12 00:00:00+01:00,0.07999999821186066,0.07999999821186066,0.07999999821186066,0.07999999821186066,0,0.0,0.0
2015-01-13 00:00:00+01:00,0.07999999821186066,0.07999999821186066,0.07999999821186066,0.07999999821186066,0,0.0,0.0
2015-01-14 00:00:00+01:00,0.07900000363588333,0.07900000363588333,0.07900000363588333,0.07900000363588333,0,0.0,0.0
2015-01-15 00:00:00+01:00,0.08100000023841858,0.08100000023841858,0.08100000023841858,0.08100000023841858,0,0.0,0.0
2015-01-16 00:00:00+01:00,0.0820000022649765,0.0820000022649765,0.0820000022649765,0.0820000022649765,0,0.0,0.0
2015-01-19 00:00:00+01:00,0.07900000363588333,0.07900000363588333,0.07900000363588333,0.07900000363588333,0,0.0,0.0
2015-01-20 00:00:00+01:00,0.07999999821186066,0.07999999821186066,0.07999999821186066,0.07999999821186066,0,0.0,0.0
2015-01-21 00:00:00+01:00,0.0820000022649765,0.0820000022649765,0.0820000022649765,0.0820000022649765,0,0.0,0.0
2015-01-22 00:00:00+01:00,0.07800000160932541,0.07800000160932541,0.07800000160932541,0.07800000160932541,0,0.0,0.0
2015-01-23 00:00:00+01:00,0.08500000089406967,0.08500000089406967,0.08500000089406967,0.08500000089406967,0,0.0,0.0
2015-01-26 00:00:00+01:00,0.08500000089406967,0.08500000089406967,0.08500000089406967,0.08500000089406967,0,0.0,0.0
2015-01-27 00:00:00+01:00,0.08500000089406967,0.08500000089406967,0.08500000089406967,0.08500000089406967,0,0.0,0.0
2015-01-28 00:00:00+01:00,0.0860000029206276,0.0860000029206276,0.0860000029206276,0.0860000029206276,0,0.0,0.0
2015-01-29 00:00:00+01:00,0.0860000029206276,0.0860000029206276,0.0860000029206276,0.0860000029206276,0,0.0,0.0
2015-01-30 00:00:00+01:00,0.08500000089406967,0.08500000089406967,0.08500000089406967,0.08500000089406967,0,0.0,0.0
2015-02-02 00:00:00+01:00,0.08399999886751175,0.08399999886751175,0.08399999886751175,0.08399999886751175,0,0.0,0.0
2015-02-03 00:00:00+01:00,0.07999999821186066,0.07999999821186066,0.07999999821186066,0.07999999821186066,0,0.0,0.0
2015-02-04 00:00:00+01:00,0.07999999821186066,0.07999999821186066,0.07999999821186066,0.07999999821186066,0,0.0,0.0
2015-02-05 00:00:00+01:00,0.08100000023841858,0.08100000023841858,0.08100000023841858,0.08100000023841858,0,0.0,0.0
2015-02-06 00:00:00+01:00,0.07999999821186066,0.07999999821186066,0.07999999821186066,0.07999999821186066,0,0.0,0.0
2015-02-09 00:00:00+01:00,0.07999999821186066,0.07999999821186066,0.07999999821186066,0.07999999821186066,0,0.0,0.0
2015-02-10 00:00:00+01:00,0.07900000363588333,0.07900000363588333,0.07900000363588333,0.07900000363588333,0,0.0,0.0
2015-02-11 00:00:00+01:00,0.07900000363588333,0.07900000363588333,0.07900000363588333,0.07900000363588333,0,0.0,0.0
2015-02-12 00:00:00+01:00,0.08299999684095383,0.08299999684095383,0.08299999684095383,0.08299999684095383,0,0.0,0.0
2015-02-13 00:00:00+01:00,0.08100000023841858,0.08100000023841858,0.08100000023841858,0.08100000023841858,0,0.0,0.0
2015-02-16 00:00:00+01:00,0.07900000363588333,0.07900000363588333,0.07900000363588333,0.07900000363588333,0,0.0,0.0
2015-02-17 00:00:00+01:00,0.08100000023841858,0.08100000023841858,0.08100000023841858,0.08100000023841858,0,0.0,0.0
2015-02-18 00:00:00+01:00,0.07800000160932541,0.07800000160932541,0.07800000160932541,0.07800000160932541,0,0.0,0.0
2015-02-19 00:00:00+01:00,0.07900000363588333,0.07900000363588333,0.07900000363588333,0.07900000363588333,0,0.0,0.0
2015-02-20 00:00:00+01:00,0.07900000363588333,0.07900000363588333,0.07900000363588333,0.07900000363588333,0,0.0,0.0
2015-02-23 00:00:00+01:00,0.07999999821186066,0.07999999821186066,0.07999999821186066,0.07999999821186066,0,0.0,0.0
2015-02-24 00:00:00+01:00,0.07999999821186066,0.07999999821186066,0.07999999821186066,0.07999999821186066,0,0.0,0.0
2015-02-25 00:00:00+01:00,0.07999999821186066,0.07999999821186066,0.07999999821186066,0.07999999821186066,0,0.0,0.0
2015-02-26 00:00:00+01:00,0.08100000023841858,0.08100000023841858,0.08100000023841858,0.08100000023841858,0,0.0,0.0
2015-02-27 00:00:00+01:00,0.08399999886751175,0.08399999886751175,0.08399999886751175,0.08399999886751175,0,0.0,0.0
2015-03-02 00:00:00+01:00,0.08299999684095383,0.08299999684095383,0.08299999684095383,0.08299999684095383,0,0.0,0.0
2015-03-03 00:00:00+01:00,0.08299999684095383,0.08299999684095383,0.08299999684095383,0.08299999684095383,0,0.0,0.0
2015-03-04 00:00:00+01:00,0.08299999684095383,0.08299999684095383,0.08299999684095383,0.08299999684095383,0,0.0,0.0
2015-03-05 00:00:00+01:00,0.0820000022649765,0.0820000022649765,0.0820000022649765,0.0820000022649765,0,0.0,0.0
2015-03-06 00:00:00+01:00,0.08299999684095383,0.08299999684095383,0.08299999684095383,0.08299999684095383,0,0.0,0.0
2015-03-09 00:00:00+01:00,0.08399999886751175,0.08399999886751175,0.08399999886751175,0.08399999886751175,0,0.0,0.0
2015-03-10 00:00:00+01:00,0.08299999684095383,0.08299999684095383,0.08299999684095383,0.08299999684095383,0,0.0,0.0
2015-03-11 00:00:00+01:00,0.08500000089406967,0.08500000089406967,0.08500000089406967,0.08500000089406967,0,0.0,0.0
2015-03-12 00:00:00+01:00,0.08500000089406967,0.08500000089406967,0.08500000089406967,0.08500000089406967,0,0.0,0.0
2015-03-13 00:00:00+01:00,0.08500000089406967,0.08500000089406967,0.08500000089406967,0.08500000089406967,0,0.0,0.0
2015-03-16 00:00:00+01:00,0.08500000089406967,0.08500000089406967,0.08500000089406967,0.08500000089406967,0,0.0,0.0
2015-03-17 00:00:00+01:00,0.0860000029206276,0.0860000029206276,0.0860000029206276,0.0860000029206276,0,0.0,0.0
2015-03-18 00:00:00+01:00,0.08799999952316284,0.08799999952316284,0.08799999952316284,0.08799999952316284,0,0.0,0.0
2015-03-19 00:00:00+01:00,0.08399999886751175,0.08399999886751175,0.08399999886751175,0.08399999886751175,0,0.0,0.0
2015-03-20 00:00:00+01:00,0.08699999749660492,0.08699999749660492,0.08699999749660492,0.08699999749660492,0,0.0,0.0
2015-03-23 00:00:00+01:00,0.08399999886751175,0.08399999886751175,0.08399999886751175,0.08399999886751175,0,0.0,0.0
2015-03-24 00:00:00+01:00,0.08399999886751175,0.08399999886751175,0.08399999886751175,0.08399999886751175,0,0.0,0.0
2015-03-25 00:00:00+01:00,0.07900000363588333,0.07900000363588333,0.07900000363588333,0.07900000363588333,0,0.0,0.0
2015-03-26 00:00:00+01:00,0.07599999755620956,0.07599999755620956,0.07599999755620956,0.07599999755620956,0,0.0,0.0
2015-03-27 00:00:00+01:00,0.07599999755620956,0.07599999755620956,0.07599999755620956,0.07599999755620956,0,0.0,0.0
2015-03-30 00:00:00+02:00,0.07800000160932541,0.07800000160932541,0.07800000160932541,0.07800000160932541,0,0.0,0.0
2015-03-31 00:00:00+02:00,0.07699999958276749,0.07699999958276749,0.07699999958276749,0.07699999958276749,0,0.0,0.0
2015-04-01 00:00:00+02:00,0.07500000298023224,0.07500000298023224,0.07500000298023224,0.07500000298023224,0,0.0,0.0
2015-04-02 00:00:00+02:00,0.07400000095367432,0.07400000095367432,0.07400000095367432,0.07400000095367432,0,0.0,0.0
2015-04-07 00:00:00+02:00,0.07000000029802322,0.07000000029802322,0.07000000029802322,0.07000000029802322,0,0.0,0.0
2015-04-08 00:00:00+02:00,0.07400000095367432,0.07400000095367432,0.07400000095367432,0.07400000095367432,0,0.0,0.0
2015-04-09 00:00:00+02:00,0.07699999958276749,0.07699999958276749,0.07699999958276749,0.07699999958276749,0,0.0,0.0
2015-04-10 00:00:00+02:00,0.07699999958276749,0.07699999958276749,0.07699999958276749,0.07699999958276749,0,0.0,0.0
2015-04-13 00:00:00+02:00,0.07999999821186066,0.07999999821186066,0.07999999821186066,0.07999999821186066,0,0.0,0.0
2015-04-14 00:00:00+02:00,0.09300000220537186,0.09300000220537186,0.09300000220537186,0.09300000220537186,0,0.0,0.0
2015-04-15 00:00:00+02:00,0.09300000220537186,0.09300000220537186,0.09300000220537186,0.09300000220537186,0,0.0,0.0
2015-04-16 00:00:00+02:00,0.08699999749660492,0.08699999749660492,0.08699999749660492,0.08699999749660492,0,0.0,0.0
2015-04-17 00:00:00+02:00,0.0860000029206276,0.0860000029206276,0.0860000029206276,0.0860000029206276,0,0.0,0.0
2015-04-20 00:00:00+02:00,0.08100000023841858,0.08100000023841858,0.08100000023841858,0.08100000023841858,0,0.0,0.0
2015-04-21 00:00:00+02:00,0.08399999886751175,0.08399999886751175,0.08399999886751175,0.08399999886751175,0,0.0,0.0
2015-04-22 00:00:00+02:00,0.08500000089406967,0.08500000089406967,0.08500000089406967,0.08500000089406967,0,0.0,0.0
2015-04-23 00:00:00+02:00,0.08900000154972076,0.08900000154972076,0.08900000154972076,0.08900000154972076,0,0.0,0.0
2015-04-24 00:00:00+02:00,0.0860000029206276,0.0860000029206276,0.0860000029206276,0.0860000029206276,0,0.0,0.0
2015-04-27 00:00:00+02:00,0.0860000029206276,0.0860000029206276,0.0860000029206276,0.0860000029206276,0,0.0,0.0
2015-04-28 00:00:00+02:00,0.08500000089406967,0.08500000089406967,0.08500000089406967,0.08500000089406967,0,0.0,0.0
2015-04-29 00:00:00+02:00,0.08500000089406967,0.08500000089406967,0.08500000089406967,0.08500000089406967,0,0.0,0.0
2015-04-30 00:00:00+02:00,0.0820000022649765,0.0820000022649765,0.0820000022649765,0.0820000022649765,0,0.0,0.0
2015-05-04 00:00:00+02:00,0.08299999684095383,0.08299999684095383,0.08299999684095383,0.08299999684095383,0,0.0,0.0
2015-05-05 00:00:00+02:00,0.0820000022649765,0.0820000022649765,0.0820000022649765,0.0820000022649765,0,0.0,0.0
2015-05-06 00:00:00+02:00,0.0820000022649765,0.0820000022649765,0.0820000022649765,0.0820000022649765,0,0.0,0.0
2015-05-07 00:00:00+02:00,0.07900000363588333,0.07900000363588333,0.07900000363588333,0.07900000363588333,0,0.0,0.0
2015-05-08 00:00:00+02:00,0.07999999821186066,0.07999999821186066,0.07999999821186066,0.07999999821186066,0,0.0,0.0
2015-05-11 00:00:00+02:00,0.08299999684095383,0.08299999684095383,0.08299999684095383,0.08299999684095383,0,0.0,0.0
2015-05-12 00:00:00+02:00,0.08299999684095383,0.08299999684095383,0.08299999684095383,0.08299999684095383,0,0.0,0.0
2015-05-13 00:00:00+02:00,0.08100000023841858,0.08100000023841858,0.08100000023841858,0.08100000023841858,0,0.0,0.0
2015-05-14 00:00:00+02:00,0.08100000023841858,0.08100000023841858,0.08100000023841858,0.08100000023841858,0,0.0,0.0
2015-05-15 00:00:00+02:00,0.07800000160932541,0.07800000160932541,0.07800000160932541,0.07800000160932541,0,0.0,0.0
2015-05-18 00:00:00+02:00,0.07800000160932541,0.07800000160932541,0.07800000160932541,0.07800000160932541,0,0.0,0.0
2015-05-19 00:00:00+02:00,0.07900000363588333,0.07900000363588333,0.07900000363588333,0.07900000363588333,0,0.0,0.0
2015-05-20 00:00:00+02:00,0.08100000023841858,0.08100000023841858,0.08100000023841858,0.08100000023841858,0,0.0,0.0
2015-05-21 00:00:00+02:00,0.08900000154972076,0.08900000154972076,0.08900000154972076,0.08900000154972076,0,0.0,0.0
2015-05-22 00:00:00+02:00,0.09300000220537186,0.09300000220537186,0.09300000220537186,0.09300000220537186,0,0.0,0.0
2015-05-25 00:00:00+02:00,0.09300000220537186,0.09300000220537186,0.09300000220537186,0.09300000220537186,0,0.0,0.0
2015-05-26 00:00:00+02:00,0.09300000220537186,0.09300000220537186,0.09300000220537186,0.09300000220537186,0,0.0,0.0
2015-05-27 00:00:00+02:00,0.09300000220537186,0.09300000220537186,0.09300000220537186,0.09300000220537186,0,0.0,0.0
2015-05-28 00:00:00+02:00,0.09300000220537186,0.09300000220537186,0.09300000220537186,0.09300000220537186,5814,0.0,0.0
2015-05-29 00:00:00+02:00,0.09099999815225601,0.09099999815225601,0.09099999815225601,0.09099999815225601,0,0.0,0.0
2015-06-01 00:00:00+02:00,0.0949999988079071,0.0949999988079071,0.0949999988079071,0.0949999988079071,0,0.0,0.0
2015-06-02 00:00:00+02:00,0.09700000286102295,0.09700000286102295,0.09700000286102295,0.09700000286102295,0,0.0,0.0
2015-06-03 00:00:00+02:00,0.09700000286102295,0.09700000286102295,0.09700000286102295,0.09700000286102295,0,0.0,0.0
2015-06-04 00:00:00+02:00,0.09700000286102295,0.09700000286102295,0.09700000286102295,0.09700000286102295,0,0.0,0.0
2015-06-05 00:00:00+02:00,0.09700000286102295,0.09700000286102295,0.09700000286102295,0.09700000286102295,0,0.0,0.0
2015-06-08 00:00:00+02:00,0.10899999737739563,0.10899999737739563,0.10899999737739563,0.10899999737739563,0,0.0,0.0
2015-06-09 00:00:00+02:00,0.10899999737739563,0.10899999737739563,0.10899999737739563,0.10899999737739563,5200,0.0,0.0
2015-06-10 00:00:00+02:00,0.0949999988079071,0.0949999988079071,0.0949999988079071,0.0949999988079071,0,0.0,0.0
2015-06-11 00:00:00+02:00,0.08799999952316284,0.08799999952316284,0.08799999952316284,0.08799999952316284,0,0.0,0.0
2015-06-12 00:00:00+02:00,0.08799999952316284,0.08799999952316284,0.08799999952316284,0.08799999952316284,0,0.0,0.0
2015-06-15 00:00:00+02:00,0.08799999952316284,0.08799999952316284,0.08799999952316284,0.08799999952316284,0,0.0,0.0
2015-06-16 00:00:00+02:00,0.08799999952316284,0.08799999952316284,0.08799999952316284,0.08799999952316284,0,0.0,0.0
2015-06-17 00:00:00+02:00,0.08699999749660492,0.08699999749660492,0.08699999749660492,0.08699999749660492,0,0.0,0.0
2015-06-18 00:00:00+02:00,0.0860000029206276,0.0860000029206276,0.0860000029206276,0.0860000029206276,0,0.0,0.0
2015-06-19 00:00:00+02:00,0.0860000029206276,0.0860000029206276,0.0860000029206276,0.0860000029206276,0,0.0,0.0
2015-06-22 00:00:00+02:00,0.08500000089406967,0.08500000089406967,0.08500000089406967,0.08500000089406967,0,0.0,0.0
2015-06-23 00:00:00+02:00,0.08799999952316284,0.08799999952316284,0.08799999952316284,0.08799999952316284,0,0.0,0.0
2015-06-24 00:00:00+02:00,0.08799999952316284,0.08799999952316284,0.08799999952316284,0.08799999952316284,0,0.0,0.0
2015-06-25 00:00:00+02:00,0.08900000154972076,0.08900000154972076,0.08900000154972076,0.08900000154972076,0,0.0,0.0
2015-06-26 00:00:00+02:00,0.08699999749660492,0.08699999749660492,0.08699999749660492,0.08699999749660492,0,0.0,0.0
2015-06-29 00:00:00+02:00,0.08399999886751175,0.08399999886751175,0.08399999886751175,0.08399999886751175,0,0.0,0.0
2015-06-30 00:00:00+02:00,0.08399999886751175,0.08399999886751175,0.08399999886751175,0.08399999886751175,0,0.0,0.0
2015-07-01 00:00:00+02:00,0.08399999886751175,0.08399999886751175,0.08399999886751175,0.08399999886751175,0,0.0,0.0
2015-07-02 00:00:00+02:00,0.08699999749660492,0.08699999749660492,0.08699999749660492,0.08699999749660492,0,0.0,0.0
2015-07-03 00:00:00+02:00,0.08100000023841858,0.08100000023841858,0.08100000023841858,0.08100000023841858,0,0.0,0.0
2015-07-06 00:00:00+02:00,0.07500000298023224,0.07500000298023224,0.07500000298023224,0.07500000298023224,0,0.0,0.0
2015-07-07 00:00:00+02:00,0.0689999982714653,0.0689999982714653,0.0689999982714653,0.0689999982714653,0,0.0,0.0
2015-07-08 00:00:00+02:00,0.06599999964237213,0.06599999964237213,0.06599999964237213,0.06599999964237213,0,0.0,0.0
2015-07-09 00:00:00+02:00,0.0689999982714653,0.0689999982714653,0.0689999982714653,0.0689999982714653,0,0.0,0.0
2015-07-10 00:00:00+02:00,0.07699999958276749,0.07699999958276749,0.07699999958276749,0.07699999958276749,0,0.0,0.0
2015-07-13 00:00:00+02:00,0.07599999755620956,0.07599999755620956,0.07599999755620956,0.07599999755620956,0,0.0,0.0
2015-07-14 00:00:00+02:00,0.07599999755620956,0.07599999755620956,0.07599999755620956,0.07599999755620956,0,0.0,0.0
2015-07-15 00:00:00+02:00,0.0729999989271164,0.0729999989271164,0.0729999989271164,0.0729999989271164,0,0.0,0.0
2015-07-16 00:00:00+02:00,0.07599999755620956,0.07599999755620956,0.07599999755620956,0.07599999755620956,0,0.0,0.0
2015-07-17 00:00:00+02:00,0.07699999958276749,0.07699999958276749,0.07699999958276749,0.07699999958276749,0,0.0,0.0
2015-07-20 00:00:00+02:00,0.07599999755620956,0.07599999755620956,0.07599999755620956,0.07599999755620956,0,0.0,0.0
2015-07-21 00:00:00+02:00,0.08799999952316284,0.08799999952316284,0.08799999952316284,0.08799999952316284,0,0.0,0.0
2015-07-22 00:00:00+02:00,0.0820000022649765,0.0820000022649765,0.0820000022649765,0.0820000022649765,0,0.0,0.0
2015-07-23 00:00:00+02:00,0.0820000022649765,0.0820000022649765,0.0820000022649765,0.0820000022649765,0,0.0,0.0
2015-07-24 00:00:00+02:00,0.08299999684095383,0.08299999684095383,0.08299999684095383,0.08299999684095383,0,0.0,0.0
2015-07-27 00:00:00+02:00,0.07999999821186066,0.07999999821186066,0.07999999821186066,0.07999999821186066,0,0.0,0.0
2015-07-28 00:00:00+02:00,0.07699999958276749,0.07699999958276749,0.07699999958276749,0.07699999958276749,0,0.0,0.0
2015-07-29 00:00:00+02:00,0.07999999821186066,0.07999999821186066,0.07999999821186066,0.07999999821186066,0,0.0,0.0
2015-07-30 00:00:00+02:00,0.07800000160932541,0.07800000160932541,0.07800000160932541,0.07800000160932541,0,0.0,0.0
2015-07-31 00:00:00+02:00,0.08100000023841858,0.08100000023841858,0.08100000023841858,0.08100000023841858,0,0.0,0.0
2015-08-03 00:00:00+02:00,0.07699999958276749,0.07699999958276749,0.07699999958276749,0.07699999958276749,0,0.0,0.0
2015-08-04 00:00:00+02:00,0.07999999821186066,0.07999999821186066,0.07999999821186066,0.07999999821186066,0,0.0,0.0
2015-08-05 00:00:00+02:00,0.0820000022649765,0.0820000022649765,0.0820000022649765,0.0820000022649765,0,0.0,0.0
2015-08-06 00:00:00+02:00,0.07999999821186066,0.07999999821186066,0.07999999821186066,0.07999999821186066,0,0.0,0.0
2015-08-07 00:00:00+02:00,0.08100000023841858,0.08100000023841858,0.08100000023841858,0.08100000023841858,0,0.0,0.0
2015-08-10 00:00:00+02:00,0.08299999684095383,0.08299999684095383,0.08299999684095383,0.08299999684095383,0,0.0,0.0
2015-08-11 00:00:00+02:00,0.08399999886751175,0.08399999886751175,0.08399999886751175,0.08399999886751175,0,0.0,0.0
2015-08-12 00:00:00+02:00,0.07999999821186066,0.07999999821186066,0.07999999821186066,0.07999999821186066,0,0.0,0.0
2015-08-13 00:00:00+02:00,0.07900000363588333,0.07900000363588333,0.07900000363588333,0.07900000363588333,0,0.0,0.0
2015-08-14 00:00:00+02:00,0.07699999958276749,0.07699999958276749,0.07699999958276749,0.07699999958276749,0,0.0,0.0
2015-08-17 00:00:00+02:00,0.07800000160932541,0.07800000160932541,0.07800000160932541,0.07800000160932541,0,0.0,0.0
2015-08-18 00:00:00+02:00,0.07500000298023224,0.07500000298023224,0.07500000298023224,0.07500000298023224,0,0.0,0.0
2015-08-19 00:00:00+02:00,0.07400000095367432,0.07400000095367432,0.07400000095367432,0.07400000095367432,0,0.0,0.0
2015-08-20 00:00:00+02:00,0.07100000232458115,0.07100000232458115,0.07100000232458115,0.07100000232458115,0,0.0,0.0
2015-08-21 00:00:00+02:00,0.0989999994635582,0.0989999994635582,0.0989999994635582,0.0989999994635582,4500,0.0,0.0
2015-08-24 00:00:00+02:00,0.06300000101327896,0.06300000101327896,0.06300000101327896,0.06300000101327896,0,0.0,0.0
2015-08-25 00:00:00+02:00,0.05999999865889549,0.05999999865889549,0.05999999865889549,0.05999999865889549,0,0.0,0.0
2015-08-26 00:00:00+02:00,0.061000000685453415,0.061000000685453415,0.061000000685453415,0.061000000685453415,0,0.0,0.0
2015-08-27 00:00:00+02:00,0.06400000303983688,0.06400000303983688,0.06400000303983688,0.06400000303983688,0,0.0,0.0
2015-08-28 00:00:00+02:00,0.0689999982714653,0.0689999982714653,0.0689999982714653,0.0689999982714653,0,0.0,0.0
2015-08-31 00:00:00+02:00,0.06800000369548798,0.06800000369548798,0.06800000369548798,0.06800000369548798,0,0.0,0.0
2015-09-01 00:00:00+02:00,0.06599999964237213,0.06599999964237213,0.06599999964237213,0.06599999964237213,0,0.0,0.0
2015-09-02 00:00:00+02:00,0.06599999964237213,0.06599999964237213,0.06599999964237213,0.06599999964237213,0,0.0,0.0
2015-09-03 00:00:00+02:00,0.06599999964237213,0.06599999964237213,0.06599999964237213,0.06599999964237213,0,0.0,0.0
2015-09-04 00:00:00+02:00,0.06599999964237213,0.06599999964237213,0.06599999964237213,0.06599999964237213,0,0.0,0.0
2015-09-07 00:00:00+02:00,0.06400000303983688,0.06400000303983688,0.06400000303983688,0.06400000303983688,0,0.0,0.0
2015-09-08 00:00:00+02:00,0.06199999898672104,0.06199999898672104,0.06199999898672104,0.06199999898672104,0,0.0,0.0
2015-09-09 00:00:00+02:00,0.06300000101327896,0.06300000101327896,0.06300000101327896,0.06300000101327896,0,0.0,0.0
2015-09-10 00:00:00+02:00,0.06400000303983688,0.06400000303983688,0.06400000303983688,0.06400000303983688,0,0.0,0.0
2015-09-11 00:00:00+02:00,0.06400000303983688,0.06400000303983688,0.06400000303983688,0.06400000303983688,0,0.0,0.0
2015-09-14 00:00:00+02:00,0.06599999964237213,0.06599999964237213,0.06599999964237213,0.06599999964237213,0,0.0,0.0
2015-09-15 00:00:00+02:00,0.06199999898672104,0.06199999898672104,0.06199999898672104,0.06199999898672104,0,0.0,0.0
2015-09-16 00:00:00+02:00,0.06700000166893005,0.06700000166893005,0.06700000166893005,0.06700000166893005,0,0.0,0.0
2015-09-17 00:00:00+02:00,0.0689999982714653,0.0689999982714653,0.0689999982714653,0.0689999982714653,0,0.0,0.0
2015-09-18 00:00:00+02:00,0.06700000166893005,0.06700000166893005,0.06700000166893005,0.06700000166893005,0,0.0,0.0
2015-09-21 00:00:00+02:00,0.06499999761581421,0.06499999761581421,0.06499999761581421,0.06499999761581421,0,0.0,0.0
2015-09-22 00:00:00+02:00,0.0689999982714653,0.0689999982714653,0.0689999982714653,0.0689999982714653,0,0.0,0.0
2015-09-23 00:00:00+02:00,0.06700000166893005,0.06700000166893005,0.06700000166893005,0.06700000166893005,0,0.0,0.0
2015-09-24 00:00:00+02:00,0.06800000369548798,0.06800000369548798,0.06800000369548798,0.06800000369548798,0,0.0,0.0
2015-09-25 00:00:00+02:00,0.0689999982714653,0.0689999982714653,0.0689999982714653,0.0689999982714653,0,0.0,0.0
2015-09-28 00:00:00+02:00,0.0689999982714653,0.0689999982714653,0.0689999982714653,0.0689999982714653,0,0.0,0.0
2015-09-29 00:00:00+02:00,0.06300000101327896,0.06300000101327896,0.06300000101327896,0.06300000101327896,0,0.0,0.0
2015-09-30 00:00:00+02:00,0.06300000101327896,0.06300000101327896,0.06300000101327896,0.06300000101327896,0,0.0,0.0
2015-10-01 00:00:00+02:00,0.06700000166893005,0.06700000166893005,0.06700000166893005,0.06700000166893005,0,0.0,0.0
2015-10-02 00:00:00+02:00,0.06700000166893005,0.06700000166893005,0.06700000166893005,0.06700000166893005,0,0.0,0.0
2015-10-05 00:00:00+02:00,0.06400000303983688,0.06400000303983688,0.06400000303983688,0.06400000303983688,0,0.0,0.0
2015-10-06 00:00:00+02:00,0.06499999761581421,0.06499999761581421,0.06499999761581421,0.06499999761581421,0,0.0,0.0
2015-10-07 00:00:00+02:00,0.0689999982714653,0.0689999982714653,0.0689999982714653,0.0689999982714653,0,0.0,0.0
2015-10-08 00:00:00+02:00,0.06700000166893005,0.06700000166893005,0.06700000166893005,0.06700000166893005,0,0.0,0.0
2015-10-09 00:00:00+02:00,0.07000000029802322,0.07000000029802322,0.07000000029802322,0.07000000029802322,0,0.0,0.0
2015-10-12 00:00:00+02:00,0.0689999982714653,0.0689999982714653,0.0689999982714653,0.0689999982714653,0,0.0,0.0
2015-10-13 00:00:00+02:00,0.06800000369548798,0.06800000369548798,0.06800000369548798,0.06800000369548798,0,0.0,0.0
2015-10-14 00:00:00+02:00,0.0689999982714653,0.0689999982714653,0.0689999982714653,0.0689999982714653,0,0.0,0.0
2015-10-15 00:00:00+02:00,0.06700000166893005,0.06700000166893005,0.06700000166893005,0.06700000166893005,0,0.0,0.0
2015-10-16 00:00:00+02:00,0.06800000369548798,0.06800000369548798,0.06800000369548798,0.06800000369548798,0,0.0,0.0
2015-10-19 00:00:00+02:00,0.0689999982714653,0.0689999982714653,0.0689999982714653,0.0689999982714653,0,0.0,0.0
2015-10-20 00:00:00+02:00,0.06800000369548798,0.06800000369548798,0.06800000369548798,0.06800000369548798,0,0.0,0.0
2015-10-21 00:00:00+02:00,0.07000000029802322,0.07000000029802322,0.07000000029802322,0.07000000029802322,0,0.0,0.0
2015-10-22 00:00:00+02:00,0.07000000029802322,0.07000000029802322,0.07000000029802322,0.07000000029802322,0,0.0,0.0
2015-10-23 00:00:00+02:00,0.07400000095367432,0.07400000095367432,0.07400000095367432,0.07400000095367432,0,0.0,0.0
2015-10-26 00:00:00+01:00,0.07699999958276749,0.07699999958276749,0.07699999958276749,0.07699999958276749,0,0.0,0.0
2015-10-27 00:00:00+01:00,0.07599999755620956,0.07599999755620956,0.07599999755620956,0.07599999755620956,0,0.0,0.0
2015-10-28 00:00:00+01:00,0.07800000160932541,0.07800000160932541,0.07800000160932541,0.07800000160932541,0,0.0,0.0
2015-10-29 00:00:00+01:00,0.07900000363588333,0.07900000363588333,0.07900000363588333,0.07900000363588333,0,0.0,0.0
2015-10-30 00:00:00+01:00,0.08299999684095383,0.08299999684095383,0.08299999684095383,0.08299999684095383,0,0.0,0.0
2015-11-02 00:00:00+01:00,0.07500000298023224,0.07500000298023224,0.07500000298023224,0.07500000298023224,0,0.0,0.0
2015-11-03 00:00:00+01:00,0.07400000095367432,0.07400000095367432,0.07400000095367432,0.07400000095367432,0,0.0,0.0
2015-11-04 00:00:00+01:00,0.07500000298023224,0.07500000298023224,0.07500000298023224,0.07500000298023224,0,0.0,0.0
2015-11-05 00:00:00+01:00,0.07900000363588333,0.07900000363588333,0.07900000363588333,0.07900000363588333,0,0.0,0.0
2015-11-06 00:00:00+01:00,0.07900000363588333,0.07900000363588333,0.07900000363588333,0.07900000363588333,0,0.0,0.0
2015-11-09 00:00:00+01:00,0.0820000022649765,0.0820000022649765,0.0820000022649765,0.0820000022649765,0,0.0,0.0
2015-11-10 00:00:00+01:00,0.08100000023841858,0.08100000023841858,0.08100000023841858,0.08100000023841858,0,0.0,0.0
2015-11-11 00:00:00+01:00,0.07900000363588333,0.07900000363588333,0.07900000363588333,0.07900000363588333,0,0.0,0.0
2015-11-12 00:00:00+01:00,0.07999999821186066,0.07999999821186066,0.07999999821186066,0.07999999821186066,0,0.0,0.0
2015-11-13 00:00:00+01:00,0.07999999821186066,0.07999999821186066,0.07999999821186066,0.07999999821186066,0,0.0,0.0
2015-11-16 00:00:00+01:00,0.08100000023841858,0.08100000023841858,0.08100000023841858,0.08100000023841858,0,0.0,0.0
2015-11-17 00:00:00+01:00,0.08100000023841858,0.08100000023841858,0.08100000023841858,0.08100000023841858,0,0.0,0.0
2015-11-18 00:00:00+01:00,0.0820000022649765,0.0820000022649765,0.0820000022649765,0.0820000022649765,0,0.0,0.0
2015-11-19 00:00:00+01:00,0.0820000022649765,0.0820000022649765,0.0820000022649765,0.0820000022649765,0,0.0,0.0
2015-11-20 00:00:00+01:00,0.08399999886751175,0.08399999886751175,0.08399999886751175,0.08399999886751175,0,0.0,0.0
2015-11-23 00:00:00+01:00,0.08399999886751175,0.08399999886751175,0.08399999886751175,0.08399999886751175,0,0.0,0.0
2015-11-24 00:00:00+01:00,0.08299999684095383,0.08299999684095383,0.08299999684095383,0.08299999684095383,0,0.0,0.0
2015-11-25 00:00:00+01:00,0.08299999684095383,0.08299999684095383,0.08299999684095383,0.08299999684095383,0,0.0,0.0
2015-11-26 00:00:00+01:00,0.0820000022649765,0.0820000022649765,0.0820000022649765,0.0820000022649765,0,0.0,0.0
2015-11-27 00:00:00+01:00,0.08100000023841858,0.08100000023841858,0.08100000023841858,0.08100000023841858,0,0.0,0.0
2015-11-30 00:00:00+01:00,0.0820000022649765,0.0820000022649765,0.0820000022649765,0.0820000022649765,0,0.0,0.0
2015-12-01 00:00:00+01:00,0.08500000089406967,0.08500000089406967,0.08500000089406967,0.08500000089406967,0,0.0,0.0
2015-12-02 00:00:00+01:00,0.08299999684095383,0.08299999684095383,0.08299999684095383,0.08299999684095383,0,0.0,0.0
2015-12-03 00:00:00+01:00,0.08100000023841858,0.08100000023841858,0.08100000023841858,0.08100000023841858,0,0.0,0.0
2015-12-04 00:00:00+01:00,0.07900000363588333,0.07900000363588333,0.07900000363588333,0.07900000363588333,0,0.0,0.0
2015-12-07 00:00:00+01:00,0.08299999684095383,0.08299999684095383,0.08299999684095383,0.08299999684095383,0,0.0,0.0
2015-12-08 00:00:00+01:00,0.0820000022649765,0.0820000022649765,0.0820000022649765,0.0820000022649765,0,0.0,0.0
2015-12-09 00:00:00+01:00,0.07900000363588333,0.07900000363588333,0.07900000363588333,0.07900000363588333,0,0.0,0.0
2015-12-10 00:00:00+01:00,0.07999999821186066,0.07999999821186066,0.07999999821186066,0.07999999821186066,0,0.0,0.0
2015-12-11 00:00:00+01:00,0.07599999755620956,0.07599999755620956,0.07599999755620956,0.07599999755620956,0,0.0,0.0
2015-12-14 00:00:00+01:00,0.07599999755620956,0.07599999755620956,0.07599999755620956,0.07599999755620956,0,0.0,0.0
2015-12-15 00:00:00+01:00,0.07699999958276749,0.07699999958276749,0.07699999958276749,0.07699999958276749,0,0.0,0.0
2015-12-16 00:00:00+01:00,0.07900000363588333,0.07900000363588333,0.07900000363588333,0.07900000363588333,0,0.0,0.0
2015-12-17 00:00:00+01:00,0.07999999821186066,0.07999999821186066,0.07999999821186066,0.07999999821186066,0,0.0,0.0
2015-12-18 00:00:00+01:00,0.07999999821186066,0.07999999821186066,0.07999999821186066,0.07999999821186066,0,0.0,0.0
2015-12-21 00:00:00+01:00,0.07999999821186066,0.07999999821186066,0.07999999821186066,0.07999999821186066,0,0.0,0.0
2015-12-22 00:00:00+01:00,0.08100000023841858,0.08100000023841858,0.08100000023841858,0.08100000023841858,0,0.0,0.0
2015-12-23 00:00:00+01:00,0.08100000023841858,0.08100000023841858,0.08100000023841858,0.08100000023841858,0,0.0,0.0
2015-12-28 00:00:00+01:00,0.08299999684095383,0.08299999684095383,0.08299999684095383,0.08299999684095383,0,0.0,0.0
2015-12-29 00:00:00+01:00,0.07999999821186066,0.07999999821186066,0.07999999821186066,0.07999999821186066,0,0.0,0.0
2015-12-30 00:00:00+01:00,0.07900000363588333,0.07900000363588333,0.07900000363588333,0.07900000363588333,0,0.0,0.0
2016-01-04 00:00:00+01:00,0.07900000363588333,0.07900000363588333,0.07900000363588333,0.07900000363588333,0,0.0,0.0
2016-01-05 00:00:00+01:00,0.07900000363588333,0.07900000363588333,0.07900000363588333,0.07900000363588333,0,0.0,0.0
2016-01-06 00:00:00+01:00,0.08500000089406967,0.08500000089406967,0.08500000089406967,0.08500000089406967,0,0.0,0.0
2016-01-07 00:00:00+01:00,0.07500000298023224,0.07500000298023224,0.07500000298023224,0.07500000298023224,0,0.0,0.0
2016-01-08 00:00:00+01:00,0.0729999989271164,0.0729999989271164,0.0729999989271164,0.0729999989271164,0,0.0,0.0
2016-01-11 00:00:00+01:00,0.07400000095367432,0.07400000095367432,0.07400000095367432,0.07400000095367432,0,0.0,0.0
2016-01-12 00:00:00+01:00,0.07400000095367432,0.07400000095367432,0.07400000095367432,0.07400000095367432,0,0.0,0.0
2016-01-13 00:00:00+01:00,0.07699999958276749,0.07699999958276749,0.07699999958276749,0.07699999958276749,0,0.0,0.0
2016-01-14 00:00:00+01:00,0.0729999989271164,0.0729999989271164,0.0729999989271164,0.0729999989271164,0,0.0,0.0
2016-01-15 00:00:00+01:00,0.07500000298023224,0.07500000298023224,0.07500000298023224,0.07500000298023224,0,0.0,0.0
2016-01-18 00:00:00+01:00,0.07400000095367432,0.07400000095367432,0.07400000095367432,0.07400000095367432,0,0.0,0.0
2016-01-19 00:00:00+01:00,0.07400000095367432,0.07400000095367432,0.07400000095367432,0.07400000095367432,0,0.0,0.0
2016-01-20 00:00:00+01:00,0.07400000095367432,0.07400000095367432,0.07400000095367432,0.07400000095367432,0,0.0,0.0
2016-01-21 00:00:00+01:00,0.07000000029802322,0.07000000029802322,0.07000000029802322,0.07000000029802322,0,0.0,0.0
2016-01-22 00:00:00+01:00,0.07000000029802322,0.07000000029802322,0.07000000029802322,0.07000000029802322,0,0.0,0.0
2016-01-25 00:00:00+01:00,0.07100000232458115,0.07100000232458115,0.07100000232458115,0.07100000232458115,0,0.0,0.0
2016-01-26 00:00:00+01:00,0.06700000166893005,0.06700000166893005,0.06700000166893005,0.06700000166893005,0,0.0,0.0
2016-01-27 00:00:00+01:00,0.06400000303983688,0.06400000303983688,0.06400000303983688,0.06400000303983688,0,0.0,0.0
2016-01-28 00:00:00+01:00,0.06199999898672104,0.06199999898672104,0.06199999898672104,0.06199999898672104,0,0.0,0.0
2016-01-29 00:00:00+01:00,0.0689999982714653,0.0689999982714653,0.0689999982714653,0.0689999982714653,0,0.0,0.0
2016-02-01 00:00:00+01:00,0.06599999964237213,0.06599999964237213,0.06599999964237213,0.06599999964237213,0,0.0,0.0
2016-02-02 00:00:00+01:00,0.06199999898672104,0.06199999898672104,0.06199999898672104,0.06199999898672104,0,0.0,0.0
2016-02-03 00:00:00+01:00,0.06700000166893005,0.06700000166893005,0.06700000166893005,0.06700000166893005,0,0.0,0.0
2016-02-04 00:00:00+01:00,0.06499999761581421,0.06499999761581421,0.06499999761581421,0.06499999761581421,0,0.0,0.0
2016-02-05 00:00:00+01:00,0.06199999898672104,0.06199999898672104,0.06199999898672104,0.06199999898672104,0,0.0,0.0
2016-02-08 00:00:00+01:00,0.06400000303983688,0.06400000303983688,0.06400000303983688,0.06400000303983688,0,0.0,0.0
2016-02-09 00:00:00+01:00,0.06300000101327896,0.06300000101327896,0.06300000101327896,0.06300000101327896,0,0.0,0.0
2016-02-10 00:00:00+01:00,0.06300000101327896,0.06300000101327896,0.06300000101327896,0.06300000101327896,0,0.0,0.0
2016-02-11 00:00:00+01:00,0.061000000685453415,0.061000000685453415,0.061000000685453415,0.061000000685453415,0,0.0,0.0
2016-02-12 00:00:00+01:00,0.04800000041723251,0.04800000041723251,0.04800000041723251,0.04800000041723251,0,0.0,0.0
2016-02-15 00:00:00+01:00,0.05700000002980232,0.05700000002980232,0.05700000002980232,0.05700000002980232,0,0.0,0.0
2016-02-16 00:00:00+01:00,0.05700000002980232,0.05700000002980232,0.05700000002980232,0.05700000002980232,0,0.0,0.0
2016-02-17 00:00:00+01:00,0.061000000685453415,0.061000000685453415,0.061000000685453415,0.061000000685453415,0,0.0,0.0
2016-02-18 00:00:00+01:00,0.05400000140070915,0.05400000140070915,0.05400000140070915,0.05400000140070915,0,0.0,0.0
2016-02-19 00:00:00+01:00,0.05700000002980232,0.05700000002980232,0.05700000002980232,0.05700000002980232,0,0.0,0.0
2016-02-22 00:00:00+01:00,0.057999998331069946,0.057999998331069946,0.057999998331069946,0.057999998331069946,0,0.0,0.0
2016-02-23 00:00:00+01:00,0.06400000303983688,0.06400000303983688,0.06400000303983688,0.06400000303983688,0,0.0,0.0
2016-02-24 00:00:00+01:00,0.06400000303983688,0.06400000303983688,0.06400000303983688,0.06400000303983688,0,0.0,0.0
2016-02-25 00:00:00+01:00,0.05900000035762787,0.05900000035762787,0.05900000035762787,0.05900000035762787,0,0.0,0.0
2016-02-26 00:00:00+01:00,0.05900000035762787,0.05900000035762787,0.05900000035762787,0.05900000035762787,0,0.0,0.0
2016-02-29 00:00:00+01:00,0.054999999701976776,0.054999999701976776,0.054999999701976776,0.054999999701976776,0,0.0,0.0
2016-03-01 00:00:00+01:00,0.05900000035762787,0.05900000035762787,0.05900000035762787,0.05900000035762787,0,0.0,0.0
2016-03-02 00:00:00+01:00,0.057999998331069946,0.057999998331069946,0.057999998331069946,0.057999998331069946,0,0.0,0.0
2016-03-03 00:00:00+01:00,0.06300000101327896,0.06300000101327896,0.06300000101327896,0.06300000101327896,0,0.0,0.0
2016-03-04 00:00:00+01:00,0.06800000369548798,0.06800000369548798,0.06800000369548798,0.06800000369548798,0,0.0,0.0
2016-03-07 00:00:00+01:00,0.06599999964237213,0.06599999964237213,0.06599999964237213,0.06599999964237213,0,0.0,0.0
2016-03-08 00:00:00+01:00,0.06499999761581421,0.06499999761581421,0.06499999761581421,0.06499999761581421,0,0.0,0.0
2016-03-09 00:00:00+01:00,0.06499999761581421,0.06499999761581421,0.06499999761581421,0.06499999761581421,0,0.0,0.0
2016-03-10 00:00:00+01:00,0.0689999982714653,0.0689999982714653,0.0689999982714653,0.0689999982714653,0,0.0,0.0
2016-03-11 00:00:00+01:00,0.06400000303983688,0.06400000303983688,0.06400000303983688,0.06400000303983688,0,0.0,0.0
2016-03-14 00:00:00+01:00,0.0689999982714653,0.0689999982714653,0.0689999982714653,0.0689999982714653,0,0.0,0.0
2016-03-15 00:00:00+01:00,0.0689999982714653,0.0689999982714653,0.0689999982714653,0.0689999982714653,0,0.0,0.0
2016-03-16 00:00:00+01:00,0.0689999982714653,0.0689999982714653,0.0689999982714653,0.0689999982714653,0,0.0,0.0
2016-03-17 00:00:00+01:00,0.07000000029802322,0.07000000029802322,0.07000000029802322,0.07000000029802322,0,0.0,0.0
2016-03-18 00:00:00+01:00,0.06599999964237213,0.06599999964237213,0.06599999964237213,0.06599999964237213,0,0.0,0.0
2016-03-21 00:00:00+01:00,0.0689999982714653,0.0689999982714653,0.0689999982714653,0.0689999982714653,0,0.0,0.0
2016-03-22 00:00:00+01:00,0.0689999982714653,0.0689999982714653,0.0689999982714653,0.0689999982714653,0,0.0,0.0
2016-03-23 00:00:00+01:00,0.06800000369548798,0.06800000369548798,0.06800000369548798,0.06800000369548798,0,0.0,0.0
2016-03-24 00:00:00+01:00,0.07000000029802322,0.07000000029802322,0.07000000029802322,0.07000000029802322,0,0.0,0.0
2016-03-29 00:00:00+02:00,0.0689999982714653,0.0689999982714653,0.0689999982714653,0.0689999982714653,0,0.0,0.0
2016-03-30 00:00:00+02:00,0.07000000029802322,0.07000000029802322,0.07000000029802322,0.07000000029802322,0,0.0,0.0
2016-03-31 00:00:00+02:00,0.0689999982714653,0.0689999982714653,0.0689999982714653,0.0689999982714653,0,0.0,0.0
2016-04-01 00:00:00+02:00,0.07000000029802322,0.07000000029802322,0.07000000029802322,0.07000000029802322,0,0.0,0.0
2016-04-04 00:00:00+02:00,0.07100000232458115,0.07100000232458115,0.07100000232458115,0.07100000232458115,0,0.0,0.0
2016-04-05 00:00:00+02:00,0.06800000369548798,0.06800000369548798,0.06800000369548798,0.06800000369548798,0,0.0,0.0
2016-04-06 00:00:00+02:00,0.07000000029802322,0.07000000029802322,0.07000000029802322,0.07000000029802322,0,0.0,0.0
2016-04-07 00:00:00+02:00,0.0689999982714653,0.0689999982714653,0.0689999982714653,0.0689999982714653,0,0.0,0.0
2016-04-08 00:00:00+02:00,0.07400000095367432,0.07400000095367432,0.07400000095367432,0.07400000095367432,0,0.0,0.0
2016-04-11 00:00:00+02:00,0.07199999690055847,0.07199999690055847,0.07199999690055847,0.07199999690055847,0,0.0,0.0
2016-04-12 00:00:00+02:00,0.07400000095367432,0.07400000095367432,0.07400000095367432,0.07400000095367432,0,0.0,0.0
2016-04-13 00:00:00+02:00,0.07900000363588333,0.07900000363588333,0.07900000363588333,0.07900000363588333,0,0.0,0.0
2016-04-14 00:00:00+02:00,0.07599999755620956,0.07599999755620956,0.07599999755620956,0.07599999755620956,0,0.0,0.0
2016-04-15 00:00:00+02:00,0.07800000160932541,0.07800000160932541,0.07800000160932541,0.07800000160932541,0,0.0,0.0
2016-04-18 00:00:00+02:00,0.07800000160932541,0.07800000160932541,0.07800000160932541,0.07800000160932541,0,0.0,0.0
2016-04-19 00:00:00+02:00,0.07999999821186066,0.07999999821186066,0.07999999821186066,0.07999999821186066,0,0.0,0.0
2016-04-20 00:00:00+02:00,0.07800000160932541,0.07800000160932541,0.07800000160932541,0.07800000160932541,0,0.0,0.0
2016-04-21 00:00:00+02:00,0.08100000023841858,0.08100000023841858,0.08100000023841858,0.08100000023841858,0,0.0,0.0
2016-04-22 00:00:00+02:00,0.07800000160932541,0.07800000160932541,0.07800000160932541,0.07800000160932541,0,0.0,0.0
2016-04-25 00:00:00+02:00,0.07900000363588333,0.07900000363588333,0.07900000363588333,0.07900000363588333,0,0.0,0.0
2016-04-26 00:00:00+02:00,0.07900000363588333,0.07900000363588333,0.07900000363588333,0.07900000363588333,0,0.0,0.0
2016-04-27 00:00:00+02:00,0.07999999821186066,0.07999999821186066,0.07999999821186066,0.07999999821186066,0,0.0,0.0
2016-04-28 00:00:00+02:00,0.07999999821186066,0.07999999821186066,0.07999999821186066,0.07999999821186066,0,0.0,0.0
2016-04-29 00:00:00+02:00,0.07900000363588333,0.07900000363588333,0.07900000363588333,0.07900000363588333,0,0.0,0.0
2016-05-02 00:00:00+02:00,0.07699999958276749,0.07699999958276749,0.07699999958276749,0.07699999958276749,0,0.0,0.0
2016-05-03 00:00:00+02:00,0.07599999755620956,0.07599999755620956,0.07599999755620956,0.07599999755620956,0,0.0,0.0
2016-05-04 00:00:00+02:00,0.07699999958276749,0.07699999958276749,0.07699999958276749,0.07699999958276749,0,0.0,0.0
2016-05-05 00:00:00+02:00,0.07800000160932541,0.07800000160932541,0.07800000160932541,0.07800000160932541,0,0.0,0.0
2016-05-06 00:00:00+02:00,0.07500000298023224,0.07500000298023224,0.07500000298023224,0.07500000298023224,0,0.0,0.0
2016-05-09 00:00:00+02:00,0.07599999755620956,0.07599999755620956,0.07599999755620956,0.07599999755620956,0,0.0,0.0
2016-05-10 00:00:00+02:00,0.0689999982714653,0.0689999982714653,0.0689999982714653,0.0689999982714653,0,0.0,0.0
2016-05-11 00:00:00+02:00,0.07000000029802322,0.07000000029802322,0.07000000029802322,0.07000000029802322,0,0.0,0.0
2016-05-12 00:00:00+02:00,0.07100000232458115,0.07100000232458115,0.07100000232458115,0.07100000232458115,0,0.0,0.0
2016-05-13 00:00:00+02:00,0.0689999982714653,0.0689999982714653,0.0689999982714653,0.0689999982714653,0,0.0,0.0
2016-05-17 00:00:00+02:00,0.06800000369548798,0.06800000369548798,0.06800000369548798,0.06800000369548798,0,0.0,0.0
2016-05-18 00:00:00+02:00,0.06300000101327896,0.06300000101327896,0.06300000101327896,0.06300000101327896,0,0.0,0.0
2016-05-19 00:00:00+02:00,0.06800000369548798,0.06800000369548798,0.06800000369548798,0.06800000369548798,0,0.0,0.0
2016-05-20 00:00:00+02:00,0.06700000166893005,0.06700000166893005,0.06700000166893005,0.06700000166893005,0,0.0,0.0
2016-05-23 00:00:00+02:00,0.06800000369548798,0.06800000369548798,0.06800000369548798,0.06800000369548798,0,0.0,0.0
2016-05-24 00:00:00+02:00,0.07000000029802322,0.07000000029802322,0.07000000029802322,0.07000000029802322,0,0.0,0.0
2016-05-25 00:00:00+02:00,0.07000000029802322,0.07000000029802322,0.07000000029802322,0.07000000029802322,0,0.0,0.0
2016-05-26 00:00:00+02:00,0.07100000232458115,0.07100000232458115,0.07100000232458115,0.07100000232458115,0,0.0,0.0
2016-05-27 00:00:00+02:00,0.07199999690055847,0.07199999690055847,0.07199999690055847,0.07199999690055847,0,0.0,0.0
2016-05-30 00:00:00+02:00,0.07500000298023224,0.07500000298023224,0.07500000298023224,0.07500000298023224,0,0.0,0.0
2016-05-31 00:00:00+02:00,0.07100000232458115,0.07100000232458115,0.07100000232458115,0.07100000232458115,0,0.0,0.0
2016-06-01 00:00:00+02:00,0.07100000232458115,0.07100000232458115,0.07100000232458115,0.07100000232458115,0,0.0,0.0
2016-06-02 00:00:00+02:00,0.0729999989271164,0.0729999989271164,0.0729999989271164,0.0729999989271164,0,0.0,0.0
2016-06-03 00:00:00+02:00,0.07699999958276749,0.07699999958276749,0.07699999958276749,0.07699999958276749,0,0.0,0.0
2016-06-06 00:00:00+02:00,0.07199999690055847,0.07199999690055847,0.07199999690055847,0.07199999690055847,0,0.0,0.0
2016-06-07 00:00:00+02:00,0.07199999690055847,0.07199999690055847,0.07199999690055847,0.07199999690055847,0,0.0,0.0
2016-06-08 00:00:00+02:00,0.0729999989271164,0.0729999989271164,0.0729999989271164,0.0729999989271164,0,0.0,0.0
2016-06-09 00:00:00+02:00,0.07100000232458115,0.07100000232458115,0.07100000232458115,0.07100000232458115,0,0.0,0.0
2016-06-10 00:00:00+02:00,0.0729999989271164,0.0729999989271164,0.0729999989271164,0.0729999989271164,0,0.0,0.0
2016-06-13 00:00:00+02:00,0.0729999989271164,0.0729999989271164,0.0729999989271164,0.0729999989271164,0,0.0,0.0
2016-06-14 00:00:00+02:00,0.07100000232458115,0.07100000232458115,0.07100000232458115,0.07100000232458115,0,0.0,0.0
2016-06-15 00:00:00+02:00,0.07000000029802322,0.07000000029802322,0.07000000029802322,0.07000000029802322,0,0.0,0.0
2016-06-16 00:00:00+02:00,0.0729999989271164,0.0729999989271164,0.0729999989271164,0.0729999989271164,0,0.0,0.0
2016-06-17 00:00:00+02:00,0.0729999989271164,0.0729999989271164,0.0729999989271164,0.0729999989271164,0,0.0,0.0
2016-06-20 00:00:00+02:00,0.0729999989271164,0.0729999989271164,0.0729999989271164,0.0729999989271164,0,0.0,0.0
2016-06-21 00:00:00+02:00,0.07400000095367432,0.07400000095367432,0.07400000095367432,0.07400000095367432,0,0.0,0.0
2016-06-22 00:00:00+02:00,0.0729999989271164,0.0729999989271164,0.0729999989271164,0.0729999989271164,0,0.0,0.0
2016-06-23 00:00:00+02:00,0.0729999989271164,0.0729999989271164,0.0729999989271164,0.0729999989271164,0,0.0,0.0
2016-06-24 00:00:00+02:00,0.0729999989271164,0.0729999989271164,0.0729999989271164,0.0729999989271164,0,0.0,0.0
2016-06-27 00:00:00+02:00,0.07500000298023224,0.07500000298023224,0.07500000298023224,0.07500000298023224,0,0.0,0.0
2016-06-28 00:00:00+02:00,0.07599999755620956,0.07599999755620956,0.07599999755620956,0.07599999755620956,0,0.0,0.0
2016-06-29 00:00:00+02:00,0.07500000298023224,0.07500000298023224,0.07500000298023224,0.07500000298023224,0,0.0,0.0
2016-06-30 00:00:00+02:00,0.07599999755620956,0.07599999755620956,0.07599999755620956,0.07599999755620956,0,0.0,0.0
2016-07-01 00:00:00+02:00,0.07500000298023224,0.07500000298023224,0.07500000298023224,0.07500000298023224,0,0.0,0.0
2016-07-04 00:00:00+02:00,0.07500000298023224,0.07500000298023224,0.07500000298023224,0.07500000298023224,0,0.0,0.0
2016-07-05 00:00:00+02:00,0.07400000095367432,0.07400000095367432,0.07400000095367432,0.07400000095367432,0,0.0,0.0
2016-07-06 00:00:00+02:00,0.07500000298023224,0.07500000298023224,0.07500000298023224,0.07500000298023224,0,0.0,0.0
2016-07-07 00:00:00+02:00,0.07500000298023224,0.07500000298023224,0.07500000298023224,0.07500000298023224,0,0.0,0.0
2016-07-08 00:00:00+02:00,0.07699999958276749,0.07699999958276749,0.07699999958276749,0.07699999958276749,0,0.0,0.0
2016-07-11 00:00:00+02:00,0.07699999958276749,0.07699999958276749,0.07699999958276749,0.07699999958276749,0,0.0,0.0
2016-07-12 00:00:00+02:00,0.07500000298023224,0.07500000298023224,0.07500000298023224,0.07500000298023224,0,0.0,0.0
2016-07-13 00:00:00+02:00,0.07599999755620956,0.07599999755620956,0.07599999755620956,0.07599999755620956,0,0.0,0.0
2016-07-14 00:00:00+02:00,0.07599999755620956,0.07599999755620956,0.07599999755620956,0.07599999755620956,0,0.0,0.0
2016-07-15 00:00:00+02:00,0.07500000298023224,0.07500000298023224,0.07500000298023224,0.07500000298023224,0,0.0,0.0
2016-07-18 00:00:00+02:00,0.07500000298023224,0.07500000298023224,0.07500000298023224,0.07500000298023224,0,0.0,0.0
2016-07-19 00:00:00+02:00,0.07500000298023224,0.07500000298023224,0.07500000298023224,0.07500000298023224,0,0.0,0.0
2016-07-20 00:00:00+02:00,0.07699999958276749,0.07699999958276749,0.07699999958276749,0.07699999958276749,0,0.0,0.0
2016-07-21 00:00:00+02:00,0.07500000298023224,0.07500000298023224,0.07500000298023224,0.07500000298023224,0,0.0,0.0
2016-07-22 00:00:00+02:00,0.07699999958276749,0.07699999958276749,0.07699999958276749,0.07699999958276749,0,0.0,0.0
2016-07-25 00:00:00+02:00,0.07599999755620956,0.07599999755620956,0.07599999755620956,0.07599999755620956,0,0.0,0.0
2016-07-26 00:00:00+02:00,0.07800000160932541,0.07800000160932541,0.07800000160932541,0.07800000160932541,0,0.0,0.0
2016-07-27 00:00:00+02:00,0.07800000160932541,0.07800000160932541,0.07800000160932541,0.07800000160932541,0,0.0,0.0
2016-07-28 00:00:00+02:00,0.07900000363588333,0.07900000363588333,0.07900000363588333,0.07900000363588333,0,0.0,0.0
2016-07-29 00:00:00+02:00,0.07699999958276749,0.07699999958276749,0.07699999958276749,0.07699999958276749,0,0.0,0.0
2016-08-01 00:00:00+02:00,0.07599999755620956,0.07599999755620956,0.07599999755620956,0.07599999755620956,0,0.0,0.0
2016-08-02 00:00:00+02:00,0.07999999821186066,0.07999999821186066,0.07999999821186066,0.07999999821186066,0,0.0,0.0
2016-08-03 00:00:00+02:00,0.0729999989271164,0.0729999989271164,0.0729999989271164,0.0729999989271164,0,0.0,0.0
2016-08-04 00:00:00+02:00,0.07599999755620956,0.07599999755620956,0.07599999755620956,0.07599999755620956,0,0.0,0.0
2016-08-05 00:00:00+02:00,0.07500000298023224,0.07500000298023224,0.07500000298023224,0.07500000298023224,0,0.0,0.0
2016-08-08 00:00:00+02:00,0.07500000298023224,0.07500000298023224,0.07500000298023224,0.07500000298023224,0,0.0,0.0
2016-08-09 00:00:00+02:00,0.07500000298023224,0.07500000298023224,0.07500000298023224,0.07500000298023224,0,0.0,0.0
2016-08-10 00:00:00+02:00,0.07199999690055847,0.07199999690055847,0.07199999690055847,0.07199999690055847,0,0.0,0.0
2016-08-11 00:00:00+02:00,0.07000000029802322,0.07000000029802322,0.07000000029802322,0.07000000029802322,0,0.0,0.0
2016-08-12 00:00:00+02:00,0.07100000232458115,0.07100000232458115,0.07100000232458115,0.07100000232458115,0,0.0,0.0
2016-08-15 00:00:00+02:00,0.07100000232458115,0.07100000232458115,0.07100000232458115,0.07100000232458115,0,0.0,0.0
2016-08-16 00:00:00+02:00,0.0689999982714653,0.0689999982714653,0.0689999982714653,0.0689999982714653,0,0.0,0.0
2016-08-17 00:00:00+02:00,0.06800000369548798,0.06800000369548798,0.06800000369548798,0.06800000369548798,0,0.0,0.0
2016-08-18 00:00:00+02:00,0.06800000369548798,0.06800000369548798,0.06800000369548798,0.06800000369548798,0,0.0,0.0
2016-08-19 00:00:00+02:00,0.06700000166893005,0.06700000166893005,0.06700000166893005,0.06700000166893005,0,0.0,0.0
2016-08-22 00:00:00+02:00,0.0689999982714653,0.0689999982714653,0.0689999982714653,0.0689999982714653,0,0.0,0.0
2016-08-23 00:00:00+02:00,0.06700000166893005,0.06700000166893005,0.06700000166893005,0.06700000166893005,0,0.0,0.0
2016-08-24 00:00:00+02:00,0.06700000166893005,0.06700000166893005,0.06700000166893005,0.06700000166893005,0,0.0,0.0
2016-08-25 00:00:00+02:00,0.06499999761581421,0.06499999761581421,0.06499999761581421,0.06499999761581421,0,0.0,0.0
2016-08-26 00:00:00+02:00,0.06599999964237213,0.06599999964237213,0.06599999964237213,0.06599999964237213,0,0.0,0.0
2016-08-29 00:00:00+02:00,0.0689999982714653,0.0689999982714653,0.0689999982714653,0.0689999982714653,0,0.0,0.0
2016-08-30 00:00:00+02:00,0.06700000166893005,0.06700000166893005,0.06700000166893005,0.06700000166893005,0,0.0,0.0
2016-08-31 00:00:00+02:00,0.06400000303983688,0.06400000303983688,0.06400000303983688,0.06400000303983688,0,0.0,0.0
2016-09-01 00:00:00+02:00,0.06300000101327896,0.06300000101327896,0.06300000101327896,0.06300000101327896,0,0.0,0.0
2016-09-02 00:00:00+02:00,0.06599999964237213,0.06599999964237213,0.06599999964237213,0.06599999964237213,0,0.0,0.0
2016-09-05 00:00:00+02:00,0.06499999761581421,0.06499999761581421,0.06499999761581421,0.06499999761581421,0,0.0,0.0
2016-09-06 00:00:00+02:00,0.06499999761581421,0.06499999761581421,0.06499999761581421,0.06499999761581421,0,0.0,0.0
2016-09-07 00:00:00+02:00,0.06499999761581421,0.06499999761581421,0.06499999761581421,0.06499999761581421,0,0.0,0.0
2016-09-08 00:00:00+02:00,0.06400000303983688,0.06400000303983688,0.06400000303983688,0.06400000303983688,0,0.0,0.0
2016-09-09 00:00:00+02:00,0.06499999761581421,0.06499999761581421,0.06499999761581421,0.06499999761581421,0,0.0,0.0
2016-09-12 00:00:00+02:00,0.06400000303983688,0.06400000303983688,0.06400000303983688,0.06400000303983688,0,0.0,0.0
2016-09-13 00:00:00+02:00,0.06300000101327896,0.06300000101327896,0.06300000101327896,0.06300000101327896,0,0.0,0.0
2016-09-14 00:00:00+02:00,0.061000000685453415,0.061000000685453415,0.061000000685453415,0.061000000685453415,0,0.0,0.0
2016-09-15 00:00:00+02:00,0.06199999898672104,0.06199999898672104,0.06199999898672104,0.06199999898672104,0,0.0,0.0
2016-09-16 00:00:00+02:00,0.06400000303983688,0.06400000303983688,0.06400000303983688,0.06400000303983688,0,0.0,0.0
2016-09-19 00:00:00+02:00,0.06499999761581421,0.06499999761581421,0.06499999761581421,0.06499999761581421,0,0.0,0.0
2016-09-20 00:00:00+02:00,0.06499999761581421,0.06499999761581421,0.06499999761581421,0.06499999761581421,0,0.0,0.0
2016-09-21 00:00:00+02:00,0.0689999982714653,0.0689999982714653,0.0689999982714653,0.0689999982714653,0,0.0,0.0
2016-09-22 00:00:00+02:00,0.06599999964237213,0.06599999964237213,0.06599999964237213,0.06599999964237213,0,0.0,0.0
2016-09-23 00:00:00+02:00,0.06800000369548798,0.06800000369548798,0.06800000369548798,0.06800000369548798,0,0.0,0.0
2016-09-26 00:00:00+02:00,0.06599999964237213,0.06599999964237213,0.06599999964237213,0.06599999964237213,0,0.0,0.0
2016-09-27 00:00:00+02:00,0.06400000303983688,0.06400000303983688,0.06400000303983688,0.06400000303983688,0,0.0,0.0
2016-09-28 00:00:00+02:00,0.06400000303983688,0.06400000303983688,0.06400000303983688,0.06400000303983688,0,0.0,0.0
2016-09-29 00:00:00+02:00,0.06400000303983688,0.06400000303983688,0.06400000303983688,0.06400000303983688,0,0.0,0.0
2016-09-30 00:00:00+02:00,0.06599999964237213,0.06599999964237213,0.06599999964237213,0.06599999964237213,0,0.0,0.0
2016-10-04 00:00:00+02:00,0.06499999761581421,0.06499999761581421,0.06499999761581421,0.06499999761581421,0,0.0,0.0
2016-10-05 00:00:00+02:00,0.06300000101327896,0.06300000101327896,0.06300000101327896,0.06300000101327896,0,0.0,0.0
2016-10-06 00:00:00+02:00,0.06700000166893005,0.06700000166893005,0.06700000166893005,0.06700000166893005,0,0.0,0.0
2016-10-07 00:00:00+02:00,0.06499999761581421,0.06499999761581421,0.06400000303983688,0.06400000303983688,0,0.0,0.0
2016-10-10 00:00:00+02:00,0.06300000101327896,0.06300000101327896,0.06300000101327896,0.06300000101327896,0,0.0,0.0
2016-10-11 00:00:00+02:00,0.06700000166893005,0.06700000166893005,0.06700000166893005,0.06700000166893005,0,0.0,0.0
2016-10-12 00:00:00+02:00,0.06599999964237213,0.06599999964237213,0.06599999964237213,0.06599999964237213,0,0.0,0.0
2016-10-13 00:00:00+02:00,0.06300000101327896,0.06300000101327896,0.06300000101327896,0.06300000101327896,0,0.0,0.0
2016-10-14 00:00:00+02:00,0.06300000101327896,0.06300000101327896,0.06300000101327896,0.06300000101327896,0,0.0,0.0
2016-10-17 00:00:00+02:00,0.06599999964237213,0.06599999964237213,0.06599999964237213,0.06599999964237213,0,0.0,0.0
2016-10-18 00:00:00+02:00,0.06599999964237213,0.06599999964237213,0.06599999964237213,0.06599999964237213,0,0.0,0.0
2016-10-19 00:00:00+02:00,0.0689999982714653,0.0689999982714653,0.0689999982714653,0.0689999982714653,0,0.0,0.0
2016-10-20 00:00:00+02:00,0.06700000166893005,0.06700000166893005,0.06700000166893005,0.06700000166893005,0,0.0,0.0
2016-10-21 00:00:00+02:00,0.07500000298023224,0.07500000298023224,0.07500000298023224,0.07500000298023224,0,0.0,0.0
2016-10-24 00:00:00+02:00,0.06700000166893005,0.06700000166893005,0.06700000166893005,0.06700000166893005,0,0.0,0.0
2016-10-25 00:00:00+02:00,0.0689999982714653,0.0689999982714653,0.0689999982714653,0.0689999982714653,0,0.0,0.0
2016-10-26 00:00:00+02:00,0.0689999982714653,0.0689999982714653,0.0689999982714653,0.0689999982714653,0,0.0,0.0
2016-10-27 00:00:00+02:00,0.06599999964237213,0.06599999964237213,0.06599999964237213,0.06599999964237213,0,0.0,0.0
2016-10-28 00:00:00+02:00,0.06800000369548798,0.06800000369548798,0.06800000369548798,0.06800000369548798,0,0.0,0.0
2016-10-31 00:00:00+01:00,0.06499999761581421,0.06499999761581421,0.06499999761581421,0.06499999761581421,0,0.0,0.0
2016-11-01 00:00:00+01:00,0.06700000166893005,0.06700000166893005,0.06700000166893005,0.06700000166893005,0,0.0,0.0
2016-11-02 00:00:00+01:00,0.06700000166893005,0.06700000166893005,0.06700000166893005,0.06700000166893005,0,0.0,0.0
2016-11-03 00:00:00+01:00,0.06599999964237213,0.06599999964237213,0.06599999964237213,0.06599999964237213,0,0.0,0.0
2016-11-04 00:00:00+01:00,0.06700000166893005,0.06700000166893005,0.06700000166893005,0.06700000166893005,0,0.0,0.0
2016-11-07 00:00:00+01:00,0.06499999761581421,0.06499999761581421,0.06499999761581421,0.06499999761581421,0,0.0,0.0
2016-11-08 00:00:00+01:00,0.06300000101327896,0.06300000101327896,0.06300000101327896,0.06300000101327896,0,0.0,0.0
2016-11-09 00:00:00+01:00,0.06199999898672104,0.06199999898672104,0.06199999898672104,0.06199999898672104,0,0.0,0.0
2016-11-10 00:00:00+01:00,0.06599999964237213,0.06599999964237213,0.06599999964237213,0.06599999964237213,0,0.0,0.0
2016-11-11 00:00:00+01:00,0.06599999964237213,0.06599999964237213,0.06599999964237213,0.06599999964237213,0,0.0,0.0
2016-11-14 00:00:00+01:00,0.06700000166893005,0.06700000166893005,0.06700000166893005,0.06700000166893005,0,0.0,0.0
2016-11-15 00:00:00+01:00,0.06700000166893005,0.06700000166893005,0.06700000166893005,0.06700000166893005,0,0.0,0.0
2016-11-16 00:00:00+01:00,0.0689999982714653,0.0689999982714653,0.0689999982714653,0.0689999982714653,0,0.0,0.0
2016-11-17 00:00:00+01:00,0.07100000232458115,0.07100000232458115,0.07100000232458115,0.07100000232458115,0,0.0,0.0
2016-11-18 00:00:00+01:00,0.07000000029802322,0.07000000029802322,0.07000000029802322,0.07000000029802322,0,0.0,0.0
2016-11-21 00:00:00+01:00,0.07199999690055847,0.07199999690055847,0.07199999690055847,0.07199999690055847,0,0.0,0.0
2016-11-22 00:00:00+01:00,0.07199999690055847,0.07199999690055847,0.07199999690055847,0.07199999690055847,0,0.0,0.0
2016-11-23 00:00:00+01:00,0.0729999989271164,0.0729999989271164,0.0729999989271164,0.0729999989271164,0,0.0,0.0
2016-11-24 00:00:00+01:00,0.07199999690055847,0.07199999690055847,0.07199999690055847,0.07199999690055847,0,0.0,0.0
2016-11-25 00:00:00+01:00,0.07100000232458115,0.07100000232458115,0.07100000232458115,0.07100000232458115,0,0.0,0.0
2016-11-28 00:00:00+01:00,0.06800000369548798,0.06800000369548798,0.06800000369548798,0.06800000369548798,0,0.0,0.0
2016-11-29 00:00:00+01:00,0.06700000166893005,0.06700000166893005,0.06700000166893005,0.06700000166893005,0,0.0,0.0
2016-11-30 00:00:00+01:00,0.06800000369548798,0.06800000369548798,0.06800000369548798,0.06800000369548798,0,0.0,0.0
2016-12-01 00:00:00+01:00,0.07000000029802322,0.07000000029802322,0.07000000029802322,0.07000000029802322,0,0.0,0.0
2016-12-02 00:00:00+01:00,0.0689999982714653,0.0689999982714653,0.0689999982714653,0.0689999982714653,0,0.0,0.0
2016-12-05 00:00:00+01:00,0.07000000029802322,0.07000000029802322,0.07000000029802322,0.07000000029802322,0,0.0,0.0
2016-12-06 00:00:00+01:00,0.06700000166893005,0.06700000166893005,0.06700000166893005,0.06700000166893005,0,0.0,0.0
2016-12-07 00:00:00+01:00,0.06800000369548798,0.06800000369548798,0.06800000369548798,0.06800000369548798,0,0.0,0.0
2016-12-08 00:00:00+01:00,0.06700000166893005,0.06700000166893005,0.06700000166893005,0.06700000166893005,0,0.0,0.0
2016-12-09 00:00:00+01:00,0.06599999964237213,0.06599999964237213,0.06599999964237213,0.06599999964237213,0,0.0,0.0
2016-12-12 00:00:00+01:00,0.06800000369548798,0.06800000369548798,0.06800000369548798,0.06800000369548798,0,0.0,0.0
2016-12-13 00:00:00+01:00,0.06700000166893005,0.06700000166893005,0.06700000166893005,0.06700000166893005,0,0.0,0.0
2016-12-14 00:00:00+01:00,0.06700000166893005,0.06700000166893005,0.06700000166893005,0.06700000166893005,0,0.0,0.0
2016-12-15 00:00:00+01:00,0.06800000369548798,0.06800000369548798,0.06800000369548798,0.06800000369548798,0,0.0,0.0
2016-12-16 00:00:00+01:00,0.06800000369548798,0.06800000369548798,0.06800000369548798,0.06800000369548798,0,0.0,0.0
2016-12-19 00:00:00+01:00,0.06800000369548798,0.06800000369548798,0.06800000369548798,0.06800000369548798,0,0.0,0.0
2016-12-20 00:00:00+01:00,0.0689999982714653,0.0689999982714653,0.0689999982714653,0.0689999982714653,0,0.0,0.0
2016-12-21 00:00:00+01:00,0.06599999964237213,0.06599999964237213,0.06599999964237213,0.06599999964237213,0,0.0,0.0
2016-12-22 00:00:00+01:00,0.06800000369548798,0.06800000369548798,0.06800000369548798,0.06800000369548798,0,0.0,0.0
2016-12-23 00:00:00+01:00,0.06800000369548798,0.06800000369548798,0.06800000369548798,0.06800000369548798,0,0.0,0.0
2016-12-27 00:00:00+01:00,0.06700000166893005,0.06700000166893005,0.06700000166893005,0.06700000166893005,0,0.0,0.0
2016-12-28 00:00:00+01:00,0.06599999964237213,0.06599999964237213,0.06599999964237213,0.06599999964237213,0,0.0,0.0
2016-12-29 00:00:00+01:00,0.0689999982714653,0.0689999982714653,0.0689999982714653,0.0689999982714653,0,0.0,0.0
2016-12-30 00:00:00+01:00,0.06800000369548798,0.06800000369548798,0.06800000369548798,0.06800000369548798,0,0.0,0.0
2017-01-02 00:00:00+01:00,0.06800000369548798,0.06800000369548798,0.06800000369548798,0.06800000369548798,0,0.0,0.0
2017-01-03 00:00:00+01:00,0.0689999982714653,0.0689999982714653,0.0689999982714653,0.0689999982714653,0,0.0,0.0
2017-01-04 00:00:00+01:00,0.06800000369548798,0.06800000369548798,0.06800000369548798,0.06800000369548798,0,0.0,0.0
2017-01-05 00:00:00+01:00,0.06700000166893005,0.06700000166893005,0.06700000166893005,0.06700000166893005,0,0.0,0.0
2017-01-06 00:00:00+01:00,0.06599999964237213,0.06599999964237213,0.06599999964237213,0.06599999964237213,0,0.0,0.0
2017-01-09 00:00:00+01:00,0.06599999964237213,0.06599999964237213,0.06599999964237213,0.06599999964237213,7250,0.0,0.0
2017-01-10 00:00:00+01:00,0.06499999761581421,0.06499999761581421,0.06499999761581421,0.06499999761581421,0,0.0,0.0
2017-01-11 00:00:00+01:00,0.06700000166893005,0.06700000166893005,0.06700000166893005,0.06700000166893005,0,0.0,0.0
2017-01-12 00:00:00+01:00,0.06599999964237213,0.06599999964237213,0.06599999964237213,0.06599999964237213,0,0.0,0.0
2017-01-13 00:00:00+01:00,0.06599999964237213,0.06599999964237213,0.06599999964237213,0.06599999964237213,0,0.0,0.0
2017-01-16 00:00:00+01:00,0.06599999964237213,0.06599999964237213,0.06599999964237213,0.06599999964237213,0,0.0,0.0
2017-01-17 00:00:00+01:00,0.06499999761581421,0.06499999761581421,0.06499999761581421,0.06499999761581421,0,0.0,0.0
2017-01-18 00:00:00+01:00,0.06700000166893005,0.06700000166893005,0.06700000166893005,0.06700000166893005,0,0.0,0.0
2017-01-19 00:00:00+01:00,0.06800000369548798,0.06800000369548798,0.06800000369548798,0.06800000369548798,0,0.0,0.0
2017-01-20 00:00:00+01:00,0.06700000166893005,0.06700000166893005,0.06700000166893005,0.06700000166893005,0,0.0,0.0
2017-01-23 00:00:00+01:00,0.06700000166893005,0.06700000166893005,0.06700000166893005,0.06700000166893005,0,0.0,0.0
2017-01-24 00:00:00+01:00,0.06400000303983688,0.06400000303983688,0.06400000303983688,0.06400000303983688,0,0.0,0.0
2017-01-25 00:00:00+01:00,0.06300000101327896,0.06300000101327896,0.06300000101327896,0.06300000101327896,0,0.0,0.0
2017-01-26 00:00:00+01:00,0.06400000303983688,0.06400000303983688,0.06400000303983688,0.06400000303983688,0,0.0,0.0
2017-01-27 00:00:00+01:00,0.06400000303983688,0.06400000303983688,0.06400000303983688,0.06400000303983688,0,0.0,0.0
2017-01-30 00:00:00+01:00,0.06400000303983688,0.06400000303983688,0.06400000303983688,0.06400000303983688,0,0.0,0.0
2017-01-31 00:00:00+01:00,0.06400000303983688,0.06400000303983688,0.06400000303983688,0.06400000303983688,0,0.0,0.0
2017-02-01 00:00:00+01:00,0.06300000101327896,0.06300000101327896,0.06300000101327896,0.06300000101327896,0,0.0,0.0
2017-02-02 00:00:00+01:00,0.06300000101327896,0.06300000101327896,0.06300000101327896,0.06300000101327896,0,0.0,0.0
2017-02-03 00:00:00+01:00,0.06300000101327896,0.06300000101327896,0.06300000101327896,0.06300000101327896,0,0.0,0.0
2017-02-06 00:00:00+01:00,0.06300000101327896,0.06300000101327896,0.06300000101327896,0.06300000101327896,0,0.0,0.0
2017-02-07 00:00:00+01:00,0.06400000303983688,0.06400000303983688,0.06400000303983688,0.06400000303983688,0,0.0,0.0
2017-02-08 00:00:00+01:00,0.06199999898672104,0.06199999898672104,0.06199999898672104,0.06199999898672104,0,0.0,0.0
2017-02-09 00:00:00+01:00,0.06400000303983688,0.06400000303983688,0.06400000303983688,0.06400000303983688,0,0.0,0.0
2017-02-10 00:00:00+01:00,0.06400000303983688,0.06400000303983688,0.06400000303983688,0.06400000303983688,0,0.0,0.0
2017-02-13 00:00:00+01:00,0.06499999761581421,0.06499999761581421,0.06499999761581421,0.06499999761581421,0,0.0,0.0
2017-02-14 00:00:00+01:00,0.06499999761581421,0.06499999761581421,0.06499999761581421,0.06499999761581421,0,0.0,0.0
2017-02-15 00:00:00+01:00,0.06800000369548798,0.06800000369548798,0.06800000369548798,0.06800000369548798,0,0.0,0.0
2017-02-16 00:00:00+01:00,0.06700000166893005,0.06700000166893005,0.06700000166893005,0.06700000166893005,0,0.0,0.0
2017-02-17 00:00:00+01:00,0.06700000166893005,0.06700000166893005,0.06700000166893005,0.06700000166893005,0,0.0,0.0
2017-02-20 00:00:00+01:00,0.06499999761581421,0.06499999761581421,0.06499999761581421,0.06499999761581421,0,0.0,0.0
2017-02-21 00:00:00+01:00,0.06599999964237213,0.06599999964237213,0.06599999964237213,0.06599999964237213,0,0.0,0.0
2017-02-22 00:00:00+01:00,0.06599999964237213,0.06599999964237213,0.06599999964237213,0.06599999964237213,0,0.0,0.0
2017-02-23 00:00:00+01:00,0.06499999761581421,0.06499999761581421,0.06499999761581421,0.06499999761581421,0,0.0,0.0
2017-02-24 00:00:00+01:00,0.06300000101327896,0.06300000101327896,0.06300000101327896,0.06300000101327896,0,0.0,0.0
2017-02-27 00:00:00+01:00,0.06400000303983688,0.06400000303983688,0.06400000303983688,0.06400000303983688,0,0.0,0.0
2017-02-28 00:00:00+01:00,0.06499999761581421,0.06499999761581421,0.06499999761581421,0.06499999761581421,0,0.0,0.0
2017-03-01 00:00:00+01:00,0.06300000101327896,0.06300000101327896,0.06300000101327896,0.06300000101327896,0,0.0,0.0
2017-03-02 00:00:00+01:00,0.06499999761581421,0.06499999761581421,0.06499999761581421,0.06499999761581421,0,0.0,0.0
2017-03-03 00:00:00+01:00,0.06599999964237213,0.06599999964237213,0.06599999964237213,0.06599999964237213,0,0.0,0.0
2017-03-06 00:00:00+01:00,0.06400000303983688,0.06400000303983688,0.06400000303983688,0.06400000303983688,0,0.0,0.0
2017-03-07 00:00:00+01:00,0.06400000303983688,0.06400000303983688,0.06400000303983688,0.06400000303983688,0,0.0,0.0
2017-03-08 00:00:00+01:00,0.06499999761581421,0.06499999761581421,0.06499999761581421,0.06499999761581421,0,0.0,0.0
2017-03-09 00:00:00+01:00,0.06400000303983688,0.06400000303983688,0.06400000303983688,0.06400000303983688,0,0.0,0.0
2017-03-10 00:00:00+01:00,0.06400000303983688,0.06400000303983688,0.06400000303983688,0.06400000303983688,0,0.0,0.0
2017-03-13 00:00:00+01:00,0.06300000101327896,0.06300000101327896,0.06300000101327896,0.06300000101327896,0,0.0,0.0
2017-03-14 00:00:00+01:00,0.06400000303983688,0.06400000303983688,0.06400000303983688,0.06400000303983688,0,0.0,0.0
2017-03-15 00:00:00+01:00,0.06300000101327896,0.06300000101327896,0.06300000101327896,0.06300000101327896,0,0.0,0.0
2017-03-16 00:00:00+01:00,0.06300000101327896,0.06300000101327896,0.06300000101327896,0.06300000101327896,0,0.0,0.0
2017-03-17 00:00:00+01:00,0.06300000101327896,0.06300000101327896,0.06300000101327896,0.06300000101327896,0,0.0,0.0
2017-03-20 00:00:00+01:00,0.06400000303983688,0.06400000303983688,0.06400000303983688,0.06400000303983688,0,0.0,0.0
2017-03-21 00:00:00+01:00,0.06300000101327896,0.06300000101327896,0.06300000101327896,0.06300000101327896,0,0.0,0.0
2017-03-22 00:00:00+01:00,0.06599999964237213,0.06599999964237213,0.06599999964237213,0.06599999964237213,0,0.0,0.0
2017-03-23 00:00:00+01:00,0.0689999982714653,0.0689999982714653,0.0689999982714653,0.0689999982714653,0,0.0,0.0
2017-03-24 00:00:00+01:00,0.06499999761581421,0.06499999761581421,0.06499999761581421,0.06499999761581421,0,0.0,0.0
2017-03-27 00:00:00+02:00,0.06300000101327896,0.06300000101327896,0.06300000101327896,0.06300000101327896,0,0.0,0.0
2017-03-28 00:00:00+02:00,0.06300000101327896,0.06300000101327896,0.06300000101327896,0.06300000101327896,0,0.0,0.0
2017-03-29 00:00:00+02:00,0.06199999898672104,0.06199999898672104,0.06199999898672104,0.06199999898672104,0,0.0,0.0
2017-03-30 00:00:00+02:00,0.06300000101327896,0.06300000101327896,0.06300000101327896,0.06300000101327896,0,0.0,0.0
2017-03-31 00:00:00+02:00,0.06199999898672104,0.06199999898672104,0.06199999898672104,0.06199999898672104,0,0.0,0.0
2017-04-03 00:00:00+02:00,0.06199999898672104,0.06199999898672104,0.06199999898672104,0.06199999898672104,0,0.0,0.0
2017-04-04 00:00:00+02:00,0.06199999898672104,0.06199999898672104,0.06199999898672104,0.06199999898672104,0,0.0,0.0
2017-04-05 00:00:00+02:00,0.06499999761581421,0.06499999761581421,0.06499999761581421,0.06499999761581421,0,0.0,0.0
2017-04-06 00:00:00+02:00,0.06499999761581421,0.06499999761581421,0.06499999761581421,0.06499999761581421,0,0.0,0.0
2017-04-07 00:00:00+02:00,0.06599999964237213,0.06599999964237213,0.06599999964237213,0.06599999964237213,0,0.0,0.0
2017-04-10 00:00:00+02:00,0.06700000166893005,0.06700000166893005,0.06700000166893005,0.06700000166893005,0,0.0,0.0
2017-04-11 00:00:00+02:00,0.06800000369548798,0.06800000369548798,0.06800000369548798,0.06800000369548798,0,0.0,0.0
2017-04-12 00:00:00+02:00,0.06700000166893005,0.06700000166893005,0.06700000166893005,0.06700000166893005,0,0.0,0.0
2017-04-13 00:00:00+02:00,0.06599999964237213,0.06599999964237213,0.06599999964237213,0.06599999964237213,0,0.0,0.0
2017-04-18 00:00:00+02:00,0.06400000303983688,0.06400000303983688,0.06400000303983688,0.06400000303983688,0,0.0,0.0
2017-04-19 00:00:00+02:00,0.06199999898672104,0.06199999898672104,0.06199999898672104,0.06199999898672104,0,0.0,0.0
2017-04-20 00:00:00+02:00,0.06300000101327896,0.06300000101327896,0.06300000101327896,0.06300000101327896,0,0.0,0.0
2017-04-21 00:00:00+02:00,0.06300000101327896,0.06300000101327896,0.06300000101327896,0.06300000101327896,0,0.0,0.0
2017-04-24 00:00:00+02:00,0.06300000101327896,0.06300000101327896,0.06300000101327896,0.06300000101327896,0,0.0,0.0
2017-04-25 00:00:00+02:00,0.06300000101327896,0.06300000101327896,0.06300000101327896,0.06300000101327896,0,0.0,0.0
2017-04-26 00:00:00+02:00,0.061000000685453415,0.061000000685453415,0.061000000685453415,0.061000000685453415,0,0.0,0.0
2017-04-27 00:00:00+02:00,0.06300000101327896,0.06300000101327896,0.06300000101327896,0.06300000101327896,0,0.0,0.0
2017-04-28 00:00:00+02:00,0.06499999761581421,0.06499999761581421,0.06499999761581421,0.06499999761581421,0,0.0,0.0
2017-05-02 00:00:00+02:00,0.06199999898672104,0.06199999898672104,0.06199999898672104,0.06199999898672104,0,0.0,0.0
2017-05-03 00:00:00+02:00,0.06199999898672104,0.06199999898672104,0.06199999898672104,0.06199999898672104,0,0.0,0.0
2017-05-04 00:00:00+02:00,0.06499999761581421,0.06499999761581421,0.06499999761581421,0.06499999761581421,0,0.0,0.0
2017-05-05 00:00:00+02:00,0.06199999898672104,0.06199999898672104,0.06199999898672104,0.06199999898672104,0,0.0,0.0
2017-05-08 00:00:00+02:00,0.06199999898672104,0.06199999898672104,0.06199999898672104,0.06199999898672104,0,0.0,0.0
2017-05-09 00:00:00+02:00,0.061000000685453415,0.061000000685453415,0.061000000685453415,0.061000000685453415,0,0.0,0.0
2017-05-10 00:00:00+02:00,0.06300000101327896,0.06300000101327896,0.06300000101327896,0.06300000101327896,0,0.0,0.0
2017-05-11 00:00:00+02:00,0.06199999898672104,0.06199999898672104,0.06199999898672104,0.06199999898672104,0,0.0,0.0
2017-05-12 00:00:00+02:00,0.06199999898672104,0.06199999898672104,0.06199999898672104,0.06199999898672104,0,0.0,0.0
2017-05-15 00:00:00+02:00,0.06300000101327896,0.06300000101327896,0.06300000101327896,0.06300000101327896,0,0.0,0.0
2017-05-16 00:00:00+02:00,0.06300000101327896,0.06300000101327896,0.06300000101327896,0.06300000101327896,0,0.0,0.0
2017-05-17 00:00:00+02:00,0.061000000685453415,0.061000000685453415,0.061000000685453415,0.061000000685453415,0,0.0,0.0
2017-05-18 00:00:00+02:00,0.05999999865889549,0.05999999865889549,0.05999999865889549,0.05999999865889549,0,0.0,0.0
2017-05-19 00:00:00+02:00,0.05999999865889549,0.05999999865889549,0.05999999865889549,0.05999999865889549,0,0.0,0.0
2017-05-22 00:00:00+02:00,0.05900000035762787,0.05900000035762787,0.05900000035762787,0.05900000035762787,0,0.0,0.0
2017-05-23 00:00:00+02:00,0.05900000035762787,0.05900000035762787,0.05900000035762787,0.05900000035762787,0,0.0,0.0
2017-05-24 00:00:00+02:00,0.05900000035762787,0.05900000035762787,0.05900000035762787,0.05900000035762787,0,0.0,0.0
2017-05-25 00:00:00+02:00,0.05900000035762787,0.05900000035762787,0.05900000035762787,0.05900000035762787,0,0.0,0.0
2017-05-26 00:00:00+02:00,0.05900000035762787,0.05900000035762787,0.05900000035762787,0.05900000035762787,0,0.0,0.0
2017-05-29 00:00:00+02:00,0.05999999865889549,0.05999999865889549,0.05999999865889549,0.05999999865889549,0,0.0,0.0
2017-05-30 00:00:00+02:00,0.05999999865889549,0.05999999865889549,0.05999999865889549,0.05999999865889549,0,0.0,0.0
2017-05-31 00:00:00+02:00,0.05900000035762787,0.05900000035762787,0.05900000035762787,0.05900000035762787,0,0.0,0.0
2017-06-01 00:00:00+02:00,0.05900000035762787,0.05900000035762787,0.05900000035762787,0.05900000035762787,0,0.0,0.0
2017-06-02 00:00:00+02:00,0.05999999865889549,0.05999999865889549,0.05999999865889549,0.05999999865889549,0,0.0,0.0
2017-06-05 00:00:00+02:00,0.05999999865889549,0.05999999865889549,0.05999999865889549,0.05999999865889549,0,0.0,0.0
2017-06-06 00:00:00+02:00,0.05999999865889549,0.05999999865889549,0.05999999865889549,0.05999999865889549,0,0.0,0.0
2017-06-07 00:00:00+02:00,0.05999999865889549,0.05999999865889549,0.05999999865889549,0.05999999865889549,0,0.0,0.0
2017-06-08 00:00:00+02:00,0.05999999865889549,0.05999999865889549,0.05999999865889549,0.05999999865889549,0,0.0,0.0
2017-06-09 00:00:00+02:00,0.05999999865889549,0.05999999865889549,0.05999999865889549,0.05999999865889549,0,0.0,0.0
2017-06-12 00:00:00+02:00,0.05999999865889549,0.05999999865889549,0.05999999865889549,0.05999999865889549,0,0.0,0.0
2017-06-13 00:00:00+02:00,0.057999998331069946,0.057999998331069946,0.057999998331069946,0.057999998331069946,0,0.0,0.0
2017-06-14 00:00:00+02:00,0.057999998331069946,0.057999998331069946,0.057999998331069946,0.057999998331069946,0,0.0,0.0
2017-06-15 00:00:00+02:00,0.057999998331069946,0.057999998331069946,0.057999998331069946,0.057999998331069946,0,0.0,0.0
2017-06-16 00:00:00+02:00,0.05900000035762787,0.05900000035762787,0.05900000035762787,0.05900000035762787,0,0.0,0.0
2017-06-19 00:00:00+02:00,0.057999998331069946,0.057999998331069946,0.057999998331069946,0.057999998331069946,0,0.0,0.0
2017-06-20 00:00:00+02:00,0.05700000002980232,0.05700000002980232,0.05700000002980232,0.05700000002980232,0,0.0,0.0
2017-06-21 00:00:00+02:00,0.057999998331069946,0.057999998331069946,0.057999998331069946,0.057999998331069946,0,0.0,0.0
2017-06-22 00:00:00+02:00,0.05900000035762787,0.05900000035762787,0.05900000035762787,0.05900000035762787,0,0.0,0.0
2017-06-23 00:00:00+02:00,0.05700000002980232,0.05700000002980232,0.05700000002980232,0.05700000002980232,0,0.0,0.0
2017-06-26 00:00:00+02:00,0.05700000002980232,0.05700000002980232,0.05700000002980232,0.05700000002980232,0,0.0,0.0
2017-06-27 00:00:00+02:00,0.05700000002980232,0.05700000002980232,0.05700000002980232,0.05700000002980232,0,0.0,0.0
2017-06-28 00:00:00+02:00,0.05400000140070915,0.05400000140070915,0.05400000140070915,0.05400000140070915,0,0.0,0.0
2017-06-29 00:00:00+02:00,0.05400000140070915,0.05400000140070915,0.05400000140070915,0.05400000140070915,0,0.0,0.0
2017-06-30 00:00:00+02:00,0.054999999701976776,0.054999999701976776,0.054999999701976776,0.054999999701976776,0,0.0,0.0
2017-07-03 00:00:00+02:00,0.05400000140070915,0.05400000140070915,0.05400000140070915,0.05400000140070915,0,0.0,0.0
2017-07-04 00:00:00+02:00,0.054999999701976776,0.054999999701976776,0.054999999701976776,0.054999999701976776,0,0.0,0.0
2017-07-05 00:00:00+02:00,0.054999999701976776,0.054999999701976776,0.054999999701976776,0.054999999701976776,0,0.0,0.0
2017-07-06 00:00:00+02:00,0.054999999701976776,0.054999999701976776,0.054999999701976776,0.054999999701976776,0,0.0,0.0
2017-07-07 00:00:00+02:00,0.054999999701976776,0.054999999701976776,0.054999999701976776,0.054999999701976776,0,0.0,0.0
2017-07-10 00:00:00+02:00,0.054999999701976776,0.054999999701976776,0.054999999701976776,0.054999999701976776,0,0.0,0.0
2017-07-11 00:00:00+02:00,0.054999999701976776,0.054999999701976776,0.054999999701976776,0.054999999701976776,0,0.0,0.0
2017-07-12 00:00:00+02:00,0.05400000140070915,0.05400000140070915,0.05400000140070915,0.05400000140070915,0,0.0,0.0
2017-07-13 00:00:00+02:00,0.05700000002980232,0.05700000002980232,0.05700000002980232,0.05700000002980232,0,0.0,0.0
2017-07-14 00:00:00+02:00,0.05700000002980232,0.05700000002980232,0.05700000002980232,0.05700000002980232,0,0.0,0.0
2017-07-17 00:00:00+02:00,0.05400000140070915,0.05400000140070915,0.05400000140070915,0.05400000140070915,0,0.0,0.0
2017-07-18 00:00:00+02:00,0.05400000140070915,0.05400000140070915,0.05400000140070915,0.05400000140070915,0,0.0,0.0
2017-07-19 00:00:00+02:00,0.05400000140070915,0.05400000140070915,0.05400000140070915,0.05400000140070915,0,0.0,0.0
2017-07-20 00:00:00+02:00,0.05700000002980232,0.05700000002980232,0.05700000002980232,0.05700000002980232,0,0.0,0.0
2017-07-21 00:00:00+02:00,0.057999998331069946,0.057999998331069946,0.057999998331069946,0.057999998331069946,0,0.0,0.0
2017-07-24 00:00:00+02:00,0.054999999701976776,0.054999999701976776,0.054999999701976776,0.054999999701976776,0,0.0,0.0
2017-07-25 00:00:00+02:00,0.05299999937415123,0.05299999937415123,0.05299999937415123,0.05299999937415123,0,0.0,0.0
2017-07-26 00:00:00+02:00,0.052000001072883606,0.052000001072883606,0.052000001072883606,0.052000001072883606,0,0.0,0.0
2017-07-27 00:00:00+02:00,0.05299999937415123,0.05299999937415123,0.05299999937415123,0.05299999937415123,0,0.0,0.0
2017-07-28 00:00:00+02:00,0.05299999937415123,0.05299999937415123,0.05299999937415123,0.05299999937415123,0,0.0,0.0
2017-07-31 00:00:00+02:00,0.05299999937415123,0.05299999937415123,0.05299999937415123,0.05299999937415123,0,0.0,0.0
2017-08-01 00:00:00+02:00,0.05299999937415123,0.05299999937415123,0.05299999937415123,0.05299999937415123,0,0.0,0.0
2017-08-02 00:00:00+02:00,0.05299999937415123,0.05299999937415123,0.05299999937415123,0.05299999937415123,0,0.0,0.0
2017-08-03 00:00:00+02:00,0.05299999937415123,0.05299999937415123,0.05299999937415123,0.05299999937415123,0,0.0,0.0
2017-08-04 00:00:00+02:00,0.05299999937415123,0.05299999937415123,0.05299999937415123,0.05299999937415123,0,0.0,0.0
2017-08-07 00:00:00+02:00,0.05400000140070915,0.05400000140070915,0.05400000140070915,0.05400000140070915,0,0.0,0.0
2017-08-08 00:00:00+02:00,0.052000001072883606,0.052000001072883606,0.052000001072883606,0.052000001072883606,0,0.0,0.0
2017-08-09 00:00:00+02:00,0.05299999937415123,0.05299999937415123,0.05299999937415123,0.05299999937415123,0,0.0,0.0
2017-08-10 00:00:00+02:00,0.052000001072883606,0.052000001072883606,0.052000001072883606,0.052000001072883606,0,0.0,0.0
2017-08-11 00:00:00+02:00,0.052000001072883606,0.052000001072883606,0.052000001072883606,0.052000001072883606,0,0.0,0.0
2017-08-14 00:00:00+02:00,0.05000000074505806,0.05000000074505806,0.05000000074505806,0.05000000074505806,0,0.0,0.0
2017-08-15 00:00:00+02:00,0.050999999046325684,0.050999999046325684,0.050999999046325684,0.050999999046325684,0,0.0,0.0
2017-08-16 00:00:00+02:00,0.05000000074505806,0.05000000074505806,0.05000000074505806,0.05000000074505806,0,0.0,0.0
2017-08-17 00:00:00+02:00,0.05000000074505806,0.05000000074505806,0.05000000074505806,0.05000000074505806,0,0.0,0.0
2017-08-18 00:00:00+02:00,0.052000001072883606,0.052000001072883606,0.052000001072883606,0.052000001072883606,0,0.0,0.0
2017-08-21 00:00:00+02:00,0.05400000140070915,0.05400000140070915,0.05400000140070915,0.05400000140070915,0,0.0,0.0
2017-08-22 00:00:00+02:00,0.0560000017285347,0.0560000017285347,0.0560000017285347,0.0560000017285347,0,0.0,0.0
2017-08-23 00:00:00+02:00,0.05999999865889549,0.05999999865889549,0.05999999865889549,0.05999999865889549,0,0.0,0.0
2017-08-24 00:00:00+02:00,0.05400000140070915,0.05400000140070915,0.05400000140070915,0.05400000140070915,0,0.0,0.0
2017-08-25 00:00:00+02:00,0.05400000140070915,0.05400000140070915,0.05400000140070915,0.05400000140070915,0,0.0,0.0
2017-08-28 00:00:00+02:00,0.05299999937415123,0.05299999937415123,0.05299999937415123,0.05299999937415123,0,0.0,0.0
2017-08-29 00:00:00+02:00,0.05299999937415123,0.05299999937415123,0.05299999937415123,0.05299999937415123,0,0.0,0.0
2017-08-30 00:00:00+02:00,0.052000001072883606,0.052000001072883606,0.052000001072883606,0.052000001072883606,0,0.0,0.0
2017-08-31 00:00:00+02:00,0.05000000074505806,0.05000000074505806,0.05000000074505806,0.05000000074505806,0,0.0,0.0
2017-09-01 00:00:00+02:00,0.04600000008940697,0.04600000008940697,0.04600000008940697,0.04600000008940697,0,0.0,0.0
2017-09-04 00:00:00+02:00,0.04800000041723251,0.04800000041723251,0.04800000041723251,0.04800000041723251,0,0.0,0.0
2017-09-05 00:00:00+02:00,0.04899999871850014,0.04899999871850014,0.04899999871850014,0.04899999871850014,0,0.0,0.0
2017-09-06 00:00:00+02:00,0.04800000041723251,0.04800000041723251,0.04800000041723251,0.04800000041723251,0,0.0,0.0
2017-09-07 00:00:00+02:00,0.04699999839067459,0.04699999839067459,0.04699999839067459,0.04699999839067459,0,0.0,0.0
2017-09-08 00:00:00+02:00,0.04699999839067459,0.04699999839067459,0.04699999839067459,0.04699999839067459,0,0.0,0.0
2017-09-11 00:00:00+02:00,0.04699999839067459,0.04699999839067459,0.04699999839067459,0.04699999839067459,0,0.0,0.0
2017-09-12 00:00:00+02:00,0.04800000041723251,0.04800000041723251,0.04800000041723251,0.04800000041723251,0,0.0,0.0
2017-09-13 00:00:00+02:00,0.04800000041723251,0.04800000041723251,0.04800000041723251,0.04800000041723251,0,0.0,0.0
2017-09-14 00:00:00+02:00,0.04899999871850014,0.04899999871850014,0.04899999871850014,0.04899999871850014,0,0.0,0.0
2017-09-15 00:00:00+02:00,0.04699999839067459,0.04699999839067459,0.04699999839067459,0.04699999839067459,0,0.0,0.0
2017-09-18 00:00:00+02:00,0.04899999871850014,0.04899999871850014,0.04899999871850014,0.04899999871850014,0,0.0,0.0
2017-09-19 00:00:00+02:00,0.04800000041723251,0.04800000041723251,0.04800000041723251,0.04800000041723251,0,0.0,0.0
2017-09-20 00:00:00+02:00,0.04699999839067459,0.04699999839067459,0.04699999839067459,0.04699999839067459,0,0.0,0.0
2017-09-21 00:00:00+02:00,0.04600000008940697,0.04600000008940697,0.04600000008940697,0.04600000008940697,0,0.0,0.0
2017-09-22 00:00:00+02:00,0.04600000008940697,0.04600000008940697,0.04600000008940697,0.04600000008940697,0,0.0,0.0
2017-09-25 00:00:00+02:00,0.04500000178813934,0.04500000178813934,0.04500000178813934,0.04500000178813934,0,0.0,0.0
2017-09-26 00:00:00+02:00,0.04500000178813934,0.04500000178813934,0.04500000178813934,0.04500000178813934,0,0.0,0.0
2017-09-27 00:00:00+02:00,0.04699999839067459,0.04699999839067459,0.04699999839067459,0.04699999839067459,0,0.0,0.0
2017-09-28 00:00:00+02:00,0.04699999839067459,0.04699999839067459,0.04699999839067459,0.04699999839067459,0,0.0,0.0
2017-09-29 00:00:00+02:00,0.04699999839067459,0.04699999839067459,0.04699999839067459,0.04699999839067459,0,0.0,0.0
2017-10-02 00:00:00+02:00,0.04699999839067459,0.04699999839067459,0.04699999839067459,0.04699999839067459,0,0.0,0.0
2017-10-03 00:00:00+02:00,0.04699999839067459,0.04699999839067459,0.04699999839067459,0.04699999839067459,0,0.0,0.0
2017-10-04 00:00:00+02:00,0.04800000041723251,0.04800000041723251,0.04800000041723251,0.04800000041723251,0,0.0,0.0
2017-10-05 00:00:00+02:00,0.04800000041723251,0.04800000041723251,0.04800000041723251,0.04800000041723251,0,0.0,0.0
2017-10-06 00:00:00+02:00,0.04699999839067459,0.04699999839067459,0.04699999839067459,0.04699999839067459,0,0.0,0.0
2017-10-09 00:00:00+02:00,0.04800000041723251,0.04800000041723251,0.04800000041723251,0.04800000041723251,0,0.0,0.0
2017-10-10 00:00:00+02:00,0.04699999839067459,0.04699999839067459,0.04699999839067459,0.04699999839067459,0,0.0,0.0
2017-10-11 00:00:00+02:00,0.04699999839067459,0.04699999839067459,0.04699999839067459,0.04699999839067459,0,0.0,0.0
2017-10-12 00:00:00+02:00,0.04600000008940697,0.04600000008940697,0.04600000008940697,0.04600000008940697,0,0.0,0.0
2017-10-13 00:00:00+02:00,0.04699999839067459,0.04699999839067459,0.04699999839067459,0.04699999839067459,0,0.0,0.0
2017-10-16 00:00:00+02:00,0.04800000041723251,0.04800000041723251,0.04800000041723251,0.04800000041723251,0,0.0,0.0
2017-10-17 00:00:00+02:00,0.04800000041723251,0.04800000041723251,0.04800000041723251,0.04800000041723251,0,0.0,0.0
2017-10-18 00:00:00+02:00,0.04800000041723251,0.04800000041723251,0.04800000041723251,0.04800000041723251,0,0.0,0.0
2017-10-19 00:00:00+02:00,0.04899999871850014,0.04899999871850014,0.04899999871850014,0.04899999871850014,0,0.0,0.0
2017-10-20 00:00:00+02:00,0.04800000041723251,0.04800000041723251,0.04800000041723251,0.04800000041723251,0,0.0,0.0
2017-10-23 00:00:00+02:00,0.04800000041723251,0.04800000041723251,0.04800000041723251,0.04800000041723251,0,0.0,0.0
2017-10-24 00:00:00+02:00,0.04800000041723251,0.04800000041723251,0.04800000041723251,0.04800000041723251,0,0.0,0.0
2017-10-25 00:00:00+02:00,0.04899999871850014,0.04899999871850014,0.04899999871850014,0.04899999871850014,8000,0.0,0.0
2017-10-26 00:00:00+02:00,0.04699999839067459,0.04699999839067459,0.04699999839067459,0.04699999839067459,0,0.0,0.0
2017-10-27 00:00:00+02:00,0.04800000041723251,0.04800000041723251,0.04800000041723251,0.04800000041723251,0,0.0,0.0
2017-10-30 00:00:00+01:00,0.050999999046325684,0.050999999046325684,0.050999999046325684,0.050999999046325684,0,0.0,0.0
2017-10-31 00:00:00+01:00,0.050999999046325684,0.050999999046325684,0.050999999046325684,0.050999999046325684,0,0.0,0.0
2017-11-01 00:00:00+01:00,0.04800000041723251,0.04800000041723251,0.04800000041723251,0.04800000041723251,0,0.0,0.0
2017-11-02 00:00:00+01:00,0.04899999871850014,0.04899999871850014,0.04899999871850014,0.04899999871850014,0,0.0,0.0
2017-11-03 00:00:00+01:00,0.04899999871850014,0.04899999871850014,0.04899999871850014,0.04899999871850014,0,0.0,0.0
2017-11-06 00:00:00+01:00,0.04800000041723251,0.04800000041723251,0.04800000041723251,0.04800000041723251,0,0.0,0.0
2017-11-07 00:00:00+01:00,0.04899999871850014,0.04899999871850014,0.04899999871850014,0.04899999871850014,0,0.0,0.0
2017-11-08 00:00:00+01:00,0.04800000041723251,0.04800000041723251,0.04800000041723251,0.04800000041723251,0,0.0,0.0
2017-11-09 00:00:00+01:00,0.04800000041723251,0.04800000041723251,0.04800000041723251,0.04800000041723251,0,0.0,0.0
2017-11-10 00:00:00+01:00,0.04800000041723251,0.04800000041723251,0.04800000041723251,0.04800000041723251,0,0.0,0.0
2017-11-13 00:00:00+01:00,0.04800000041723251,0.04800000041723251,0.04800000041723251,0.04800000041723251,0,0.0,0.0
2017-11-14 00:00:00+01:00,0.04699999839067459,0.04699999839067459,0.04699999839067459,0.04699999839067459,0,0.0,0.0
2017-11-15 00:00:00+01:00,0.054999999701976776,0.054999999701976776,0.054999999701976776,0.054999999701976776,11014,0.0,0.0
2017-11-16 00:00:00+01:00,0.04600000008940697,0.04600000008940697,0.04600000008940697,0.04600000008940697,0,0.0,0.0
2017-11-17 00:00:00+01:00,0.04600000008940697,0.04600000008940697,0.04600000008940697,0.04600000008940697,0,0.0,0.0
2017-11-20 00:00:00+01:00,0.04600000008940697,0.04600000008940697,0.04600000008940697,0.04600000008940697,0,0.0,0.0
2017-11-21 00:00:00+01:00,0.04399999976158142,0.04399999976158142,0.04399999976158142,0.04399999976158142,0,0.0,0.0
2017-11-22 00:00:00+01:00,0.04399999976158142,0.04399999976158142,0.04399999976158142,0.04399999976158142,0,0.0,0.0
2017-11-23 00:00:00+01:00,0.041999999433755875,0.041999999433755875,0.041999999433755875,0.041999999433755875,0,0.0,0.0
2017-11-24 00:00:00+01:00,0.0430000014603138,0.0430000014603138,0.0430000014603138,0.0430000014603138,0,0.0,0.0
2017-11-27 00:00:00+01:00,0.03999999910593033,0.03999999910593033,0.03999999910593033,0.03999999910593033,0,0.0,0.0
2017-11-28 00:00:00+01:00,0.041999999433755875,0.041999999433755875,0.041999999433755875,0.041999999433755875,0,0.0,0.0
2017-11-29 00:00:00+01:00,0.04100000113248825,0.054999999701976776,0.04100000113248825,0.054999999701976776,4500,0.0,0.0
2017-11-30 00:00:00+01:00,0.0430000014603138,0.0430000014603138,0.0430000014603138,0.0430000014603138,0,0.0,0.0
2017-12-01 00:00:00+01:00,0.0430000014603138,0.0430000014603138,0.0430000014603138,0.0430000014603138,0,0.0,0.0
2017-12-04 00:00:00+01:00,0.04100000113248825,0.04100000113248825,0.04100000113248825,0.04100000113248825,0,0.0,0.0
2017-12-05 00:00:00+01:00,0.04100000113248825,0.04100000113248825,0.04100000113248825,0.04100000113248825,0,0.0,0.0
2017-12-06 00:00:00+01:00,0.03999999910593033,0.03999999910593033,0.03999999910593033,0.03999999910593033,0,0.0,0.0
2017-12-07 00:00:00+01:00,0.04100000113248825,0.04100000113248825,0.04100000113248825,0.04100000113248825,0,0.0,0.0
2017-12-08 00:00:00+01:00,0.03999999910593033,0.03999999910593033,0.03999999910593033,0.03999999910593033,0,0.0,0.0
2017-12-11 00:00:00+01:00,0.04100000113248825,0.04100000113248825,0.04100000113248825,0.04100000113248825,0,0.0,0.0
2017-12-12 00:00:00+01:00,0.039000000804662704,0.039000000804662704,0.039000000804662704,0.039000000804662704,0,0.0,0.0
2017-12-13 00:00:00+01:00,0.039000000804662704,0.039000000804662704,0.039000000804662704,0.039000000804662704,0,0.0,0.0
2017-12-14 00:00:00+01:00,0.03799999877810478,0.03799999877810478,0.03799999877810478,0.03799999877810478,0,0.0,0.0
2017-12-15 00:00:00+01:00,0.039000000804662704,0.039000000804662704,0.039000000804662704,0.039000000804662704,0,0.0,0.0
2017-12-18 00:00:00+01:00,0.039000000804662704,0.039000000804662704,0.039000000804662704,0.039000000804662704,0,0.0,0.0
2017-12-19 00:00:00+01:00,0.03999999910593033,0.03999999910593033,0.03999999910593033,0.03999999910593033,0,0.0,0.0
2017-12-20 00:00:00+01:00,0.03999999910593033,0.03999999910593033,0.03999999910593033,0.03999999910593033,0,0.0,0.0
2017-12-21 00:00:00+01:00,0.0430000014603138,0.0430000014603138,0.0430000014603138,0.0430000014603138,0,0.0,0.0
2017-12-22 00:00:00+01:00,0.041999999433755875,0.041999999433755875,0.041999999433755875,0.041999999433755875,0,0.0,0.0
2017-12-27 00:00:00+01:00,0.04100000113248825,0.04100000113248825,0.04100000113248825,0.04100000113248825,0,0.0,0.0
2017-12-28 00:00:00+01:00,0.03999999910593033,0.03999999910593033,0.03999999910593033,0.03999999910593033,0,0.0,0.0
2017-12-29 00:00:00+01:00,0.04100000113248825,0.04100000113248825,0.04100000113248825,0.04100000113248825,0,0.0,0.0
2018-01-02 00:00:00+01:00,0.04100000113248825,0.04100000113248825,0.04100000113248825,0.04100000113248825,0,0.0,0.0
2018-01-03 00:00:00+01:00,0.041999999433755875,0.041999999433755875,0.041999999433755875,0.041999999433755875,0,0.0,0.0
2018-01-04 00:00:00+01:00,0.0430000014603138,0.0430000014603138,0.0430000014603138,0.0430000014603138,0,0.0,0.0
2018-01-05 00:00:00+01:00,0.041999999433755875,0.041999999433755875,0.041999999433755875,0.041999999433755875,0,0.0,0.0
2018-01-08 00:00:00+01:00,0.041999999433755875,0.041999999433755875,0.041999999433755875,0.041999999433755875,0,0.0,0.0
2018-01-09 00:00:00+01:00,0.041999999433755875,0.041999999433755875,0.041999999433755875,0.041999999433755875,0,0.0,0.0
2018-01-10 00:00:00+01:00,0.04100000113248825,0.04100000113248825,0.04100000113248825,0.04100000113248825,0,0.0,0.0
2018-01-11 00:00:00+01:00,0.04100000113248825,0.04100000113248825,0.04100000113248825,0.04100000113248825,0,0.0,0.0
2018-01-12 00:00:00+01:00,0.04100000113248825,0.04100000113248825,0.04100000113248825,0.04100000113248825,0,0.0,0.0
2018-01-15 00:00:00+01:00,0.03999999910593033,0.03999999910593033,0.03999999910593033,0.03999999910593033,0,0.0,0.0
2018-01-16 00:00:00+01:00,0.039000000804662704,0.039000000804662704,0.039000000804662704,0.039000000804662704,0,0.0,0.0
2018-01-17 00:00:00+01:00,0.03700000047683716,0.03700000047683716,0.03700000047683716,0.03700000047683716,0,0.0,0.0
2018-01-18 00:00:00+01:00,0.039000000804662704,0.039000000804662704,0.039000000804662704,0.039000000804662704,0,0.0,0.0
2018-01-19 00:00:00+01:00,0.03700000047683716,0.03700000047683716,0.03700000047683716,0.03700000047683716,0,0.0,0.0
2018-01-22 00:00:00+01:00,0.03700000047683716,0.03700000047683716,0.03700000047683716,0.03700000047683716,0,0.0,0.0
2018-01-23 00:00:00+01:00,0.03799999877810478,0.03799999877810478,0.03799999877810478,0.03799999877810478,0,0.0,0.0
2018-01-24 00:00:00+01:00,0.03799999877810478,0.03799999877810478,0.03799999877810478,0.03799999877810478,0,0.0,0.0
2018-01-25 00:00:00+01:00,0.03700000047683716,0.03700000047683716,0.03700000047683716,0.03700000047683716,0,0.0,0.0
2018-01-26 00:00:00+01:00,0.03700000047683716,0.03700000047683716,0.03700000047683716,0.03700000047683716,0,0.0,0.0
2018-01-29 00:00:00+01:00,0.03700000047683716,0.03700000047683716,0.03700000047683716,0.03700000047683716,0,0.0,0.0
2018-01-30 00:00:00+01:00,0.035999998450279236,0.035999998450279236,0.035999998450279236,0.035999998450279236,0,0.0,0.0
2018-01-31 00:00:00+01:00,0.03500000014901161,0.03500000014901161,0.03500000014901161,0.03500000014901161,0,0.0,0.0
2018-02-01 00:00:00+01:00,0.035999998450279236,0.035999998450279236,0.035999998450279236,0.035999998450279236,0,0.0,0.0
2018-02-02 00:00:00+01:00,0.03500000014901161,0.03500000014901161,0.03500000014901161,0.03500000014901161,0,0.0,0.0
2018-02-05 00:00:00+01:00,0.03500000014901161,0.03500000014901161,0.03500000014901161,0.03500000014901161,0,0.0,0.0
2018-02-06 00:00:00+01:00,0.03200000151991844,0.03200000151991844,0.03200000151991844,0.03200000151991844,0,0.0,0.0
2018-02-07 00:00:00+01:00,0.032999999821186066,0.032999999821186066,0.032999999821186066,0.032999999821186066,0,0.0,0.0
2018-02-08 00:00:00+01:00,0.03400000184774399,0.03400000184774399,0.03400000184774399,0.03400000184774399,0,0.0,0.0
2018-02-09 00:00:00+01:00,0.03200000151991844,0.03200000151991844,0.03200000151991844,0.03200000151991844,0,0.0,0.0
2018-02-12 00:00:00+01:00,0.03200000151991844,0.03200000151991844,0.03200000151991844,0.03200000151991844,0,0.0,0.0
2018-02-13 00:00:00+01:00,0.03200000151991844,0.03200000151991844,0.03200000151991844,0.03200000151991844,0,0.0,0.0
2018-02-14 00:00:00+01:00,0.03200000151991844,0.03200000151991844,0.03200000151991844,0.03200000151991844,0,0.0,0.0
2018-02-15 00:00:00+01:00,0.03099999949336052,0.03099999949336052,0.03099999949336052,0.03099999949336052,0,0.0,0.0
2018-02-16 00:00:00+01:00,0.029999999329447746,0.029999999329447746,0.029999999329447746,0.029999999329447746,0,0.0,0.0
2018-02-19 00:00:00+01:00,0.03099999949336052,0.03099999949336052,0.03099999949336052,0.03099999949336052,0,0.0,0.0
2018-02-20 00:00:00+01:00,0.03099999949336052,0.03099999949336052,0.03099999949336052,0.03099999949336052,0,0.0,0.0
2018-02-21 00:00:00+01:00,0.032999999821186066,0.032999999821186066,0.032999999821186066,0.032999999821186066,0,0.0,0.0
2018-02-22 00:00:00+01:00,0.032999999821186066,0.032999999821186066,0.032999999821186066,0.032999999821186066,0,0.0,0.0
2018-02-23 00:00:00+01:00,0.03200000151991844,0.03200000151991844,0.03200000151991844,0.03200000151991844,0,0.0,0.0
2018-02-26 00:00:00+01:00,0.03200000151991844,0.03200000151991844,0.03200000151991844,0.03200000151991844,0,0.0,0.0
2018-02-27 00:00:00+01:00,0.03200000151991844,0.03200000151991844,0.03200000151991844,0.03200000151991844,0,0.0,0.0
2018-02-28 00:00:00+01:00,0.032999999821186066,0.032999999821186066,0.032999999821186066,0.032999999821186066,0,0.0,0.0
2018-03-01 00:00:00+01:00,0.032999999821186066,0.032999999821186066,0.032999999821186066,0.032999999821186066,0,0.0,0.0
2018-03-02 00:00:00+01:00,0.03400000184774399,0.03400000184774399,0.03400000184774399,0.03400000184774399,0,0.0,0.0
2018-03-05 00:00:00+01:00,0.032999999821186066,0.032999999821186066,0.032999999821186066,0.032999999821186066,0,0.0,0.0
2018-03-06 00:00:00+01:00,0.032999999821186066,0.032999999821186066,0.032999999821186066,0.032999999821186066,0,0.0,0.0
2018-03-07 00:00:00+01:00,0.03200000151991844,0.03200000151991844,0.03200000151991844,0.03200000151991844,0,0.0,0.0
2018-03-08 00:00:00+01:00,0.03200000151991844,0.03200000151991844,0.03200000151991844,0.03200000151991844,0,0.0,0.0
2018-03-09 00:00:00+01:00,0.03200000151991844,0.03200000151991844,0.03200000151991844,0.03200000151991844,0,0.0,0.0
2018-03-12 00:00:00+01:00,0.032999999821186066,0.032999999821186066,0.032999999821186066,0.032999999821186066,0,0.0,0.0
2018-03-13 00:00:00+01:00,0.032999999821186066,0.032999999821186066,0.032999999821186066,0.032999999821186066,0,0.0,0.0
2018-03-14 00:00:00+01:00,0.032999999821186066,0.032999999821186066,0.032999999821186066,0.032999999821186066,0,0.0,0.0
2018-03-15 00:00:00+01:00,0.03500000014901161,0.03500000014901161,0.03500000014901161,0.03500000014901161,0,0.0,0.0
2018-03-16 00:00:00+01:00,0.03400000184774399,0.03400000184774399,0.03400000184774399,0.03400000184774399,0,0.0,0.0
2018-03-19 00:00:00+01:00,0.032999999821186066,0.032999999821186066,0.032999999821186066,0.032999999821186066,0,0.0,0.0
2018-03-20 00:00:00+01:00,0.032999999821186066,0.032999999821186066,0.032999999821186066,0.032999999821186066,0,0.0,0.0
2018-03-21 00:00:00+01:00,0.03200000151991844,0.03200000151991844,0.03200000151991844,0.03200000151991844,0,0.0,0.0
2018-03-22 00:00:00+01:00,0.03400000184774399,0.03400000184774399,0.03400000184774399,0.03400000184774399,0,0.0,0.0
2018-03-23 00:00:00+01:00,0.03200000151991844,0.03200000151991844,0.03200000151991844,0.03200000151991844,0,0.0,0.0
2018-03-26 00:00:00+02:00,0.032999999821186066,0.032999999821186066,0.032999999821186066,0.032999999821186066,0,0.0,0.0
2018-03-27 00:00:00+02:00,0.03200000151991844,0.03200000151991844,0.03200000151991844,0.03200000151991844,0,0.0,0.0
2018-03-28 00:00:00+02:00,0.03200000151991844,0.03200000151991844,0.03200000151991844,0.03200000151991844,0,0.0,0.0
2018-03-29 00:00:00+02:00,0.03200000151991844,0.03200000151991844,0.03200000151991844,0.03200000151991844,0,0.0,0.0
2018-04-03 00:00:00+02:00,0.03099999949336052,0.03099999949336052,0.03099999949336052,0.03099999949336052,0,0.0,0.0
2018-04-04 00:00:00+02:00,0.032999999821186066,0.032999999821186066,0.032999999821186066,0.032999999821186066,0,0.0,0.0
2018-04-05 00:00:00+02:00,0.032999999821186066,0.032999999821186066,0.032999999821186066,0.032999999821186066,0,0.0,0.0
2018-04-06 00:00:00+02:00,0.03200000151991844,0.03200000151991844,0.03200000151991844,0.03200000151991844,0,0.0,0.0
2018-04-09 00:00:00+02:00,0.03200000151991844,0.03200000151991844,0.03200000151991844,0.03200000151991844,0,0.0,0.0
2018-04-10 00:00:00+02:00,0.03200000151991844,0.03200000151991844,0.03200000151991844,0.03200000151991844,0,0.0,0.0
2018-04-11 00:00:00+02:00,0.03200000151991844,0.03200000151991844,0.03200000151991844,0.03200000151991844,0,0.0,0.0
2018-04-12 00:00:00+02:00,0.03200000151991844,0.03200000151991844,0.03200000151991844,0.03200000151991844,0,0.0,0.0
2018-04-13 00:00:00+02:00,0.03099999949336052,0.03099999949336052,0.03099999949336052,0.03099999949336052,0,0.0,0.0
2018-04-16 00:00:00+02:00,0.03099999949336052,0.03099999949336052,0.03099999949336052,0.03099999949336052,0,0.0,0.0
2018-04-17 00:00:00+02:00,0.03099999949336052,0.03099999949336052,0.03099999949336052,0.03099999949336052,0,0.0,0.0
2018-04-18 00:00:00+02:00,0.03099999949336052,0.03099999949336052,0.03099999949336052,0.03099999949336052,0,0.0,0.0
2018-04-19 00:00:00+02:00,0.03099999949336052,0.03099999949336052,0.03099999949336052,0.03099999949336052,0,0.0,0.0
2018-04-20 00:00:00+02:00,0.03200000151991844,0.03200000151991844,0.03200000151991844,0.03200000151991844,0,0.0,0.0
2018-04-23 00:00:00+02:00,0.032999999821186066,0.032999999821186066,0.032999999821186066,0.032999999821186066,0,0.0,0.0
2018-04-24 00:00:00+02:00,0.032999999821186066,0.032999999821186066,0.032999999821186066,0.032999999821186066,0,0.0,0.0
2018-04-25 00:00:00+02:00,0.032999999821186066,0.032999999821186066,0.032999999821186066,0.032999999821186066,0,0.0,0.0
2018-04-26 00:00:00+02:00,0.032999999821186066,0.032999999821186066,0.032999999821186066,0.032999999821186066,0,0.0,0.0
2018-04-27 00:00:00+02:00,0.032999999821186066,0.032999999821186066,0.032999999821186066,0.032999999821186066,0,0.0,0.0
2018-04-30 00:00:00+02:00,0.03400000184774399,0.03400000184774399,0.03400000184774399,0.03400000184774399,0,0.0,0.0
2018-05-02 00:00:00+02:00,0.03400000184774399,0.03400000184774399,0.03400000184774399,0.03400000184774399,0,0.0,0.0
2018-05-03 00:00:00+02:00,0.035999998450279236,0.035999998450279236,0.035999998450279236,0.035999998450279236,0,0.0,0.0
2018-05-04 00:00:00+02:00,0.03500000014901161,0.03500000014901161,0.03500000014901161,0.03500000014901161,0,0.0,0.0
2018-05-07 00:00:00+02:00,0.03500000014901161,0.03500000014901161,0.03500000014901161,0.03500000014901161,0,0.0,0.0
2018-05-08 00:00:00+02:00,0.03700000047683716,0.03700000047683716,0.03700000047683716,0.03700000047683716,0,0.0,0.0
2018-05-09 00:00:00+02:00,0.03700000047683716,0.03700000047683716,0.03700000047683716,0.03700000047683716,0,0.0,0.0
2018-05-10 00:00:00+02:00,0.03500000014901161,0.03500000014901161,0.03500000014901161,0.03500000014901161,0,0.0,0.0
2018-05-11 00:00:00+02:00,0.03500000014901161,0.03500000014901161,0.03500000014901161,0.03500000014901161,0,0.0,0.0
2018-05-14 00:00:00+02:00,0.03400000184774399,0.03400000184774399,0.03400000184774399,0.03400000184774399,0,0.0,0.0
2018-05-15 00:00:00+02:00,0.03500000014901161,0.03500000014901161,0.03500000014901161,0.03500000014901161,0,0.0,0.0
2018-05-16 00:00:00+02:00,0.03400000184774399,0.03400000184774399,0.03400000184774399,0.03400000184774399,0,0.0,0.0
2018-05-17 00:00:00+02:00,0.03400000184774399,0.03400000184774399,0.03400000184774399,0.03400000184774399,0,0.0,0.0
2018-05-18 00:00:00+02:00,0.03400000184774399,0.03400000184774399,0.03400000184774399,0.03400000184774399,0,0.0,0.0
2018-05-21 00:00:00+02:00,0.03400000184774399,0.03400000184774399,0.03400000184774399,0.03400000184774399,0,0.0,0.0
2018-05-22 00:00:00+02:00,0.03500000014901161,0.03500000014901161,0.03500000014901161,0.03500000014901161,0,0.0,0.0
2018-05-23 00:00:00+02:00,0.03500000014901161,0.03500000014901161,0.03500000014901161,0.03500000014901161,0,0.0,0.0
2018-05-24 00:00:00+02:00,0.03500000014901161,0.03500000014901161,0.03500000014901161,0.03500000014901161,0,0.0,0.0
2018-05-25 00:00:00+02:00,0.03500000014901161,0.03500000014901161,0.03500000014901161,0.03500000014901161,0,0.0,0.0
2018-05-28 00:00:00+02:00,0.03500000014901161,0.03500000014901161,0.03500000014901161,0.03500000014901161,0,0.0,0.0
2018-05-29 00:00:00+02:00,0.03500000014901161,0.03500000014901161,0.03500000014901161,0.03500000014901161,0,0.0,0.0
2018-05-30 00:00:00+02:00,0.03500000014901161,0.03500000014901161,0.03500000014901161,0.03500000014901161,0,0.0,0.0
2018-05-31 00:00:00+02:00,0.03400000184774399,0.03400000184774399,0.03400000184774399,0.03400000184774399,0,0.0,0.0
2018-06-01 00:00:00+02:00,0.03400000184774399,0.03400000184774399,0.03400000184774399,0.03400000184774399,0,0.0,0.0
2018-06-04 00:00:00+02:00,0.03400000184774399,0.03400000184774399,0.03400000184774399,0.03400000184774399,0,0.0,0.0
2018-06-05 00:00:00+02:00,0.03500000014901161,0.03500000014901161,0.03500000014901161,0.03500000014901161,0,0.0,0.0
2018-06-06 00:00:00+02:00,0.035999998450279236,0.035999998450279236,0.035999998450279236,0.035999998450279236,0,0.0,0.0
2018-06-07 00:00:00+02:00,0.03700000047683716,0.03700000047683716,0.03700000047683716,0.03700000047683716,0,0.0,0.0
2018-06-08 00:00:00+02:00,0.03500000014901161,0.03500000014901161,0.03500000014901161,0.03500000014901161,0,0.0,0.0
2018-06-11 00:00:00+02:00,0.03500000014901161,0.03500000014901161,0.03500000014901161,0.03500000014901161,0,0.0,0.0
2018-06-12 00:00:00+02:00,0.03500000014901161,0.03500000014901161,0.03500000014901161,0.03500000014901161,0,0.0,0.0
2018-06-13 00:00:00+02:00,0.03500000014901161,0.03500000014901161,0.03500000014901161,0.03500000014901161,0,0.0,0.0
2018-06-14 00:00:00+02:00,0.03400000184774399,0.03400000184774399,0.03400000184774399,0.03400000184774399,0,0.0,0.0
2018-06-15 00:00:00+02:00,0.035999998450279236,0.035999998450279236,0.035999998450279236,0.035999998450279236,0,0.0,0.0
2018-06-18 00:00:00+02:00,0.035999998450279236,0.035999998450279236,0.035999998450279236,0.035999998450279236,0,0.0,0.0
2018-06-19 00:00:00+02:00,0.03400000184774399,0.03400000184774399,0.03400000184774399,0.03400000184774399,0,0.0,0.0
2018-06-20 00:00:00+02:00,0.03400000184774399,0.03400000184774399,0.03400000184774399,0.03400000184774399,0,0.0,0.0
2018-06-21 00:00:00+02:00,0.03400000184774399,0.03400000184774399,0.03400000184774399,0.03400000184774399,0,0.0,0.0
2018-06-22 00:00:00+02:00,0.03500000014901161,0.03500000014901161,0.03500000014901161,0.03500000014901161,0,0.0,0.0
2018-06-25 00:00:00+02:00,0.03400000184774399,0.03400000184774399,0.03400000184774399,0.03400000184774399,0,0.0,0.0
2018-06-26 00:00:00+02:00,0.03200000151991844,0.03200000151991844,0.03200000151991844,0.03200000151991844,0,0.0,0.0
2018-06-27 00:00:00+02:00,0.03400000184774399,0.03400000184774399,0.03400000184774399,0.03400000184774399,0,0.0,0.0
2018-06-28 00:00:00+02:00,0.03500000014901161,0.03500000014901161,0.03500000014901161,0.03500000014901161,0,0.0,0.0
2018-06-29 00:00:00+02:00,0.03400000184774399,0.03400000184774399,0.03400000184774399,0.03400000184774399,0,0.0,0.0
2018-07-02 00:00:00+02:00,0.03400000184774399,0.03400000184774399,0.03400000184774399,0.03400000184774399,0,0.0,0.0
2018-07-03 00:00:00+02:00,0.03400000184774399,0.03400000184774399,0.03400000184774399,0.03400000184774399,0,0.0,0.0
2018-07-04 00:00:00+02:00,0.032999999821186066,0.032999999821186066,0.032999999821186066,0.032999999821186066,0,0.0,0.0
2018-07-05 00:00:00+02:00,0.032999999821186066,0.032999999821186066,0.032999999821186066,0.032999999821186066,0,0.0,0.0
2018-07-06 00:00:00+02:00,0.032999999821186066,0.032999999821186066,0.032999999821186066,0.032999999821186066,0,0.0,0.0
2018-07-09 00:00:00+02:00,0.032999999821186066,0.032999999821186066,0.032999999821186066,0.032999999821186066,0,0.0,0.0
2018-07-10 00:00:00+02:00,0.03400000184774399,0.03400000184774399,0.03400000184774399,0.03400000184774399,0,0.0,0.0
2018-07-11 00:00:00+02:00,0.03400000184774399,0.03400000184774399,0.03400000184774399,0.03400000184774399,0,0.0,0.0
2018-07-12 00:00:00+02:00,0.03400000184774399,0.03400000184774399,0.03400000184774399,0.03400000184774399,0,0.0,0.0
2018-07-13 00:00:00+02:00,0.03400000184774399,0.03400000184774399,0.03400000184774399,0.03400000184774399,0,0.0,0.0
2018-07-16 00:00:00+02:00,0.03400000184774399,0.03400000184774399,0.03400000184774399,0.03400000184774399,0,0.0,0.0
2018-07-17 00:00:00+02:00,0.03400000184774399,0.03400000184774399,0.03400000184774399,0.03400000184774399,0,0.0,0.0
2018-07-18 00:00:00+02:00,0.03400000184774399,0.03400000184774399,0.03400000184774399,0.03400000184774399,0,0.0,0.0
2018-07-19 00:00:00+02:00,0.03400000184774399,0.03400000184774399,0.03400000184774399,0.03400000184774399,0,0.0,0.0
2018-07-20 00:00:00+02:00,0.03400000184774399,0.03400000184774399,0.03400000184774399,0.03400000184774399,0,0.0,0.0
2018-07-23 00:00:00+02:00,0.032999999821186066,0.032999999821186066,0.032999999821186066,0.032999999821186066,0,0.0,0.0
2018-07-24 00:00:00+02:00,0.03400000184774399,0.03400000184774399,0.03400000184774399,0.03400000184774399,0,0.0,0.0
2018-07-25 00:00:00+02:00,0.03400000184774399,0.03400000184774399,0.03400000184774399,0.03400000184774399,0,0.0,0.0
2018-07-26 00:00:00+02:00,0.032999999821186066,0.032999999821186066,0.032999999821186066,0.032999999821186066,0,0.0,0.0
2018-07-27 00:00:00+02:00,0.03400000184774399,0.03400000184774399,0.03400000184774399,0.03400000184774399,0,0.0,0.0
2018-07-30 00:00:00+02:00,0.03400000184774399,0.03400000184774399,0.03400000184774399,0.03400000184774399,0,0.0,0.0
2018-07-31 00:00:00+02:00,0.03200000151991844,0.03200000151991844,0.03200000151991844,0.03200000151991844,0,0.0,0.0
2018-08-01 00:00:00+02:00,0.032999999821186066,0.032999999821186066,0.032999999821186066,0.032999999821186066,0,0.0,0.0
2018-08-02 00:00:00+02:00,0.03200000151991844,0.03200000151991844,0.03200000151991844,0.03200000151991844,0,0.0,0.0
2018-08-03 00:00:00+02:00,0.03200000151991844,0.03200000151991844,0.03200000151991844,0.03200000151991844,0,0.0,0.0
2018-08-06 00:00:00+02:00,0.03400000184774399,0.03400000184774399,0.03400000184774399,0.03400000184774399,0,0.0,0.0
2018-08-07 00:00:00+02:00,0.03400000184774399,0.03400000184774399,0.03400000184774399,0.03400000184774399,0,0.0,0.0
2018-08-08 00:00:00+02:00,0.032999999821186066,0.032999999821186066,0.032999999821186066,0.032999999821186066,0,0.0,0.0
2018-08-09 00:00:00+02:00,0.032999999821186066,0.032999999821186066,0.032999999821186066,0.032999999821186066,0,0.0,0.0
2018-08-10 00:00:00+02:00,0.03400000184774399,0.03400000184774399,0.03400000184774399,0.03400000184774399,0,0.0,0.0
2018-08-13 00:00:00+02:00,0.03400000184774399,0.03400000184774399,0.03400000184774399,0.03400000184774399,0,0.0,0.0
2018-08-14 00:00:00+02:00,0.03400000184774399,0.03400000184774399,0.03400000184774399,0.03400000184774399,0,0.0,0.0
2018-08-15 00:00:00+02:00,0.03400000184774399,0.03400000184774399,0.03400000184774399,0.03400000184774399,0,0.0,0.0
2018-08-16 00:00:00+02:00,0.032999999821186066,0.032999999821186066,0.032999999821186066,0.032999999821186066,0,0.0,0.0
2018-08-17 00:00:00+02:00,0.032999999821186066,0.032999999821186066,0.032999999821186066,0.032999999821186066,0,0.0,0.0
2018-08-20 00:00:00+02:00,0.03200000151991844,0.03200000151991844,0.03200000151991844,0.03200000151991844,0,0.0,0.0
2018-08-21 00:00:00+02:00,0.03099999949336052,0.03099999949336052,0.03099999949336052,0.03099999949336052,0,0.0,0.0
2018-08-22 00:00:00+02:00,0.03099999949336052,0.03099999949336052,0.03099999949336052,0.03099999949336052,0,0.0,0.0
2018-08-23 00:00:00+02:00,0.03099999949336052,0.03099999949336052,0.03099999949336052,0.03099999949336052,0,0.0,0.0
2018-08-24 00:00:00+02:00,0.03099999949336052,0.03099999949336052,0.03099999949336052,0.03099999949336052,0,0.0,0.0
2018-08-27 00:00:00+02:00,0.029999999329447746,0.029999999329447746,0.029999999329447746,0.029999999329447746,0,0.0,0.0
2018-08-28 00:00:00+02:00,0.029999999329447746,0.029999999329447746,0.029999999329447746,0.029999999329447746,0,0.0,0.0
2018-08-29 00:00:00+02:00,0.028999999165534973,0.028999999165534973,0.028999999165534973,0.028999999165534973,0,0.0,0.0
2018-08-30 00:00:00+02:00,0.028999999165534973,0.028999999165534973,0.028999999165534973,0.028999999165534973,0,0.0,0.0
2018-08-31 00:00:00+02:00,0.02800000086426735,0.02800000086426735,0.02800000086426735,0.02800000086426735,0,0.0,0.0
2018-09-03 00:00:00+02:00,0.028999999165534973,0.028999999165534973,0.028999999165534973,0.028999999165534973,0,0.0,0.0
2018-09-04 00:00:00+02:00,0.02800000086426735,0.02800000086426735,0.02800000086426735,0.02800000086426735,0,0.0,0.0
2018-09-05 00:00:00+02:00,0.028999999165534973,0.028999999165534973,0.028999999165534973,0.028999999165534973,0,0.0,0.0
2018-09-06 00:00:00+02:00,0.026000000536441803,0.026000000536441803,0.026000000536441803,0.026000000536441803,0,0.0,0.0
2018-09-07 00:00:00+02:00,0.027000000700354576,0.027000000700354576,0.027000000700354576,0.027000000700354576,0,0.0,0.0
2018-09-10 00:00:00+02:00,0.02500000037252903,0.02500000037252903,0.02500000037252903,0.02500000037252903,0,0.0,0.0
2018-09-11 00:00:00+02:00,0.020999999716877937,0.020999999716877937,0.020999999716877937,0.020999999716877937,0,0.0,0.0
2018-09-12 00:00:00+02:00,0.026000000536441803,0.026000000536441803,0.026000000536441803,0.026000000536441803,0,0.0,0.0
2018-09-13 00:00:00+02:00,0.02500000037252903,0.02500000037252903,0.02500000037252903,0.02500000037252903,0,0.0,0.0
2018-09-14 00:00:00+02:00,0.026000000536441803,0.026000000536441803,0.026000000536441803,0.026000000536441803,0,0.0,0.0
2018-09-17 00:00:00+02:00,0.02500000037252903,0.02500000037252903,0.02500000037252903,0.02500000037252903,0,0.0,0.0
2018-09-18 00:00:00+02:00,0.024000000208616257,0.024000000208616257,0.024000000208616257,0.024000000208616257,0,0.0,0.0
2018-09-19 00:00:00+02:00,0.02500000037252903,0.02500000037252903,0.02500000037252903,0.02500000037252903,0,0.0,0.0
2018-09-20 00:00:00+02:00,0.024000000208616257,0.024000000208616257,0.024000000208616257,0.024000000208616257,0,0.0,0.0
2018-09-21 00:00:00+02:00,0.024000000208616257,0.024000000208616257,0.024000000208616257,0.024000000208616257,0,0.0,0.0
2018-09-24 00:00:00+02:00,0.02500000037252903,0.02500000037252903,0.02500000037252903,0.02500000037252903,0,0.0,0.0
2018-09-25 00:00:00+02:00,0.02500000037252903,0.02500000037252903,0.02500000037252903,0.02500000037252903,0,0.0,0.0
2018-09-26 00:00:00+02:00,0.02500000037252903,0.02500000037252903,0.02500000037252903,0.02500000037252903,0,0.0,0.0
2018-09-27 00:00:00+02:00,0.024000000208616257,0.024000000208616257,0.024000000208616257,0.024000000208616257,0,0.0,0.0
2018-09-28 00:00:00+02:00,0.024000000208616257,0.024000000208616257,0.024000000208616257,0.024000000208616257,0,0.0,0.0
2018-10-01 00:00:00+02:00,0.024000000208616257,0.024000000208616257,0.024000000208616257,0.024000000208616257,0,0.0,0.0
2018-10-02 00:00:00+02:00,0.024000000208616257,0.024000000208616257,0.024000000208616257,0.024000000208616257,0,0.0,0.0
2018-10-04 00:00:00+02:00,0.024000000208616257,0.024000000208616257,0.024000000208616257,0.024000000208616257,0,0.0,0.0
2018-10-05 00:00:00+02:00,0.02199999988079071,0.02199999988079071,0.02199999988079071,0.02199999988079071,0,0.0,0.0
2018-10-08 00:00:00+02:00,0.02199999988079071,0.02199999988079071,0.02199999988079071,0.02199999988079071,0,0.0,0.0
2018-10-09 00:00:00+02:00,0.023000000044703484,0.023000000044703484,0.023000000044703484,0.023000000044703484,0,0.0,0.0
2018-10-10 00:00:00+02:00,0.023000000044703484,0.023000000044703484,0.023000000044703484,0.023000000044703484,0,0.0,0.0
2018-10-11 00:00:00+02:00,0.019999999552965164,0.019999999552965164,0.019999999552965164,0.019999999552965164,0,0.0,0.0
2018-10-12 00:00:00+02:00,0.019999999552965164,0.019999999552965164,0.019999999552965164,0.019999999552965164,0,0.0,0.0
2018-10-15 00:00:00+02:00,0.019999999552965164,0.019999999552965164,0.019999999552965164,0.019999999552965164,0,0.0,0.0
2018-10-16 00:00:00+02:00,0.01899999938905239,0.01899999938905239,0.01899999938905239,0.01899999938905239,0,0.0,0.0
2018-10-17 00:00:00+02:00,0.019999999552965164,0.019999999552965164,0.019999999552965164,0.019999999552965164,0,0.0,0.0
2018-10-18 00:00:00+02:00,0.019999999552965164,0.019999999552965164,0.019999999552965164,0.019999999552965164,0,0.0,0.0
2018-10-19 00:00:00+02:00,0.019999999552965164,0.019999999552965164,0.019999999552965164,0.019999999552965164,0,0.0,0.0
2018-10-22 00:00:00+02:00,0.019999999552965164,0.019999999552965164,0.019999999552965164,0.019999999552965164,0,0.0,0.0
2018-10-23 00:00:00+02:00,0.019999999552965164,0.019999999552965164,0.019999999552965164,0.019999999552965164,0,0.0,0.0
2018-10-24 00:00:00+02:00,0.019999999552965164,0.019999999552965164,0.019999999552965164,0.019999999552965164,0,0.0,0.0
2018-10-25 00:00:00+02:00,0.017999999225139618,0.017999999225139618,0.017999999225139618,0.017999999225139618,0,0.0,0.0
2018-10-26 00:00:00+02:00,0.017000000923871994,0.017000000923871994,0.017000000923871994,0.017000000923871994,0,0.0,0.0
2018-10-29 00:00:00+01:00,0.017000000923871994,0.017000000923871994,0.017000000923871994,0.017000000923871994,0,0.0,0.0
2018-10-30 00:00:00+01:00,0.017999999225139618,0.017999999225139618,0.017999999225139618,0.017999999225139618,0,0.0,0.0
2018-10-31 00:00:00+01:00,0.019999999552965164,0.019999999552965164,0.019999999552965164,0.019999999552965164,0,0.0,0.0
2018-11-01 00:00:00+01:00,0.019999999552965164,0.019999999552965164,0.019999999552965164,0.019999999552965164,0,0.0,0.0
2018-11-02 00:00:00+01:00,0.020999999716877937,0.020999999716877937,0.020999999716877937,0.020999999716877937,0,0.0,0.0
2018-11-05 00:00:00+01:00,0.02500000037252903,0.02500000037252903,0.02500000037252903,0.02500000037252903,0,0.0,0.0
2018-11-06 00:00:00+01:00,0.027000000700354576,0.027000000700354576,0.027000000700354576,0.027000000700354576,0,0.0,0.0
2018-11-07 00:00:00+01:00,0.026000000536441803,0.026000000536441803,0.026000000536441803,0.026000000536441803,0,0.0,0.0
2018-11-08 00:00:00+01:00,0.026000000536441803,0.026000000536441803,0.026000000536441803,0.026000000536441803,0,0.0,0.0
2018-11-09 00:00:00+01:00,0.024000000208616257,0.024000000208616257,0.024000000208616257,0.024000000208616257,0,0.0,0.0
2018-11-12 00:00:00+01:00,0.026000000536441803,0.026000000536441803,0.026000000536441803,0.026000000536441803,0,0.0,0.0
2018-11-13 00:00:00+01:00,0.02500000037252903,0.02500000037252903,0.02500000037252903,0.02500000037252903,0,0.0,0.0
2018-11-14 00:00:00+01:00,0.02500000037252903,0.02500000037252903,0.02500000037252903,0.02500000037252903,0,0.0,0.0
2018-11-15 00:00:00+01:00,0.026000000536441803,0.026000000536441803,0.026000000536441803,0.026000000536441803,0,0.0,0.0
2018-11-16 00:00:00+01:00,0.02800000086426735,0.02800000086426735,0.02800000086426735,0.02800000086426735,0,0.0,0.0
2018-11-19 00:00:00+01:00,0.027000000700354576,0.027000000700354576,0.027000000700354576,0.027000000700354576,0,0.0,0.0
2018-11-20 00:00:00+01:00,0.02500000037252903,0.02500000037252903,0.02500000037252903,0.02500000037252903,0,0.0,0.0
2018-11-21 00:00:00+01:00,0.026000000536441803,0.026000000536441803,0.026000000536441803,0.026000000536441803,0,0.0,0.0
2018-11-22 00:00:00+01:00,0.027000000700354576,0.027000000700354576,0.027000000700354576,0.027000000700354576,0,0.0,0.0
2018-11-23 00:00:00+01:00,0.027000000700354576,0.027000000700354576,0.027000000700354576,0.027000000700354576,0,0.0,0.0
2018-11-26 00:00:00+01:00,0.02800000086426735,0.02800000086426735,0.02800000086426735,0.02800000086426735,0,0.0,0.0
2018-11-27 00:00:00+01:00,0.02800000086426735,0.02800000086426735,0.02800000086426735,0.02800000086426735,0,0.0,0.0
2018-11-28 00:00:00+01:00,0.028999999165534973,0.028999999165534973,0.028999999165534973,0.028999999165534973,0,0.0,0.0
2018-11-29 00:00:00+01:00,0.027000000700354576,0.027000000700354576,0.027000000700354576,0.027000000700354576,0,0.0,0.0
2018-11-30 00:00:00+01:00,0.026000000536441803,0.026000000536441803,0.026000000536441803,0.026000000536441803,0,0.0,0.0
2018-12-03 00:00:00+01:00,0.027000000700354576,0.027000000700354576,0.027000000700354576,0.027000000700354576,0,0.0,0.0
2018-12-04 00:00:00+01:00,0.026000000536441803,0.026000000536441803,0.026000000536441803,0.026000000536441803,0,0.0,0.0
2018-12-05 00:00:00+01:00,0.027000000700354576,0.027000000700354576,0.027000000700354576,0.027000000700354576,0,0.0,0.0
2018-12-06 00:00:00+01:00,0.026000000536441803,0.026000000536441803,0.026000000536441803,0.026000000536441803,0,0.0,0.0
2018-12-07 00:00:00+01:00,0.027000000700354576,0.027000000700354576,0.027000000700354576,0.027000000700354576,0,0.0,0.0
2018-12-10 00:00:00+01:00,0.027000000700354576,0.027000000700354576,0.027000000700354576,0.027000000700354576,0,0.0,0.0
2018-12-11 00:00:00+01:00,0.027000000700354576,0.027000000700354576,0.027000000700354576,0.027000000700354576,0,0.0,0.0
2018-12-12 00:00:00+01:00,0.027000000700354576,0.027000000700354576,0.027000000700354576,0.027000000700354576,0,0.0,0.0
2018-12-13 00:00:00+01:00,0.027000000700354576,0.027000000700354576,0.027000000700354576,0.027000000700354576,0,0.0,0.0
2018-12-14 00:00:00+01:00,0.027000000700354576,0.027000000700354576,0.027000000700354576,0.027000000700354576,0,0.0,0.0
2018-12-17 00:00:00+01:00,0.027000000700354576,0.027000000700354576,0.027000000700354576,0.027000000700354576,0,0.0,0.0
2018-12-18 00:00:00+01:00,0.027000000700354576,0.027000000700354576,0.027000000700354576,0.027000000700354576,0,0.0,0.0
2018-12-19 00:00:00+01:00,0.027000000700354576,0.027000000700354576,0.027000000700354576,0.027000000700354576,0,0.0,0.0
2018-12-20 00:00:00+01:00,0.026000000536441803,0.026000000536441803,0.026000000536441803,0.026000000536441803,0,0.0,0.0
2018-12-21 00:00:00+01:00,0.027000000700354576,0.027000000700354576,0.027000000700354576,0.027000000700354576,0,0.0,0.0
2018-12-27 00:00:00+01:00,0.02800000086426735,0.02800000086426735,0.02800000086426735,0.02800000086426735,0,0.0,0.0
2018-12-28 00:00:00+01:00,0.02500000037252903,0.02500000037252903,0.02500000037252903,0.02500000037252903,0,0.0,0.0
2019-01-02 00:00:00+01:00,0.027000000700354576,0.027000000700354576,0.027000000700354576,0.027000000700354576,0,0.0,0.0
2019-01-03 00:00:00+01:00,0.027000000700354576,0.027000000700354576,0.027000000700354576,0.027000000700354576,0,0.0,0.0
2019-01-04 00:00:00+01:00,0.026000000536441803,0.026000000536441803,0.026000000536441803,0.026000000536441803,0,0.0,0.0
2019-01-07 00:00:00+01:00,0.026000000536441803,0.026000000536441803,0.026000000536441803,0.026000000536441803,0,0.0,0.0
2019-01-08 00:00:00+01:00,0.02500000037252903,0.02500000037252903,0.02500000037252903,0.02500000037252903,0,0.0,0.0
2019-01-09 00:00:00+01:00,0.024000000208616257,0.024000000208616257,0.024000000208616257,0.024000000208616257,0,0.0,0.0
2019-01-10 00:00:00+01:00,0.024000000208616257,0.024000000208616257,0.024000000208616257,0.024000000208616257,0,0.0,0.0
2019-01-11 00:00:00+01:00,0.024000000208616257,0.024000000208616257,0.024000000208616257,0.024000000208616257,0,0.0,0.0
2019-01-14 00:00:00+01:00,0.024000000208616257,0.024000000208616257,0.024000000208616257,0.024000000208616257,0,0.0,0.0
2019-01-15 00:00:00+01:00,0.024000000208616257,0.024000000208616257,0.024000000208616257,0.024000000208616257,0,0.0,0.0
2019-01-16 00:00:00+01:00,0.024000000208616257,0.024000000208616257,0.024000000208616257,0.024000000208616257,0,0.0,0.0
2019-01-17 00:00:00+01:00,0.024000000208616257,0.024000000208616257,0.024000000208616257,0.024000000208616257,0,0.0,0.0
2019-01-18 00:00:00+01:00,0.024000000208616257,0.024000000208616257,0.024000000208616257,0.024000000208616257,0,0.0,0.0
2019-01-21 00:00:00+01:00,0.024000000208616257,0.024000000208616257,0.024000000208616257,0.024000000208616257,0,0.0,0.0
2019-01-22 00:00:00+01:00,0.024000000208616257,0.024000000208616257,0.024000000208616257,0.024000000208616257,0,0.0,0.0
2019-01-23 00:00:00+01:00,0.024000000208616257,0.024000000208616257,0.024000000208616257,0.024000000208616257,0,0.0,0.0
2019-01-24 00:00:00+01:00,0.024000000208616257,0.024000000208616257,0.024000000208616257,0.024000000208616257,0,0.0,0.0
2019-01-25 00:00:00+01:00,0.024000000208616257,0.024000000208616257,0.024000000208616257,0.024000000208616257,0,0.0,0.0
2019-01-28 00:00:00+01:00,0.024000000208616257,0.024000000208616257,0.024000000208616257,0.024000000208616257,0,0.0,0.0
2019-01-29 00:00:00+01:00,0.024000000208616257,0.024000000208616257,0.024000000208616257,0.024000000208616257,0,0.0,0.0
2019-01-30 00:00:00+01:00,0.024000000208616257,0.024000000208616257,0.024000000208616257,0.024000000208616257,0,0.0,0.0
2019-01-31 00:00:00+01:00,0.023000000044703484,0.023000000044703484,0.023000000044703484,0.023000000044703484,0,0.0,0.0
2019-02-01 00:00:00+01:00,0.024000000208616257,0.024000000208616257,0.024000000208616257,0.024000000208616257,0,0.0,0.0
2019-02-04 00:00:00+01:00,0.024000000208616257,0.024000000208616257,0.024000000208616257,0.024000000208616257,0,0.0,0.0
2019-02-05 00:00:00+01:00,0.024000000208616257,0.024000000208616257,0.024000000208616257,0.024000000208616257,0,0.0,0.0
2019-02-06 00:00:00+01:00,0.024000000208616257,0.024000000208616257,0.024000000208616257,0.024000000208616257,0,0.0,0.0
2019-02-07 00:00:00+01:00,0.024000000208616257,0.024000000208616257,0.024000000208616257,0.024000000208616257,0,0.0,0.0
2019-02-08 00:00:00+01:00,0.024000000208616257,0.024000000208616257,0.024000000208616257,0.024000000208616257,0,0.0,0.0
2019-02-11 00:00:00+01:00,0.024000000208616257,0.024000000208616257,0.024000000208616257,0.024000000208616257,0,0.0,0.0
2019-02-12 00:00:00+01:00,0.02500000037252903,0.02500000037252903,0.02500000037252903,0.02500000037252903,0,0.0,0.0
2019-02-13 00:00:00+01:00,0.02500000037252903,0.02500000037252903,0.02500000037252903,0.02500000037252903,0,0.0,0.0
2019-02-14 00:00:00+01:00,0.027000000700354576,0.027000000700354576,0.027000000700354576,0.027000000700354576,0,0.0,0.0
2019-02-15 00:00:00+01:00,0.028999999165534973,0.028999999165534973,0.028999999165534973,0.028999999165534973,0,0.0,0.0
2019-02-18 00:00:00+01:00,0.03500000014901161,0.03500000014901161,0.03500000014901161,0.03500000014901161,0,0.0,0.0
2019-02-19 00:00:00+01:00,0.03400000184774399,0.03400000184774399,0.03400000184774399,0.03400000184774399,0,0.0,0.0
2019-02-20 00:00:00+01:00,0.03500000014901161,0.03500000014901161,0.03500000014901161,0.03500000014901161,0,0.0,0.0
2019-02-21 00:00:00+01:00,0.039000000804662704,0.039000000804662704,0.039000000804662704,0.039000000804662704,0,0.0,0.0
2019-02-22 00:00:00+01:00,0.04100000113248825,0.04100000113248825,0.04100000113248825,0.04100000113248825,0,0.0,0.0
2019-02-25 00:00:00+01:00,0.03799999877810478,0.03799999877810478,0.03799999877810478,0.03799999877810478,0,0.0,0.0
2019-02-26 00:00:00+01:00,0.039000000804662704,0.039000000804662704,0.039000000804662704,0.039000000804662704,0,0.0,0.0
2019-02-27 00:00:00+01:00,0.03999999910593033,0.03999999910593033,0.03999999910593033,0.03999999910593033,0,0.0,0.0
2019-02-28 00:00:00+01:00,0.03799999877810478,0.03799999877810478,0.03799999877810478,0.03799999877810478,0,0.0,0.0
2019-03-01 00:00:00+01:00,0.03799999877810478,0.03799999877810478,0.03799999877810478,0.03799999877810478,0,0.0,0.0
2019-03-04 00:00:00+01:00,0.03799999877810478,0.03799999877810478,0.03799999877810478,0.03799999877810478,0,0.0,0.0
2019-03-05 00:00:00+01:00,0.03799999877810478,0.03799999877810478,0.03799999877810478,0.03799999877810478,0,0.0,0.0
2019-03-06 00:00:00+01:00,0.03700000047683716,0.03700000047683716,0.03700000047683716,0.03700000047683716,0,0.0,0.0
2019-03-07 00:00:00+01:00,0.039000000804662704,0.039000000804662704,0.039000000804662704,0.039000000804662704,0,0.0,0.0
2019-03-08 00:00:00+01:00,0.039000000804662704,0.039000000804662704,0.039000000804662704,0.039000000804662704,0,0.0,0.0
2019-03-11 00:00:00+01:00,0.03999999910593033,0.03999999910593033,0.03999999910593033,0.03999999910593033,0,0.0,0.0
2019-03-12 00:00:00+01:00,0.05000000074505806,0.05000000074505806,0.05000000074505806,0.05000000074505806,0,0.0,0.0
2019-03-13 00:00:00+01:00,0.04399999976158142,0.04399999976158142,0.04399999976158142,0.04399999976158142,0,0.0,0.0
2019-03-14 00:00:00+01:00,0.041999999433755875,0.041999999433755875,0.041999999433755875,0.041999999433755875,0,0.0,0.0
2019-03-15 00:00:00+01:00,0.041999999433755875,0.041999999433755875,0.041999999433755875,0.041999999433755875,0,0.0,0.0
2019-03-18 00:00:00+01:00,0.04100000113248825,0.04100000113248825,0.04100000113248825,0.04100000113248825,0,0.0,0.0
2019-03-19 00:00:00+01:00,0.041999999433755875,0.041999999433755875,0.041999999433755875,0.041999999433755875,0,0.0,0.0
2019-03-20 00:00:00+01:00,0.04100000113248825,0.04100000113248825,0.04100000113248825,0.04100000113248825,0,0.0,0.0
2019-03-21 00:00:00+01:00,0.0430000014603138,0.0820000022649765,0.0430000014603138,0.0820000022649765,11628,0.0,0.0
2019-03-22 00:00:00+01:00,0.03999999910593033,0.03999999910593033,0.03999999910593033,0.03999999910593033,0,0.0,0.0
2019-03-25 00:00:00+01:00,0.03099999949336052,0.03099999949336052,0.03099999949336052,0.03099999949336052,0,0.0,0.0
2019-03-26 00:00:00+01:00,0.02500000037252903,0.02500000037252903,0.02500000037252903,0.02500000037252903,0,0.0,0.0
2019-03-27 00:00:00+01:00,0.026000000536441803,0.026000000536441803,0.026000000536441803,0.026000000536441803,0,0.0,0.0
2019-03-28 00:00:00+01:00,0.027000000700354576,0.027000000700354576,0.027000000700354576,0.027000000700354576,0,0.0,0.0
2019-03-29 00:00:00+01:00,0.02800000086426735,0.02800000086426735,0.02800000086426735,0.02800000086426735,0,0.0,0.0
2019-04-01 00:00:00+02:00,0.027000000700354576,0.027000000700354576,0.027000000700354576,0.027000000700354576,0,0.0,0.0
2019-04-02 00:00:00+02:00,0.027000000700354576,0.027000000700354576,0.027000000700354576,0.027000000700354576,0,0.0,0.0
2019-04-03 00:00:00+02:00,0.02800000086426735,0.02800000086426735,0.02800000086426735,0.02800000086426735,0,0.0,0.0
2019-04-04 00:00:00+02:00,0.02800000086426735,0.02800000086426735,0.02800000086426735,0.02800000086426735,0,0.0,0.0
2019-04-05 00:00:00+02:00,0.02800000086426735,0.02800000086426735,0.02800000086426735,0.02800000086426735,0,0.0,0.0
2019-04-08 00:00:00+02:00,0.02800000086426735,0.02800000086426735,0.02800000086426735,0.02800000086426735,0,0.0,0.0
2019-04-09 00:00:00+02:00,0.027699999511241913,0.027699999511241913,0.027699999511241913,0.027699999511241913,0,0.0,0.0
2019-04-10 00:00:00+02:00,0.027300000190734863,0.027300000190734863,0.027300000190734863,0.027300000190734863,0,0.0,0.0
2019-04-11 00:00:00+02:00,0.027499999850988388,0.027499999850988388,0.027499999850988388,0.027499999850988388,0,0.0,0.0
2019-04-12 00:00:00+02:00,0.031099999323487282,0.031099999323487282,0.027699999511241913,0.027699999511241913,0,0.0,0.0
2019-04-15 00:00:00+02:00,0.02759999968111515,0.02759999968111515,0.02759999968111515,0.02759999968111515,0,0.0,0.0
2019-04-16 00:00:00+02:00,0.02850000001490116,0.02850000001490116,0.02850000001490116,0.02850000001490116,0,0.0,0.0
2019-04-17 00:00:00+02:00,0.027400000020861626,0.027400000020861626,0.027400000020861626,0.027400000020861626,0,0.0,0.0
2019-04-18 00:00:00+02:00,0.02759999968111515,0.02759999968111515,0.02759999968111515,0.02759999968111515,0,0.0,0.0
2019-04-23 00:00:00+02:00,0.02810000069439411,0.02810000069439411,0.02810000069439411,0.02810000069439411,0,0.0,0.0
2019-04-24 00:00:00+02:00,0.02800000086426735,0.02800000086426735,0.02800000086426735,0.02800000086426735,0,0.0,0.0
2019-04-25 00:00:00+02:00,0.028200000524520874,0.028200000524520874,0.028200000524520874,0.028200000524520874,0,0.0,0.0
2019-04-26 00:00:00+02:00,0.02800000086426735,0.02800000086426735,0.02800000086426735,0.02800000086426735,0,0.0,0.0
2019-04-29 00:00:00+02:00,0.029100000858306885,0.029100000858306885,0.029100000858306885,0.029100000858306885,0,0.0,0.0
2019-04-30 00:00:00+02:00,0.027300000190734863,0.027300000190734863,0.027300000190734863,0.027300000190734863,0,0.0,0.0
2019-05-02 00:00:00+02:00,0.028599999845027924,0.028599999845027924,0.028599999845027924,0.028599999845027924,0,0.0,0.0
2019-05-03 00:00:00+02:00,0.030500000342726707,0.030500000342726707,0.030500000342726707,0.030500000342726707,0,0.0,0.0
2019-05-06 00:00:00+02:00,0.02810000069439411,0.02810000069439411,0.02810000069439411,0.02810000069439411,0,0.0,0.0
2019-05-07 00:00:00+02:00,0.02889999933540821,0.02889999933540821,0.02889999933540821,0.02889999933540821,0,0.0,0.0
2019-05-08 00:00:00+02:00,0.02800000086426735,0.02800000086426735,0.02800000086426735,0.02800000086426735,0,0.0,0.0
2019-05-09 00:00:00+02:00,0.0284000001847744,0.0284000001847744,0.0284000001847744,0.0284000001847744,0,0.0,0.0
2019-05-10 00:00:00+02:00,0.027899999171495438,0.027899999171495438,0.027899999171495438,0.027899999171495438,0,0.0,0.0
2019-05-13 00:00:00+02:00,0.028200000524520874,0.028200000524520874,0.028200000524520874,0.028200000524520874,0,0.0,0.0
2019-05-14 00:00:00+02:00,0.027300000190734863,0.027300000190734863,0.027300000190734863,0.027300000190734863,0,0.0,0.0
2019-05-15 00:00:00+02:00,0.027699999511241913,0.027699999511241913,0.027699999511241913,0.027699999511241913,0,0.0,0.0
2019-05-16 00:00:00+02:00,0.028300000354647636,0.028300000354647636,0.028300000354647636,0.028300000354647636,0,0.0,0.0
2019-05-17 00:00:00+02:00,0.028699999675154686,0.028699999675154686,0.028699999675154686,0.028699999675154686,0,0.0,0.0
2019-05-20 00:00:00+02:00,0.02759999968111515,0.02759999968111515,0.02759999968111515,0.02759999968111515,0,0.0,0.0
2019-05-21 00:00:00+02:00,0.02879999950528145,0.02879999950528145,0.02879999950528145,0.02879999950528145,0,0.0,0.0
2019-05-22 00:00:00+02:00,0.03020000085234642,0.03020000085234642,0.03020000085234642,0.03020000085234642,0,0.0,0.0
2019-05-23 00:00:00+02:00,0.02969999983906746,0.02969999983906746,0.02969999983906746,0.02969999983906746,0,0.0,0.0
2019-05-24 00:00:00+02:00,0.030700000002980232,0.030700000002980232,0.030700000002980232,0.030700000002980232,0,0.0,0.0
2019-05-27 00:00:00+02:00,0.029999999329447746,0.029999999329447746,0.029999999329447746,0.029999999329447746,0,0.0,0.0
2019-05-28 00:00:00+02:00,0.030400000512599945,0.030400000512599945,0.030400000512599945,0.030400000512599945,0,0.0,0.0
2019-05-29 00:00:00+02:00,0.030500000342726707,0.030500000342726707,0.030500000342726707,0.030500000342726707,0,0.0,0.0
2019-05-30 00:00:00+02:00,0.030799999833106995,0.030799999833106995,0.030799999833106995,0.030799999833106995,0,0.0,0.0
2019-05-31 00:00:00+02:00,0.029999999329447746,0.029999999329447746,0.029999999329447746,0.029999999329447746,0,0.0,0.0
2019-06-03 00:00:00+02:00,0.030500000342726707,0.030500000342726707,0.030500000342726707,0.030500000342726707,0,0.0,0.0
2019-06-04 00:00:00+02:00,0.03009999915957451,0.03009999915957451,0.03009999915957451,0.03009999915957451,0,0.0,0.0
2019-06-05 00:00:00+02:00,0.03009999915957451,0.03009999915957451,0.03009999915957451,0.03009999915957451,0,0.0,0.0
2019-06-06 00:00:00+02:00,0.031099999323487282,0.031099999323487282,0.031099999323487282,0.031099999323487282,0,0.0,0.0
2019-06-07 00:00:00+02:00,0.02979999966919422,0.02979999966919422,0.02979999966919422,0.02979999966919422,0,0.0,0.0
2019-06-11 00:00:00+02:00,0.028699999675154686,0.028699999675154686,0.028699999675154686,0.028699999675154686,0,0.0,0.0
2019-06-12 00:00:00+02:00,0.02759999968111515,0.02759999968111515,0.02759999968111515,0.02759999968111515,0,0.0,0.0
2019-06-13 00:00:00+02:00,0.028300000354647636,0.028300000354647636,0.028300000354647636,0.028300000354647636,0,0.0,0.0
2019-06-14 00:00:00+02:00,0.029500000178813934,0.029500000178813934,0.029500000178813934,0.029500000178813934,0,0.0,0.0
2019-06-17 00:00:00+02:00,0.029500000178813934,0.029500000178813934,0.029500000178813934,0.029500000178813934,0,0.0,0.0
2019-06-18 00:00:00+02:00,0.030300000682473183,0.030300000682473183,0.030300000682473183,0.030300000682473183,0,0.0,0.0
2019-06-19 00:00:00+02:00,0.031300000846385956,0.031300000846385956,0.031300000846385956,0.031300000846385956,0,0.0,0.0
2019-06-20 00:00:00+02:00,0.02850000001490116,0.02850000001490116,0.02850000001490116,0.02850000001490116,0,0.0,0.0
2019-06-21 00:00:00+02:00,0.028999999165534973,0.028999999165534973,0.028999999165534973,0.028999999165534973,0,0.0,0.0
2019-06-24 00:00:00+02:00,0.02969999983906746,0.02969999983906746,0.02969999983906746,0.02969999983906746,0,0.0,0.0
2019-06-25 00:00:00+02:00,0.030799999833106995,0.030799999833106995,0.030799999833106995,0.030799999833106995,0,0.0,0.0
2019-06-26 00:00:00+02:00,0.03009999915957451,0.03009999915957451,0.03009999915957451,0.03009999915957451,0,0.0,0.0
2019-06-27 00:00:00+02:00,0.030899999663233757,0.030899999663233757,0.030899999663233757,0.030899999663233757,0,0.0,0.0
2019-06-28 00:00:00+02:00,0.03290000185370445,0.03290000185370445,0.03290000185370445,0.03290000185370445,0,0.0,0.0
2019-07-01 00:00:00+02:00,0.03240000084042549,0.03240000084042549,0.03240000084042549,0.03240000084042549,0,0.0,0.0
2019-07-02 00:00:00+02:00,0.033399999141693115,0.033399999141693115,0.033399999141693115,0.033399999141693115,0,0.0,0.0
2019-07-03 00:00:00+02:00,0.033399999141693115,0.033399999141693115,0.033399999141693115,0.033399999141693115,0,0.0,0.0
2019-07-04 00:00:00+02:00,0.03290000185370445,0.03290000185370445,0.03290000185370445,0.03290000185370445,0,0.0,0.0
2019-07-05 00:00:00+02:00,0.03290000185370445,0.03290000185370445,0.03290000185370445,0.03290000185370445,0,0.0,0.0
2019-07-08 00:00:00+02:00,0.03500000014901161,0.03500000014901161,0.03500000014901161,0.03500000014901161,0,0.0,0.0
2019-07-09 00:00:00+02:00,0.03400000184774399,0.03400000184774399,0.03400000184774399,0.03400000184774399,0,0.0,0.0
2019-07-10 00:00:00+02:00,0.03350000083446503,0.03350000083446503,0.03350000083446503,0.03350000083446503,0,0.0,0.0
2019-07-11 00:00:00+02:00,0.03350000083446503,0.03350000083446503,0.03350000083446503,0.03350000083446503,0,0.0,0.0
2019-07-12 00:00:00+02:00,0.032499998807907104,0.032499998807907104,0.032499998807907104,0.032499998807907104,0,0.0,0.0
2019-07-15 00:00:00+02:00,0.03200000151991844,0.03200000151991844,0.03200000151991844,0.03200000151991844,0,0.0,0.0
2019-07-16 00:00:00+02:00,0.03200000151991844,0.03200000151991844,0.03200000151991844,0.03200000151991844,0,0.0,0.0
2019-07-17 00:00:00+02:00,0.03200000151991844,0.03200000151991844,0.03200000151991844,0.03200000151991844,0,0.0,0.0
2019-07-18 00:00:00+02:00,0.03180000185966492,0.03180000185966492,0.03180000185966492,0.03180000185966492,0,0.0,0.0
2019-07-19 00:00:00+02:00,0.03139999881386757,0.03139999881386757,0.03139999881386757,0.03139999881386757,0,0.0,0.0
2019-07-22 00:00:00+02:00,0.030799999833106995,0.030799999833106995,0.030799999833106995,0.030799999833106995,0,0.0,0.0
2019-07-23 00:00:00+02:00,0.031199999153614044,0.031199999153614044,0.031199999153614044,0.031199999153614044,0,0.0,0.0
2019-07-24 00:00:00+02:00,0.03020000085234642,0.03020000085234642,0.03020000085234642,0.03020000085234642,0,0.0,0.0
2019-07-25 00:00:00+02:00,0.03020000085234642,0.03020000085234642,0.03020000085234642,0.03020000085234642,0,0.0,0.0
2019-07-26 00:00:00+02:00,0.030700000002980232,0.030700000002980232,0.030700000002980232,0.030700000002980232,0,0.0,0.0
2019-07-29 00:00:00+02:00,0.029999999329447746,0.029999999329447746,0.029999999329447746,0.029999999329447746,0,0.0,0.0
2019-07-30 00:00:00+02:00,0.029899999499320984,0.029899999499320984,0.029899999499320984,0.029899999499320984,0,0.0,0.0
2019-07-31 00:00:00+02:00,0.03009999915957451,0.03009999915957451,0.03009999915957451,0.03009999915957451,0,0.0,0.0
2019-08-01 00:00:00+02:00,0.02969999983906746,0.02969999983906746,0.02969999983906746,0.02969999983906746,0,0.0,0.0
2019-08-02 00:00:00+02:00,0.02930000051856041,0.02930000051856041,0.02930000051856041,0.02930000051856041,0,0.0,0.0
2019-08-05 00:00:00+02:00,0.02930000051856041,0.02930000051856041,0.02930000051856041,0.02930000051856041,0,0.0,0.0
2019-08-06 00:00:00+02:00,0.027499999850988388,0.027499999850988388,0.027499999850988388,0.027499999850988388,0,0.0,0.0
2019-08-07 00:00:00+02:00,0.027499999850988388,0.027499999850988388,0.027499999850988388,0.027499999850988388,0,0.0,0.0
2019-08-08 00:00:00+02:00,0.027799999341368675,0.027799999341368675,0.027799999341368675,0.027799999341368675,0,0.0,0.0
2019-08-09 00:00:00+02:00,0.02810000069439411,0.02810000069439411,0.02810000069439411,0.02810000069439411,0,0.0,0.0
2019-08-12 00:00:00+02:00,0.027699999511241913,0.027699999511241913,0.027699999511241913,0.027699999511241913,0,0.0,0.0
2019-08-13 00:00:00+02:00,0.027499999850988388,0.027499999850988388,0.027499999850988388,0.027499999850988388,0,0.0,0.0
2019-08-14 00:00:00+02:00,0.02759999968111515,0.02759999968111515,0.02759999968111515,0.02759999968111515,0,0.0,0.0
2019-08-15 00:00:00+02:00,0.0272000003606081,0.0272000003606081,0.0272000003606081,0.0272000003606081,0,0.0,0.0
2019-08-16 00:00:00+02:00,0.027699999511241913,0.027699999511241913,0.027699999511241913,0.027699999511241913,0,0.0,0.0
2019-08-19 00:00:00+02:00,0.02800000086426735,0.02800000086426735,0.02800000086426735,0.02800000086426735,0,0.0,0.0
2019-08-20 00:00:00+02:00,0.027400000020861626,0.027400000020861626,0.027400000020861626,0.027400000020861626,0,0.0,0.0
2019-08-21 00:00:00+02:00,0.026799999177455902,0.026799999177455902,0.026799999177455902,0.026799999177455902,0,0.0,0.0
2019-08-22 00:00:00+02:00,0.027699999511241913,0.027699999511241913,0.027699999511241913,0.027699999511241913,0,0.0,0.0
2019-08-23 00:00:00+02:00,0.02810000069439411,0.02810000069439411,0.02810000069439411,0.02810000069439411,0,0.0,0.0
2019-08-26 00:00:00+02:00,0.026900000870227814,0.026900000870227814,0.026900000870227814,0.026900000870227814,0,0.0,0.0
2019-08-27 00:00:00+02:00,0.026799999177455902,0.026799999177455902,0.026799999177455902,0.026799999177455902,0,0.0,0.0
2019-08-28 00:00:00+02:00,0.026799999177455902,0.026799999177455902,0.026799999177455902,0.026799999177455902,0,0.0,0.0
2019-08-29 00:00:00+02:00,0.027699999511241913,0.027699999511241913,0.027699999511241913,0.027699999511241913,0,0.0,0.0
2019-08-30 00:00:00+02:00,0.02759999968111515,0.02759999968111515,0.02759999968111515,0.02759999968111515,0,0.0,0.0
2019-09-02 00:00:00+02:00,0.027499999850988388,0.027499999850988388,0.027499999850988388,0.027499999850988388,0,0.0,0.0
2019-09-03 00:00:00+02:00,0.027499999850988388,0.027499999850988388,0.027499999850988388,0.027499999850988388,0,0.0,0.0
2019-09-04 00:00:00+02:00,0.027300000190734863,0.027300000190734863,0.027300000190734863,0.027300000190734863,0,0.0,0.0
2019-09-05 00:00:00+02:00,0.027400000020861626,0.027400000020861626,0.027400000020861626,0.027400000020861626,0,0.0,0.0
2019-09-06 00:00:00+02:00,0.02710000053048134,0.02710000053048134,0.02710000053048134,0.02710000053048134,0,0.0,0.0
2019-09-09 00:00:00+02:00,0.02879999950528145,0.02879999950528145,0.02879999950528145,0.02879999950528145,0,0.0,0.0
2019-09-10 00:00:00+02:00,0.028200000524520874,0.028200000524520874,0.028200000524520874,0.028200000524520874,0,0.0,0.0
2019-09-11 00:00:00+02:00,0.028999999165534973,0.028999999165534973,0.028999999165534973,0.028999999165534973,0,0.0,0.0
2019-09-12 00:00:00+02:00,0.02930000051856041,0.02930000051856041,0.02930000051856041,0.02930000051856041,0,0.0,0.0
2019-09-13 00:00:00+02:00,0.030799999833106995,0.030799999833106995,0.030799999833106995,0.030799999833106995,0,0.0,0.0
2019-09-16 00:00:00+02:00,0.03099999949336052,0.03099999949336052,0.03099999949336052,0.03099999949336052,0,0.0,0.0
2019-09-17 00:00:00+02:00,0.031599998474121094,0.031599998474121094,0.031599998474121094,0.031599998474121094,0,0.0,0.0
2019-09-18 00:00:00+02:00,0.03189999982714653,0.03189999982714653,0.03189999982714653,0.03189999982714653,0,0.0,0.0
2019-09-19 00:00:00+02:00,0.03229999914765358,0.03229999914765358,0.03229999914765358,0.03229999914765358,0,0.0,0.0
2019-09-20 00:00:00+02:00,0.03189999982714653,0.03189999982714653,0.03189999982714653,0.03189999982714653,0,0.0,0.0
2019-09-23 00:00:00+02:00,0.031700000166893005,0.031700000166893005,0.031700000166893005,0.031700000166893005,0,0.0,0.0
2019-09-24 00:00:00+02:00,0.03449999913573265,0.03449999913573265,0.03449999913573265,0.03449999913573265,0,0.0,0.0
2019-09-25 00:00:00+02:00,0.031599998474121094,0.031599998474121094,0.031599998474121094,0.031599998474121094,0,0.0,0.0
2019-09-26 00:00:00+02:00,0.03200000151991844,0.03200000151991844,0.03200000151991844,0.03200000151991844,0,0.0,0.0
2019-09-27 00:00:00+02:00,0.03189999982714653,0.03189999982714653,0.03189999982714653,0.03189999982714653,0,0.0,0.0
2019-09-30 00:00:00+02:00,0.032999999821186066,0.032999999821186066,0.032999999821186066,0.032999999821186066,0,0.0,0.0
2019-10-01 00:00:00+02:00,0.032999999821186066,0.032999999821186066,0.032999999821186066,0.032999999821186066,0,0.0,0.0
2019-10-02 00:00:00+02:00,0.03150000050663948,0.03150000050663948,0.03150000050663948,0.03150000050663948,0,0.0,0.0
2019-10-04 00:00:00+02:00,0.03200000151991844,0.03200000151991844,0.03200000151991844,0.03200000151991844,0,0.0,0.0
2019-10-07 00:00:00+02:00,0.03200000151991844,0.03200000151991844,0.03200000151991844,0.03200000151991844,0,0.0,0.0
2019-10-08 00:00:00+02:00,0.03150000050663948,0.03150000050663948,0.03150000050663948,0.03150000050663948,0,0.0,0.0
2019-10-09 00:00:00+02:00,0.03150000050663948,0.03150000050663948,0.03150000050663948,0.03150000050663948,0,0.0,0.0
2019-10-10 00:00:00+02:00,0.032499998807907104,0.032499998807907104,0.032499998807907104,0.032499998807907104,0,0.0,0.0
2019-10-11 00:00:00+02:00,0.03200000151991844,0.03200000151991844,0.03200000151991844,0.03200000151991844,0,0.0,0.0
2019-10-14 00:00:00+02:00,0.03150000050663948,0.03150000050663948,0.03150000050663948,0.03150000050663948,0,0.0,0.0
2019-10-15 00:00:00+02:00,0.032499998807907104,0.032499998807907104,0.032499998807907104,0.032499998807907104,0,0.0,0.0
2019-10-16 00:00:00+02:00,0.032999999821186066,0.032999999821186066,0.032999999821186066,0.032999999821186066,0,0.0,0.0
2019-10-17 00:00:00+02:00,0.03099999949336052,0.03099999949336052,0.03099999949336052,0.03099999949336052,0,0.0,0.0
2019-10-18 00:00:00+02:00,0.030500000342726707,0.030500000342726707,0.030500000342726707,0.030500000342726707,0,0.0,0.0
2019-10-21 00:00:00+02:00,0.029999999329447746,0.029999999329447746,0.029999999329447746,0.029999999329447746,0,0.0,0.0
2019-10-22 00:00:00+02:00,0.030500000342726707,0.030500000342726707,0.030500000342726707,0.030500000342726707,0,0.0,0.0
2019-10-23 00:00:00+02:00,0.030500000342726707,0.030500000342726707,0.030500000342726707,0.030500000342726707,0,0.0,0.0
2019-10-24 00:00:00+02:00,0.029999999329447746,0.029999999329447746,0.029999999329447746,0.029999999329447746,0,0.0,0.0
2019-10-25 00:00:00+02:00,0.03099999949336052,0.03099999949336052,0.03099999949336052,0.03099999949336052,0,0.0,0.0
2019-10-28 00:00:00+01:00,0.03099999949336052,0.03099999949336052,0.03099999949336052,0.03099999949336052,0,0.0,0.0
2019-10-29 00:00:00+01:00,0.03099999949336052,0.03099999949336052,0.03099999949336052,0.03099999949336052,0,0.0,0.0
2019-10-30 00:00:00+01:00,0.03099999949336052,0.03099999949336052,0.03099999949336052,0.03099999949336052,0,0.0,0.0
2019-10-31 00:00:00+01:00,0.030500000342726707,0.030500000342726707,0.030500000342726707,0.030500000342726707,0,0.0,0.0
2019-11-01 00:00:00+01:00,0.03099999949336052,0.03099999949336052,0.03099999949336052,0.03099999949336052,0,0.0,0.0
2019-11-04 00:00:00+01:00,0.029500000178813934,0.029500000178813934,0.029500000178813934,0.029500000178813934,0,0.0,0.0
2019-11-05 00:00:00+01:00,0.029999999329447746,0.029999999329447746,0.029999999329447746,0.029999999329447746,0,0.0,0.0
2019-11-06 00:00:00+01:00,0.029500000178813934,0.029500000178813934,0.029500000178813934,0.029500000178813934,0,0.0,0.0
2019-11-07 00:00:00+01:00,0.05700000002980232,0.05700000002980232,0.05700000002980232,0.05700000002980232,0,0.0,0.0
2019-11-08 00:00:00+01:00,0.05000000074505806,0.05000000074505806,0.05000000074505806,0.05000000074505806,0,0.0,0.0
2019-11-11 00:00:00+01:00,0.05050000175833702,0.05050000175833702,0.05050000175833702,0.05050000175833702,0,0.0,0.0
2019-11-12 00:00:00+01:00,0.050999999046325684,0.050999999046325684,0.050999999046325684,0.050999999046325684,0,0.0,0.0
2019-11-13 00:00:00+01:00,0.05000000074505806,0.05000000074505806,0.05000000074505806,0.05000000074505806,0,0.0,0.0
2019-11-14 00:00:00+01:00,0.045499999076128006,0.045499999076128006,0.045499999076128006,0.045499999076128006,0,0.0,0.0
2019-11-15 00:00:00+01:00,0.04450000077486038,0.04450000077486038,0.04450000077486038,0.04450000077486038,0,0.0,0.0
2019-11-18 00:00:00+01:00,0.04749999940395355,0.04749999940395355,0.04749999940395355,0.04749999940395355,0,0.0,0.0
2019-11-19 00:00:00+01:00,0.04650000110268593,0.04650000110268593,0.04650000110268593,0.04650000110268593,0,0.0,0.0
2019-11-20 00:00:00+01:00,0.04800000041723251,0.04800000041723251,0.04800000041723251,0.04800000041723251,0,0.0,0.0
2019-11-21 00:00:00+01:00,0.04500000178813934,0.04500000178813934,0.04500000178813934,0.04500000178813934,0,0.0,0.0
2019-11-22 00:00:00+01:00,0.04500000178813934,0.04500000178813934,0.04500000178813934,0.04500000178813934,0,0.0,0.0
2019-11-25 00:00:00+01:00,0.04650000110268593,0.04650000110268593,0.04650000110268593,0.04650000110268593,0,0.0,0.0
2019-11-26 00:00:00+01:00,0.04699999839067459,0.04699999839067459,0.04699999839067459,0.04699999839067459,0,0.0,0.0
2019-11-27 00:00:00+01:00,0.04650000110268593,0.05000000074505806,0.04650000110268593,0.05000000074505806,3000,0.0,0.0
2019-11-28 00:00:00+01:00,0.045499999076128006,0.045499999076128006,0.045499999076128006,0.045499999076128006,0,0.0,0.0
2019-11-29 00:00:00+01:00,0.04600000008940697,0.04600000008940697,0.04600000008940697,0.04600000008940697,0,0.0,0.0
2019-12-02 00:00:00+01:00,0.045499999076128006,0.045499999076128006,0.045499999076128006,0.045499999076128006,0,0.0,0.0
2019-12-03 00:00:00+01:00,0.045499999076128006,0.045499999076128006,0.045499999076128006,0.045499999076128006,0,0.0,0.0
2019-12-04 00:00:00+01:00,0.04500000178813934,0.04500000178813934,0.04500000178813934,0.04500000178813934,0,0.0,0.0
2019-12-05 00:00:00+01:00,0.045499999076128006,0.045499999076128006,0.045499999076128006,0.045499999076128006,0,0.0,0.0
2019-12-06 00:00:00+01:00,0.04600000008940697,0.04600000008940697,0.04600000008940697,0.04600000008940697,0,0.0,0.0
2019-12-09 00:00:00+01:00,0.048500001430511475,0.048500001430511475,0.048500001430511475,0.048500001430511475,0,0.0,0.0
2019-12-10 00:00:00+01:00,0.054999999701976776,0.054999999701976776,0.054999999701976776,0.054999999701976776,0,0.0,0.0
2019-12-11 00:00:00+01:00,0.05000000074505806,0.05000000074505806,0.05000000074505806,0.05000000074505806,0,0.0,0.0
2019-12-12 00:00:00+01:00,0.04800000041723251,0.04800000041723251,0.04800000041723251,0.04800000041723251,0,0.0,0.0
2019-12-13 00:00:00+01:00,0.061000000685453415,0.061000000685453415,0.061000000685453415,0.061000000685453415,0,0.0,0.0
2019-12-16 00:00:00+01:00,0.061000000685453415,0.061000000685453415,0.061000000685453415,0.061000000685453415,0,0.0,0.0
2019-12-17 00:00:00+01:00,0.061000000685453415,0.061000000685453415,0.061000000685453415,0.061000000685453415,0,0.0,0.0
2019-12-18 00:00:00+01:00,0.061000000685453415,0.061000000685453415,0.061000000685453415,0.061000000685453415,0,0.0,0.0
2019-12-19 00:00:00+01:00,0.061000000685453415,0.061000000685453415,0.061000000685453415,0.061000000685453415,0,0.0,0.0
2019-12-20 00:00:00+01:00,0.061000000685453415,0.061000000685453415,0.061000000685453415,0.061000000685453415,0,0.0,0.0
2019-12-23 00:00:00+01:00,0.061000000685453415,0.061000000685453415,0.061000000685453415,0.061000000685453415,0,0.0,0.0
2019-12-27 00:00:00+01:00,0.061000000685453415,0.061000000685453415,0.061000000685453415,0.061000000685453415,0,0.0,0.0
2019-12-30 00:00:00+01:00,0.061000000685453415,0.061000000685453415,0.061000000685453415,0.061000000685453415,0,0.0,0.0
2020-01-02 00:00:00+01:00,0.061000000685453415,0.061000000685453415,0.061000000685453415,0.061000000685453415,0,0.0,0.0
2020-01-03 00:00:00+01:00,0.061000000685453415,0.061000000685453415,0.061000000685453415,0.061000000685453415,0,0.0,0.0
2020-01-06 00:00:00+01:00,0.061000000685453415,0.061000000685453415,0.061000000685453415,0.061000000685453415,0,0.0,0.0
2020-01-07 00:00:00+01:00,0.061000000685453415,0.061000000685453415,0.061000000685453415,0.061000000685453415,0,0.0,0.0
2020-01-08 00:00:00+01:00,0.061000000685453415,0.061000000685453415,0.061000000685453415,0.061000000685453415,0,0.0,0.0
2020-01-09 00:00:00+01:00,0.061000000685453415,0.061000000685453415,0.061000000685453415,0.061000000685453415,0,0.0,0.0
2020-01-10 00:00:00+01:00,0.061000000685453415,0.061000000685453415,0.061000000685453415,0.061000000685453415,0,0.0,0.0
2020-01-13 00:00:00+01:00,0.057999998331069946,0.057999998331069946,0.057999998331069946,0.057999998331069946,0,0.0,0.0
2020-01-14 00:00:00+01:00,0.06499999761581421,0.06499999761581421,0.06499999761581421,0.06499999761581421,0,0.0,0.0
2020-01-15 00:00:00+01:00,0.06499999761581421,0.06499999761581421,0.06499999761581421,0.06499999761581421,0,0.0,0.0
2020-01-16 00:00:00+01:00,0.06549999862909317,0.06549999862909317,0.06549999862909317,0.06549999862909317,0,0.0,0.0
2020-01-17 00:00:00+01:00,0.06350000202655792,0.06350000202655792,0.06350000202655792,0.06350000202655792,0,0.0,0.0
2020-01-20 00:00:00+01:00,0.06750000268220901,0.06750000268220901,0.06750000268220901,0.06750000268220901,0,0.0,0.0
2020-01-21 00:00:00+01:00,0.06499999761581421,0.06499999761581421,0.06499999761581421,0.06499999761581421,0,0.0,0.0
2020-01-22 00:00:00+01:00,0.0625,0.0625,0.0625,0.0625,0,0.0,0.0
2020-01-23 00:00:00+01:00,0.057500001043081284,0.057500001043081284,0.057500001043081284,0.057500001043081284,0,0.0,0.0
2020-01-24 00:00:00+01:00,0.05700000002980232,0.05700000002980232,0.05700000002980232,0.05700000002980232,0,0.0,0.0
2020-01-27 00:00:00+01:00,0.057500001043081284,0.057500001043081284,0.057500001043081284,0.057500001043081284,0,0.0,0.0
2020-01-28 00:00:00+01:00,0.057500001043081284,0.057500001043081284,0.057500001043081284,0.057500001043081284,0,0.0,0.0
2020-01-29 00:00:00+01:00,0.050999999046325684,0.050999999046325684,0.050999999046325684,0.050999999046325684,0,0.0,0.0
2020-01-30 00:00:00+01:00,0.05400000140070915,0.05400000140070915,0.05400000140070915,0.05400000140070915,0,0.0,0.0
2020-01-31 00:00:00+01:00,0.054499998688697815,0.054499998688697815,0.054499998688697815,0.054499998688697815,0,0.0,0.0
2020-02-03 00:00:00+01:00,0.05900000035762787,0.05900000035762787,0.05900000035762787,0.05900000035762787,0,0.0,0.0
2020-02-04 00:00:00+01:00,0.057999998331069946,0.057999998331069946,0.057999998331069946,0.057999998331069946,0,0.0,0.0
2020-02-05 00:00:00+01:00,0.05649999901652336,0.05649999901652336,0.05649999901652336,0.05649999901652336,0,0.0,0.0
2020-02-06 00:00:00+01:00,0.05649999901652336,0.05649999901652336,0.05649999901652336,0.05649999901652336,0,0.0,0.0
2020-02-07 00:00:00+01:00,0.054499998688697815,0.054499998688697815,0.054499998688697815,0.054499998688697815,0,0.0,0.0
2020-02-10 00:00:00+01:00,0.05400000140070915,0.05400000140070915,0.05400000140070915,0.05400000140070915,0,0.0,0.0
2020-02-11 00:00:00+01:00,0.052000001072883606,0.052000001072883606,0.052000001072883606,0.052000001072883606,0,0.0,0.0
2020-02-12 00:00:00+01:00,0.054999999701976776,0.054999999701976776,0.054999999701976776,0.054999999701976776,0,0.0,0.0
2020-02-13 00:00:00+01:00,0.054999999701976776,0.054999999701976776,0.054999999701976776,0.054999999701976776,0,0.0,0.0
2020-02-14 00:00:00+01:00,0.0560000017285347,0.0560000017285347,0.0560000017285347,0.0560000017285347,0,0.0,0.0
2020-02-17 00:00:00+01:00,0.05649999901652336,0.05649999901652336,0.05649999901652336,0.05649999901652336,0,0.0,0.0
2020-02-18 00:00:00+01:00,0.05649999901652336,0.05649999901652336,0.05649999901652336,0.05649999901652336,0,0.0,0.0
2020-02-19 00:00:00+01:00,0.05649999901652336,0.05649999901652336,0.05649999901652336,0.05649999901652336,0,0.0,0.0
2020-02-20 00:00:00+01:00,0.054499998688697815,0.054499998688697815,0.054499998688697815,0.054499998688697815,0,0.0,0.0
2020-02-21 00:00:00+01:00,0.054999999701976776,0.054999999701976776,0.054999999701976776,0.054999999701976776,0,0.0,0.0
2020-02-24 00:00:00+01:00,0.05249999836087227,0.05249999836087227,0.05249999836087227,0.05249999836087227,0,0.0,0.0
2020-02-25 00:00:00+01:00,0.05400000140070915,0.05400000140070915,0.05400000140070915,0.05400000140070915,0,0.0,0.0
2020-02-26 00:00:00+01:00,0.05299999937415123,0.05299999937415123,0.05299999937415123,0.05299999937415123,0,0.0,0.0
2020-02-27 00:00:00+01:00,0.05350000038743019,0.05350000038743019,0.05350000038743019,0.05350000038743019,0,0.0,0.0
2020-02-28 00:00:00+01:00,0.050999999046325684,0.050999999046325684,0.050999999046325684,0.050999999046325684,0,0.0,0.0
2020-03-02 00:00:00+01:00,0.052000001072883606,0.052000001072883606,0.052000001072883606,0.052000001072883606,0,0.0,0.0
2020-03-03 00:00:00+01:00,0.05249999836087227,0.05249999836087227,0.05249999836087227,0.05249999836087227,0,0.0,0.0
2020-03-04 00:00:00+01:00,0.051500000059604645,0.051500000059604645,0.051500000059604645,0.051500000059604645,0,0.0,0.0
2020-03-05 00:00:00+01:00,0.05249999836087227,0.05249999836087227,0.05249999836087227,0.05249999836087227,0,0.0,0.0
2020-03-06 00:00:00+01:00,0.05050000175833702,0.05050000175833702,0.05050000175833702,0.05050000175833702,0,0.0,0.0
2020-03-09 00:00:00+01:00,0.048500001430511475,0.048500001430511475,0.048500001430511475,0.048500001430511475,0,0.0,0.0
2020-03-10 00:00:00+01:00,0.04749999940395355,0.04749999940395355,0.04749999940395355,0.04749999940395355,0,0.0,0.0
2020-03-11 00:00:00+01:00,0.04650000110268593,0.04650000110268593,0.04650000110268593,0.04650000110268593,0,0.0,0.0
2020-03-12 00:00:00+01:00,0.04699999839067459,0.04699999839067459,0.04699999839067459,0.04699999839067459,0,0.0,0.0
2020-03-13 00:00:00+01:00,0.04450000077486038,0.04450000077486038,0.04450000077486038,0.04450000077486038,0,0.0,0.0
2020-03-16 00:00:00+01:00,0.04600000008940697,0.04600000008940697,0.04600000008940697,0.04600000008940697,0,0.0,0.0
2020-03-17 00:00:00+01:00,0.041999999433755875,0.041999999433755875,0.041999999433755875,0.041999999433755875,0,0.0,0.0
2020-03-18 00:00:00+01:00,0.042500000447034836,0.042500000447034836,0.042500000447034836,0.042500000447034836,0,0.0,0.0
2020-03-19 00:00:00+01:00,0.03700000047683716,0.03700000047683716,0.03700000047683716,0.03700000047683716,0,0.0,0.0
2020-03-20 00:00:00+01:00,0.03799999877810478,0.03799999877810478,0.03799999877810478,0.03799999877810478,0,0.0,0.0
2020-03-23 00:00:00+01:00,0.03799999877810478,0.03799999877810478,0.03799999877810478,0.03799999877810478,0,0.0,0.0
2020-03-24 00:00:00+01:00,0.03799999877810478,0.03799999877810478,0.03799999877810478,0.03799999877810478,0,0.0,0.0
2020-03-25 00:00:00+01:00,0.03799999877810478,0.03799999877810478,0.03799999877810478,0.03799999877810478,0,0.0,0.0
2020-03-26 00:00:00+01:00,0.03750000149011612,0.03750000149011612,0.03750000149011612,0.03750000149011612,0,0.0,0.0
2020-03-27 00:00:00+01:00,0.035999998450279236,0.035999998450279236,0.035999998450279236,0.035999998450279236,0,0.0,0.0
2020-03-30 00:00:00+02:00,0.03550000116229057,0.03550000116229057,0.03550000116229057,0.03550000116229057,0,0.0,0.0
2020-03-31 00:00:00+02:00,0.0364999994635582,0.0364999994635582,0.0364999994635582,0.0364999994635582,0,0.0,0.0
2020-04-01 00:00:00+02:00,0.03849999979138374,0.03849999979138374,0.03849999979138374,0.03849999979138374,0,0.0,0.0
2020-04-02 00:00:00+02:00,0.03700000047683716,0.03700000047683716,0.03700000047683716,0.03700000047683716,0,0.0,0.0
2020-04-03 00:00:00+02:00,0.03750000149011612,0.03750000149011612,0.03750000149011612,0.03750000149011612,0,0.0,0.0
2020-04-06 00:00:00+02:00,0.03750000149011612,0.03750000149011612,0.03750000149011612,0.03750000149011612,0,0.0,0.0
2020-04-07 00:00:00+02:00,0.03750000149011612,0.03750000149011612,0.03750000149011612,0.03750000149011612,0,0.0,0.0
2020-04-08 00:00:00+02:00,0.0364999994635582,0.0364999994635582,0.0364999994635582,0.0364999994635582,0,0.0,0.0
2020-04-09 00:00:00+02:00,0.042500000447034836,0.042500000447034836,0.042500000447034836,0.042500000447034836,0,0.0,0.0
2020-04-14 00:00:00+02:00,0.03849999979138374,0.03849999979138374,0.03849999979138374,0.03849999979138374,0,0.0,0.0
2020-04-15 00:00:00+02:00,0.04149999842047691,0.04149999842047691,0.04149999842047691,0.04149999842047691,0,0.0,0.0
2020-04-16 00:00:00+02:00,0.04100000113248825,0.04100000113248825,0.04100000113248825,0.04100000113248825,0,0.0,0.0
2020-04-17 00:00:00+02:00,0.04349999874830246,0.04349999874830246,0.04349999874830246,0.04349999874830246,0,0.0,0.0
2020-04-20 00:00:00+02:00,0.0430000014603138,0.0430000014603138,0.0430000014603138,0.0430000014603138,0,0.0,0.0
2020-04-21 00:00:00+02:00,0.04450000077486038,0.04450000077486038,0.04450000077486038,0.04450000077486038,0,0.0,0.0
2020-04-22 00:00:00+02:00,0.048500001430511475,0.048500001430511475,0.048500001430511475,0.048500001430511475,0,0.0,0.0
2020-04-23 00:00:00+02:00,0.051500000059604645,0.051500000059604645,0.051500000059604645,0.051500000059604645,0,0.0,0.0
2020-04-24 00:00:00+02:00,0.052000001072883606,0.052000001072883606,0.052000001072883606,0.052000001072883606,0,0.0,0.0
2020-04-27 00:00:00+02:00,0.05649999901652336,0.05649999901652336,0.05649999901652336,0.05649999901652336,0,0.0,0.0
2020-04-28 00:00:00+02:00,0.05550000071525574,0.05550000071525574,0.05550000071525574,0.05550000071525574,0,0.0,0.0
2020-04-29 00:00:00+02:00,0.054999999701976776,0.054999999701976776,0.054999999701976776,0.054999999701976776,0,0.0,0.0
2020-04-30 00:00:00+02:00,0.054999999701976776,0.054999999701976776,0.054999999701976776,0.054999999701976776,0,0.0,0.0
2020-05-04 00:00:00+02:00,0.052000001072883606,0.052000001072883606,0.052000001072883606,0.052000001072883606,0,0.0,0.0
2020-05-05 00:00:00+02:00,0.054499998688697815,0.054499998688697815,0.054499998688697815,0.054499998688697815,0,0.0,0.0
2020-05-06 00:00:00+02:00,0.05550000071525574,0.05550000071525574,0.05550000071525574,0.05550000071525574,0,0.0,0.0
2020-05-07 00:00:00+02:00,0.05649999901652336,0.05649999901652336,0.05649999901652336,0.05649999901652336,0,0.0,0.0
2020-05-08 00:00:00+02:00,0.054999999701976776,0.054999999701976776,0.054999999701976776,0.054999999701976776,0,0.0,0.0
2020-05-11 00:00:00+02:00,0.05550000071525574,0.05550000071525574,0.05550000071525574,0.05550000071525574,0,0.0,0.0
2020-05-12 00:00:00+02:00,0.0560000017285347,0.0560000017285347,0.0560000017285347,0.0560000017285347,0,0.0,0.0
2020-05-13 00:00:00+02:00,0.0560000017285347,0.0560000017285347,0.0560000017285347,0.0560000017285347,0,0.0,0.0
2020-05-14 00:00:00+02:00,0.0560000017285347,0.0560000017285347,0.0560000017285347,0.0560000017285347,0,0.0,0.0
2020-05-15 00:00:00+02:00,0.05900000035762787,0.05900000035762787,0.05900000035762787,0.05900000035762787,0,0.0,0.0
2020-05-18 00:00:00+02:00,0.05999999865889549,0.05999999865889549,0.05999999865889549,0.05999999865889549,0,0.0,0.0
2020-05-19 00:00:00+02:00,0.061000000685453415,0.061000000685453415,0.061000000685453415,0.061000000685453415,0,0.0,0.0
2020-05-20 00:00:00+02:00,0.06300000101327896,0.06300000101327896,0.06300000101327896,0.06300000101327896,0,0.0,0.0
2020-05-21 00:00:00+02:00,0.06449999660253525,0.06449999660253525,0.06449999660253525,0.06449999660253525,0,0.0,0.0
2020-05-22 00:00:00+02:00,0.06300000101327896,0.06300000101327896,0.06300000101327896,0.06300000101327896,0,0.0,0.0
2020-05-25 00:00:00+02:00,0.0625,0.0625,0.0625,0.0625,0,0.0,0.0
2020-05-26 00:00:00+02:00,0.06499999761581421,0.06499999761581421,0.06499999761581421,0.06499999761581421,0,0.0,0.0
2020-05-27 00:00:00+02:00,0.06449999660253525,0.06449999660253525,0.06449999660253525,0.06449999660253525,0,0.0,0.0
2020-05-28 00:00:00+02:00,0.06599999964237213,0.06599999964237213,0.06599999964237213,0.06599999964237213,0,0.0,0.0
2020-05-29 00:00:00+02:00,0.06549999862909317,0.06549999862909317,0.06549999862909317,0.06549999862909317,0,0.0,0.0
2020-06-02 00:00:00+02:00,0.06499999761581421,0.06499999761581421,0.06499999761581421,0.06499999761581421,0,0.0,0.0
2020-06-03 00:00:00+02:00,0.06750000268220901,0.06750000268220901,0.06750000268220901,0.06750000268220901,0,0.0,0.0
2020-06-04 00:00:00+02:00,0.06800000369548798,0.06800000369548798,0.06800000369548798,0.06800000369548798,0,0.0,0.0
2020-06-05 00:00:00+02:00,0.06650000065565109,0.06650000065565109,0.06650000065565109,0.06650000065565109,0,0.0,0.0
2020-06-08 00:00:00+02:00,0.06849999725818634,0.06849999725818634,0.06849999725818634,0.06849999725818634,0,0.0,0.0
2020-06-09 00:00:00+02:00,0.06949999928474426,0.06949999928474426,0.06949999928474426,0.06949999928474426,0,0.0,0.0
2020-06-10 00:00:00+02:00,0.0689999982714653,0.0689999982714653,0.0689999982714653,0.0689999982714653,0,0.0,0.0
2020-06-11 00:00:00+02:00,0.06800000369548798,0.06800000369548798,0.06800000369548798,0.06800000369548798,0,0.0,0.0
2020-06-12 00:00:00+02:00,0.06750000268220901,0.06750000268220901,0.06750000268220901,0.06750000268220901,0,0.0,0.0
2020-06-15 00:00:00+02:00,0.07050000131130219,0.07050000131130219,0.07050000131130219,0.07050000131130219,0,0.0,0.0
2020-06-16 00:00:00+02:00,0.07199999690055847,0.07199999690055847,0.07199999690055847,0.07199999690055847,0,0.0,0.0
2020-06-17 00:00:00+02:00,0.07249999791383743,0.07249999791383743,0.07249999791383743,0.07249999791383743,0,0.0,0.0
2020-06-18 00:00:00+02:00,0.07400000095367432,0.07400000095367432,0.07400000095367432,0.07400000095367432,0,0.0,0.0
2020-06-19 00:00:00+02:00,0.07249999791383743,0.07249999791383743,0.07249999791383743,0.07249999791383743,0,0.0,0.0
2020-06-22 00:00:00+02:00,0.07349999994039536,0.07349999994039536,0.07349999994039536,0.07349999994039536,0,0.0,0.0
2020-06-23 00:00:00+02:00,0.07100000232458115,0.07100000232458115,0.07100000232458115,0.07100000232458115,0,0.0,0.0
2020-06-24 00:00:00+02:00,0.0689999982714653,0.0689999982714653,0.0689999982714653,0.0689999982714653,0,0.0,0.0
2020-06-25 00:00:00+02:00,0.06949999928474426,0.06949999928474426,0.06949999928474426,0.06949999928474426,0,0.0,0.0
2020-06-26 00:00:00+02:00,0.06750000268220901,0.06750000268220901,0.06750000268220901,0.06750000268220901,0,0.0,0.0
2020-06-29 00:00:00+02:00,0.06650000065565109,0.06650000065565109,0.06650000065565109,0.06650000065565109,0,0.0,0.0
2020-06-30 00:00:00+02:00,0.06700000166893005,0.06700000166893005,0.06700000166893005,0.06700000166893005,0,0.0,0.0
2020-07-01 00:00:00+02:00,0.06849999725818634,0.06849999725818634,0.06849999725818634,0.06849999725818634,0,0.0,0.0
2020-07-02 00:00:00+02:00,0.06750000268220901,0.06750000268220901,0.06750000268220901,0.06750000268220901,0,0.0,0.0
2020-07-03 00:00:00+02:00,0.06949999928474426,0.06949999928474426,0.06949999928474426,0.06949999928474426,0,0.0,0.0
2020-07-06 00:00:00+02:00,0.07249999791383743,0.07249999791383743,0.07249999791383743,0.07249999791383743,0,0.0,0.0
2020-07-07 00:00:00+02:00,0.0689999982714653,0.0689999982714653,0.0689999982714653,0.0689999982714653,0,0.0,0.0
2020-07-08 00:00:00+02:00,0.07050000131130219,0.07050000131130219,0.07050000131130219,0.07050000131130219,0,0.0,0.0
2020-07-09 00:00:00+02:00,0.07249999791383743,0.07249999791383743,0.07249999791383743,0.07249999791383743,0,0.0,0.0
2020-07-10 00:00:00+02:00,0.07100000232458115,0.07100000232458115,0.07100000232458115,0.07100000232458115,0,0.0,0.0
2020-07-13 00:00:00+02:00,0.07050000131130219,0.07050000131130219,0.07050000131130219,0.07050000131130219,0,0.0,0.0
2020-07-14 00:00:00+02:00,0.06949999928474426,0.06949999928474426,0.06949999928474426,0.06949999928474426,0,0.0,0.0
2020-07-15 00:00:00+02:00,0.0689999982714653,0.0689999982714653,0.0689999982714653,0.0689999982714653,0,0.0,0.0
2020-07-16 00:00:00+02:00,0.0689999982714653,0.0689999982714653,0.0689999982714653,0.0689999982714653,0,0.0,0.0
2020-07-17 00:00:00+02:00,0.0689999982714653,0.0689999982714653,0.0689999982714653,0.0689999982714653,0,0.0,0.0
2020-07-20 00:00:00+02:00,0.06949999928474426,0.06949999928474426,0.06949999928474426,0.06949999928474426,0,0.0,0.0
2020-07-21 00:00:00+02:00,0.07050000131130219,0.07050000131130219,0.07050000131130219,0.07050000131130219,0,0.0,0.0
2020-07-22 00:00:00+02:00,0.0689999982714653,0.0689999982714653,0.0689999982714653,0.0689999982714653,0,0.0,0.0
2020-07-23 00:00:00+02:00,0.06750000268220901,0.06750000268220901,0.06750000268220901,0.06750000268220901,0,0.0,0.0
2020-07-24 00:00:00+02:00,0.06700000166893005,0.06700000166893005,0.06700000166893005,0.06700000166893005,0,0.0,0.0
2020-07-27 00:00:00+02:00,0.06650000065565109,0.06650000065565109,0.06650000065565109,0.06650000065565109,0,0.0,0.0
2020-07-28 00:00:00+02:00,0.06499999761581421,0.06499999761581421,0.06499999761581421,0.06499999761581421,0,0.0,0.0
2020-07-29 00:00:00+02:00,0.06750000268220901,0.06750000268220901,0.06750000268220901,0.06750000268220901,0,0.0,0.0
2020-07-30 00:00:00+02:00,0.06700000166893005,0.06700000166893005,0.06700000166893005,0.06700000166893005,0,0.0,0.0
2020-07-31 00:00:00+02:00,0.06650000065565109,0.06650000065565109,0.06650000065565109,0.06650000065565109,0,0.0,0.0
2020-08-03 00:00:00+02:00,0.06599999964237213,0.06599999964237213,0.06599999964237213,0.06599999964237213,0,0.0,0.0
2020-08-04 00:00:00+02:00,0.06949999928474426,0.06949999928474426,0.06949999928474426,0.06949999928474426,0,0.0,0.0
2020-08-05 00:00:00+02:00,0.0689999982714653,0.0689999982714653,0.0689999982714653,0.0689999982714653,0,0.0,0.0
2020-08-06 00:00:00+02:00,0.07050000131130219,0.07050000131130219,0.07050000131130219,0.07050000131130219,0,0.0,0.0
2020-08-07 00:00:00+02:00,0.07000000029802322,0.07000000029802322,0.07000000029802322,0.07000000029802322,0,0.0,0.0
2020-08-10 00:00:00+02:00,0.07199999690055847,0.07199999690055847,0.07199999690055847,0.07199999690055847,0,0.0,0.0
2020-08-11 00:00:00+02:00,0.06949999928474426,0.06949999928474426,0.06949999928474426,0.06949999928474426,0,0.0,0.0
2020-08-12 00:00:00+02:00,0.07050000131130219,0.07050000131130219,0.07050000131130219,0.07050000131130219,0,0.0,0.0
2020-08-13 00:00:00+02:00,0.06949999928474426,0.06949999928474426,0.06949999928474426,0.06949999928474426,0,0.0,0.0
2020-08-14 00:00:00+02:00,0.06650000065565109,0.06650000065565109,0.06650000065565109,0.06650000065565109,0,0.0,0.0
2020-08-17 00:00:00+02:00,0.06750000268220901,0.06750000268220901,0.06750000268220901,0.06750000268220901,0,0.0,0.0
2020-08-18 00:00:00+02:00,0.06800000369548798,0.06800000369548798,0.06800000369548798,0.06800000369548798,0,0.0,0.0
2020-08-19 00:00:00+02:00,0.06849999725818634,0.06849999725818634,0.06849999725818634,0.06849999725818634,0,0.0,0.0
2020-08-20 00:00:00+02:00,0.06650000065565109,0.06650000065565109,0.06650000065565109,0.06650000065565109,0,0.0,0.0
2020-08-21 00:00:00+02:00,0.06849999725818634,0.06849999725818634,0.06849999725818634,0.06849999725818634,0,0.0,0.0
2020-08-24 00:00:00+02:00,0.06849999725818634,0.06849999725818634,0.06849999725818634,0.06849999725818634,0,0.0,0.0
2020-08-25 00:00:00+02:00,0.06849999725818634,0.06849999725818634,0.06849999725818634,0.06849999725818634,0,0.0,0.0
2020-08-26 00:00:00+02:00,0.06849999725818634,0.06849999725818634,0.06849999725818634,0.06849999725818634,0,0.0,0.0
2020-08-27 00:00:00+02:00,0.06849999725818634,0.06849999725818634,0.06849999725818634,0.06849999725818634,0,0.0,0.0
2020-08-28 00:00:00+02:00,0.06849999725818634,0.06849999725818634,0.06849999725818634,0.06849999725818634,0,0.0,0.0
2020-08-31 00:00:00+02:00,0.06800000369548798,0.06800000369548798,0.06800000369548798,0.06800000369548798,0,0.0,0.0
2020-09-01 00:00:00+02:00,0.06549999862909317,0.06549999862909317,0.06549999862909317,0.06549999862909317,0,0.0,0.0
2020-09-02 00:00:00+02:00,0.06499999761581421,0.06499999761581421,0.06499999761581421,0.06499999761581421,0,0.0,0.0
2020-09-03 00:00:00+02:00,0.06650000065565109,0.06650000065565109,0.06650000065565109,0.06650000065565109,0,0.0,0.0
2020-09-04 00:00:00+02:00,0.06650000065565109,0.06650000065565109,0.06650000065565109,0.06650000065565109,0,0.0,0.0
2020-09-07 00:00:00+02:00,0.06700000166893005,0.06700000166893005,0.06700000166893005,0.06700000166893005,0,0.0,0.0
2020-09-08 00:00:00+02:00,0.06750000268220901,0.06750000268220901,0.06750000268220901,0.06750000268220901,0,0.0,0.0
2020-09-09 00:00:00+02:00,0.06650000065565109,0.06650000065565109,0.06650000065565109,0.06650000065565109,0,0.0,0.0
2020-09-10 00:00:00+02:00,0.06650000065565109,0.06650000065565109,0.06650000065565109,0.06650000065565109,0,0.0,0.0
2020-09-11 00:00:00+02:00,0.06449999660253525,0.06449999660253525,0.06449999660253525,0.06449999660253525,0,0.0,0.0
2020-09-14 00:00:00+02:00,0.06449999660253525,0.06449999660253525,0.06449999660253525,0.06449999660253525,0,0.0,0.0
2020-09-15 00:00:00+02:00,0.06400000303983688,0.06400000303983688,0.06400000303983688,0.06400000303983688,0,0.0,0.0
2020-09-16 00:00:00+02:00,0.06599999964237213,0.06599999964237213,0.06599999964237213,0.06599999964237213,0,0.0,0.0
2020-09-17 00:00:00+02:00,0.06350000202655792,0.06350000202655792,0.06350000202655792,0.06350000202655792,0,0.0,0.0
2020-09-18 00:00:00+02:00,0.06549999862909317,0.06549999862909317,0.06549999862909317,0.06549999862909317,0,0.0,0.0
2020-09-21 00:00:00+02:00,0.06199999898672104,0.06199999898672104,0.06199999898672104,0.06199999898672104,0,0.0,0.0
2020-09-22 00:00:00+02:00,0.06400000303983688,0.06400000303983688,0.06400000303983688,0.06400000303983688,0,0.0,0.0
2020-09-23 00:00:00+02:00,0.06400000303983688,0.06400000303983688,0.06400000303983688,0.06400000303983688,0,0.0,0.0
2020-09-24 00:00:00+02:00,0.06350000202655792,0.06350000202655792,0.06350000202655792,0.06350000202655792,0,0.0,0.0
2020-09-25 00:00:00+02:00,0.06199999898672104,0.06199999898672104,0.06199999898672104,0.06199999898672104,0,0.0,0.0
2020-09-28 00:00:00+02:00,0.06599999964237213,0.06599999964237213,0.06599999964237213,0.06599999964237213,0,0.0,0.0
2020-09-29 00:00:00+02:00,0.06350000202655792,0.06350000202655792,0.06350000202655792,0.06350000202655792,0,0.0,0.0
2020-09-30 00:00:00+02:00,0.06449999660253525,0.06449999660253525,0.06449999660253525,0.06449999660253525,0,0.0,0.0
2020-10-01 00:00:00+02:00,0.06449999660253525,0.06449999660253525,0.06449999660253525,0.06449999660253525,0,0.0,0.0
2020-10-02 00:00:00+02:00,0.06449999660253525,0.06449999660253525,0.06449999660253525,0.06449999660253525,0,0.0,0.0
2020-10-05 00:00:00+02:00,0.06650000065565109,0.06650000065565109,0.06650000065565109,0.06650000065565109,0,0.0,0.0
2020-10-06 00:00:00+02:00,0.06549999862909317,0.06549999862909317,0.06549999862909317,0.06549999862909317,0,0.0,0.0
2020-10-07 00:00:00+02:00,0.06300000101327896,0.06300000101327896,0.06300000101327896,0.06300000101327896,0,0.0,0.0
2020-10-08 00:00:00+02:00,0.06499999761581421,0.06499999761581421,0.06499999761581421,0.06499999761581421,0,0.0,0.0
2020-10-09 00:00:00+02:00,0.06499999761581421,0.06499999761581421,0.06499999761581421,0.06499999761581421,0,0.0,0.0
2020-10-12 00:00:00+02:00,0.06650000065565109,0.06650000065565109,0.06650000065565109,0.06650000065565109,0,0.0,0.0
2020-10-13 00:00:00+02:00,0.07500000298023224,0.07500000298023224,0.07500000298023224,0.07500000298023224,0,0.0,0.0
2020-10-14 00:00:00+02:00,0.06549999862909317,0.06549999862909317,0.06549999862909317,0.06549999862909317,0,0.0,0.0
2020-10-15 00:00:00+02:00,0.06400000303983688,0.06400000303983688,0.06400000303983688,0.06400000303983688,0,0.0,0.0
2020-10-16 00:00:00+02:00,0.06449999660253525,0.06449999660253525,0.06449999660253525,0.06449999660253525,0,0.0,0.0
2020-10-19 00:00:00+02:00,0.061500001698732376,0.061500001698732376,0.061500001698732376,0.061500001698732376,0,0.0,0.0
2020-10-20 00:00:00+02:00,0.05849999934434891,0.05849999934434891,0.05849999934434891,0.05849999934434891,0,0.0,0.0
2020-10-21 00:00:00+02:00,0.06449999660253525,0.06449999660253525,0.06449999660253525,0.06449999660253525,0,0.0,0.0
2020-10-22 00:00:00+02:00,0.061000000685453415,0.061000000685453415,0.061000000685453415,0.061000000685453415,0,0.0,0.0
2020-10-23 00:00:00+02:00,0.06499999761581421,0.06499999761581421,0.06499999761581421,0.06499999761581421,0,0.0,0.0
2020-10-26 00:00:00+01:00,0.06449999660253525,0.06449999660253525,0.06449999660253525,0.06449999660253525,0,0.0,0.0
2020-10-27 00:00:00+01:00,0.06449999660253525,0.06449999660253525,0.06449999660253525,0.06449999660253525,0,0.0,0.0
2020-10-28 00:00:00+01:00,0.06350000202655792,0.06350000202655792,0.06350000202655792,0.06350000202655792,0,0.0,0.0
2020-10-29 00:00:00+01:00,0.061500001698732376,0.061500001698732376,0.061500001698732376,0.061500001698732376,0,0.0,0.0
2020-10-30 00:00:00+01:00,0.06599999964237213,0.06599999964237213,0.06599999964237213,0.06599999964237213,0,0.0,0.0
2020-11-02 00:00:00+01:00,0.06549999862909317,0.06549999862909317,0.06549999862909317,0.06549999862909317,0,0.0,0.0
2020-11-03 00:00:00+01:00,0.06549999862909317,0.06549999862909317,0.06549999862909317,0.06549999862909317,0,0.0,0.0
2020-11-04 00:00:00+01:00,0.06599999964237213,0.06599999964237213,0.06599999964237213,0.06599999964237213,0,0.0,0.0
2020-11-05 00:00:00+01:00,0.06800000369548798,0.06800000369548798,0.06800000369548798,0.06800000369548798,0,0.0,0.0
2020-11-06 00:00:00+01:00,0.06599999964237213,0.06599999964237213,0.06599999964237213,0.06599999964237213,0,0.0,0.0
2020-11-09 00:00:00+01:00,0.06800000369548798,0.06800000369548798,0.06800000369548798,0.06800000369548798,0,0.0,0.0
2020-11-10 00:00:00+01:00,0.06700000166893005,0.06700000166893005,0.06700000166893005,0.06700000166893005,0,0.0,0.0
2020-11-11 00:00:00+01:00,0.0689999982714653,0.0689999982714653,0.0689999982714653,0.0689999982714653,0,0.0,0.0
2020-11-12 00:00:00+01:00,0.06800000369548798,0.06800000369548798,0.06800000369548798,0.06800000369548798,0,0.0,0.0
2020-11-13 00:00:00+01:00,0.06700000166893005,0.06700000166893005,0.06700000166893005,0.06700000166893005,0,0.0,0.0
2020-11-16 00:00:00+01:00,0.06849999725818634,0.06849999725818634,0.06849999725818634,0.06849999725818634,0,0.0,0.0
2020-11-17 00:00:00+01:00,0.06700000166893005,0.06700000166893005,0.06700000166893005,0.06700000166893005,0,0.0,0.0
2020-11-18 00:00:00+01:00,0.06700000166893005,0.06700000166893005,0.06700000166893005,0.06700000166893005,0,0.0,0.0
2020-11-19 00:00:00+01:00,0.06750000268220901,0.06750000268220901,0.06750000268220901,0.06750000268220901,0,0.0,0.0
2020-11-20 00:00:00+01:00,0.06700000166893005,0.06700000166893005,0.06700000166893005,0.06700000166893005,0,0.0,0.0
2020-11-23 00:00:00+01:00,0.06700000166893005,0.06700000166893005,0.06700000166893005,0.06700000166893005,0,0.0,0.0
2020-11-24 00:00:00+01:00,0.06849999725818634,0.06849999725818634,0.06849999725818634,0.06849999725818634,0,0.0,0.0
2020-11-25 00:00:00+01:00,0.06849999725818634,0.06849999725818634,0.06849999725818634,0.06849999725818634,0,0.0,0.0
2020-11-26 00:00:00+01:00,0.06949999928474426,0.06949999928474426,0.06949999928474426,0.06949999928474426,0,0.0,0.0
2020-11-27 00:00:00+01:00,0.07199999690055847,0.07199999690055847,0.07199999690055847,0.07199999690055847,0,0.0,0.0
2020-11-30 00:00:00+01:00,0.07199999690055847,0.07199999690055847,0.07199999690055847,0.07199999690055847,0,0.0,0.0
2020-12-01 00:00:00+01:00,0.07249999791383743,0.07249999791383743,0.07249999791383743,0.07249999791383743,0,0.0,0.0
2020-12-02 00:00:00+01:00,0.06949999928474426,0.06949999928474426,0.06949999928474426,0.06949999928474426,0,0.0,0.0
2020-12-03 00:00:00+01:00,0.06949999928474426,0.06949999928474426,0.06949999928474426,0.06949999928474426,0,0.0,0.0
2020-12-04 00:00:00+01:00,0.06949999928474426,0.06949999928474426,0.06949999928474426,0.06949999928474426,0,0.0,0.0
2020-12-07 00:00:00+01:00,0.07000000029802322,0.07000000029802322,0.07000000029802322,0.07000000029802322,0,0.0,0.0
2020-12-08 00:00:00+01:00,0.07100000232458115,0.07100000232458115,0.07100000232458115,0.07100000232458115,0,0.0,0.0
2020-12-09 00:00:00+01:00,0.07050000131130219,0.07050000131130219,0.07050000131130219,0.07050000131130219,0,0.0,0.0
2020-12-10 00:00:00+01:00,0.07050000131130219,0.07050000131130219,0.07050000131130219,0.07050000131130219,0,0.0,0.0
2020-12-11 00:00:00+01:00,0.07000000029802322,0.07000000029802322,0.07000000029802322,0.07000000029802322,0,0.0,0.0
2020-12-14 00:00:00+01:00,0.07050000131130219,0.07050000131130219,0.07050000131130219,0.07050000131130219,0,0.0,0.0
2020-12-15 00:00:00+01:00,0.0689999982714653,0.0689999982714653,0.0689999982714653,0.0689999982714653,0,0.0,0.0
2020-12-16 00:00:00+01:00,0.06949999928474426,0.06949999928474426,0.06949999928474426,0.06949999928474426,0,0.0,0.0
2020-12-17 00:00:00+01:00,0.06700000166893005,0.06700000166893005,0.06700000166893005,0.06700000166893005,0,0.0,0.0
2020-12-18 00:00:00+01:00,0.06650000065565109,0.06650000065565109,0.06650000065565109,0.06650000065565109,0,0.0,0.0
2020-12-21 00:00:00+01:00,0.06849999725818634,0.06849999725818634,0.06849999725818634,0.06849999725818634,0,0.0,0.0
2020-12-22 00:00:00+01:00,0.06650000065565109,0.06650000065565109,0.06650000065565109,0.06650000065565109,0,0.0,0.0
2020-12-23 00:00:00+01:00,0.06549999862909317,0.06549999862909317,0.06549999862909317,0.06549999862909317,0,0.0,0.0
2020-12-28 00:00:00+01:00,0.06350000202655792,0.06350000202655792,0.06350000202655792,0.06350000202655792,0,0.0,0.0
2020-12-29 00:00:00+01:00,0.06750000268220901,0.06750000268220901,0.06750000268220901,0.06750000268220901,0,0.0,0.0
2020-12-30 00:00:00+01:00,0.06849999725818634,0.06849999725818634,0.06849999725818634,0.06849999725818634,0,0.0,0.0
2021-01-04 00:00:00+01:00,0.06849999725818634,0.06849999725818634,0.06849999725818634,0.06849999725818634,0,0.0,0.0
2021-01-05 00:00:00+01:00,0.06800000369548798,0.06800000369548798,0.06800000369548798,0.06800000369548798,0,0.0,0.0
2021-01-06 00:00:00+01:00,0.06800000369548798,0.06800000369548798,0.06800000369548798,0.06800000369548798,0,0.0,0.0
2021-01-07 00:00:00+01:00,0.06700000166893005,0.06700000166893005,0.06700000166893005,0.06700000166893005,0,0.0,0.0
2021-01-08 00:00:00+01:00,0.06800000369548798,0.06800000369548798,0.06800000369548798,0.06800000369548798,0,0.0,0.0
2021-01-11 00:00:00+01:00,0.06849999725818634,0.06849999725818634,0.06849999725818634,0.06849999725818634,0,0.0,0.0
2021-01-12 00:00:00+01:00,0.0689999982714653,0.0689999982714653,0.0689999982714653,0.0689999982714653,0,0.0,0.0
2021-01-13 00:00:00+01:00,0.06849999725818634,0.06849999725818634,0.06849999725818634,0.06849999725818634,0,0.0,0.0
2021-01-14 00:00:00+01:00,0.06750000268220901,0.06750000268220901,0.06750000268220901,0.06750000268220901,0,0.0,0.0
2021-01-15 00:00:00+01:00,0.06650000065565109,0.06650000065565109,0.06650000065565109,0.06650000065565109,0,0.0,0.0
2021-01-18 00:00:00+01:00,0.06549999862909317,0.06549999862909317,0.06549999862909317,0.06549999862909317,0,0.0,0.0
2021-01-19 00:00:00+01:00,0.06499999761581421,0.06499999761581421,0.06499999761581421,0.06499999761581421,0,0.0,0.0
2021-01-20 00:00:00+01:00,0.06400000303983688,0.06400000303983688,0.06400000303983688,0.06400000303983688,0,0.0,0.0
2021-01-21 00:00:00+01:00,0.06499999761581421,0.06499999761581421,0.06499999761581421,0.06499999761581421,0,0.0,0.0
2021-01-22 00:00:00+01:00,0.06449999660253525,0.06449999660253525,0.06449999660253525,0.06449999660253525,0,0.0,0.0
2021-01-25 00:00:00+01:00,0.06549999862909317,0.06599999964237213,0.06549999862909317,0.06599999964237213,14000,0.0,0.0
2021-01-26 00:00:00+01:00,0.06750000268220901,0.06750000268220901,0.06750000268220901,0.06750000268220901,0,0.0,0.0
2021-01-27 00:00:00+01:00,0.06400000303983688,0.06400000303983688,0.06400000303983688,0.06400000303983688,0,0.0,0.0
2021-01-28 00:00:00+01:00,0.06700000166893005,0.06700000166893005,0.06700000166893005,0.06700000166893005,0,0.0,0.0
2021-01-29 00:00:00+01:00,0.06700000166893005,0.06700000166893005,0.06700000166893005,0.06700000166893005,0,0.0,0.0
2021-02-01 00:00:00+01:00,0.06750000268220901,0.06750000268220901,0.06750000268220901,0.06750000268220901,0,0.0,0.0
2021-02-02 00:00:00+01:00,0.06800000369548798,0.06800000369548798,0.06800000369548798,0.06800000369548798,0,0.0,0.0
2021-02-03 00:00:00+01:00,0.06849999725818634,0.06849999725818634,0.06849999725818634,0.06849999725818634,0,0.0,0.0
2021-02-04 00:00:00+01:00,0.06849999725818634,0.06849999725818634,0.06849999725818634,0.06849999725818634,0,0.0,0.0
2021-02-05 00:00:00+01:00,0.07000000029802322,0.07000000029802322,0.07000000029802322,0.07000000029802322,0,0.0,0.0
2021-02-08 00:00:00+01:00,0.07050000131130219,0.07050000131130219,0.07050000131130219,0.07050000131130219,0,0.0,0.0
2021-02-09 00:00:00+01:00,0.07150000333786011,0.07150000333786011,0.07150000333786011,0.07150000333786011,0,0.0,0.0
2021-02-10 00:00:00+01:00,0.07249999791383743,0.07249999791383743,0.07249999791383743,0.07249999791383743,0,0.0,0.0
2021-02-11 00:00:00+01:00,0.07199999690055847,0.07199999690055847,0.07199999690055847,0.07199999690055847,0,0.0,0.0
2021-02-12 00:00:00+01:00,0.07199999690055847,0.07199999690055847,0.07199999690055847,0.07199999690055847,0,0.0,0.0
2021-02-15 00:00:00+01:00,0.07199999690055847,0.07199999690055847,0.07199999690055847,0.07199999690055847,0,0.0,0.0
2021-02-16 00:00:00+01:00,0.0729999989271164,0.0729999989271164,0.0729999989271164,0.0729999989271164,0,0.0,0.0
2021-02-17 00:00:00+01:00,0.07450000196695328,0.07450000196695328,0.07450000196695328,0.07450000196695328,0,0.0,0.0
2021-02-18 00:00:00+01:00,0.07750000059604645,0.07750000059604645,0.07750000059604645,0.07750000059604645,0,0.0,0.0
2021-02-19 00:00:00+01:00,0.0754999965429306,0.0754999965429306,0.0754999965429306,0.0754999965429306,0,0.0,0.0
2021-02-22 00:00:00+01:00,0.07699999958276749,0.07699999958276749,0.07699999958276749,0.07699999958276749,0,0.0,0.0
2021-02-23 00:00:00+01:00,0.07850000262260437,0.07850000262260437,0.07850000262260437,0.07850000262260437,0,0.0,0.0
2021-02-24 00:00:00+01:00,0.07400000095367432,0.07400000095367432,0.07400000095367432,0.07400000095367432,0,0.0,0.0
2021-02-25 00:00:00+01:00,0.07599999755620956,0.07599999755620956,0.07599999755620956,0.07599999755620956,0,0.0,0.0
2021-02-26 00:00:00+01:00,0.07599999755620956,0.07599999755620956,0.07599999755620956,0.07599999755620956,0,0.0,0.0
2021-03-01 00:00:00+01:00,0.07649999856948853,0.07649999856948853,0.07649999856948853,0.07649999856948853,0,0.0,0.0
2021-03-02 00:00:00+01:00,0.07999999821186066,0.07999999821186066,0.07999999821186066,0.07999999821186066,0,0.0,0.0
2021-03-03 00:00:00+01:00,0.07599999755620956,0.07599999755620956,0.07599999755620956,0.07599999755620956,0,0.0,0.0
2021-03-04 00:00:00+01:00,0.07450000196695328,0.07450000196695328,0.07450000196695328,0.07450000196695328,0,0.0,0.0
2021-03-05 00:00:00+01:00,0.0754999965429306,0.0754999965429306,0.0754999965429306,0.0754999965429306,0,0.0,0.0
2021-03-08 00:00:00+01:00,0.07699999958276749,0.07699999958276749,0.07699999958276749,0.07699999958276749,0,0.0,0.0
2021-03-09 00:00:00+01:00,0.07599999755620956,0.07599999755620956,0.07599999755620956,0.07599999755620956,0,0.0,0.0
2021-03-10 00:00:00+01:00,0.07500000298023224,0.07500000298023224,0.07500000298023224,0.07500000298023224,0,0.0,0.0
2021-03-11 00:00:00+01:00,0.07400000095367432,0.07400000095367432,0.07400000095367432,0.07400000095367432,0,0.0,0.0
2021-03-12 00:00:00+01:00,0.07400000095367432,0.07400000095367432,0.07400000095367432,0.07400000095367432,0,0.0,0.0
2021-03-15 00:00:00+01:00,0.07400000095367432,0.07400000095367432,0.07400000095367432,0.07400000095367432,0,0.0,0.0
2021-03-16 00:00:00+01:00,0.0754999965429306,0.0754999965429306,0.0754999965429306,0.0754999965429306,0,0.0,0.0
2021-03-17 00:00:00+01:00,0.07599999755620956,0.07599999755620956,0.07599999755620956,0.07599999755620956,0,0.0,0.0
2021-03-18 00:00:00+01:00,0.0754999965429306,0.0754999965429306,0.0754999965429306,0.0754999965429306,0,0.0,0.0
2021-03-19 00:00:00+01:00,0.07599999755620956,0.07599999755620956,0.07599999755620956,0.07599999755620956,0,0.0,0.0
2021-03-22 00:00:00+01:00,0.07599999755620956,0.07599999755620956,0.07599999755620956,0.07599999755620956,0,0.0,0.0
2021-03-23 00:00:00+01:00,0.07599999755620956,0.07599999755620956,0.07599999755620956,0.07599999755620956,0,0.0,0.0
2021-03-24 00:00:00+01:00,0.07850000262260437,0.07850000262260437,0.07850000262260437,0.07850000262260437,0,0.0,0.0
2021-03-25 00:00:00+01:00,0.07699999958276749,0.07699999958276749,0.07699999958276749,0.07699999958276749,0,0.0,0.0
2021-03-26 00:00:00+01:00,0.07750000059604645,0.07750000059604645,0.07750000059604645,0.07750000059604645,0,0.0,0.0
2021-03-29 00:00:00+02:00,0.07800000160932541,0.07800000160932541,0.07800000160932541,0.07800000160932541,0,0.0,0.0
2021-03-30 00:00:00+02:00,0.0794999971985817,0.0794999971985817,0.0794999971985817,0.0794999971985817,0,0.0,0.0
2021-03-31 00:00:00+02:00,0.07850000262260437,0.07850000262260437,0.07850000262260437,0.07850000262260437,0,0.0,0.0
2021-04-01 00:00:00+02:00,0.07750000059604645,0.07750000059604645,0.07750000059604645,0.07750000059604645,0,0.0,0.0
2021-04-06 00:00:00+02:00,0.07649999856948853,0.07649999856948853,0.07649999856948853,0.07649999856948853,0,0.0,0.0
2021-04-07 00:00:00+02:00,0.07699999958276749,0.07699999958276749,0.07699999958276749,0.07699999958276749,0,0.0,0.0
2021-04-08 00:00:00+02:00,0.07800000160932541,0.07800000160932541,0.07800000160932541,0.07800000160932541,0,0.0,0.0
2021-04-09 00:00:00+02:00,0.07599999755620956,0.07599999755620956,0.07599999755620956,0.07599999755620956,0,0.0,0.0
2021-04-12 00:00:00+02:00,0.07500000298023224,0.07500000298023224,0.07500000298023224,0.07500000298023224,0,0.0,0.0
2021-04-13 00:00:00+02:00,0.07800000160932541,0.07800000160932541,0.07800000160932541,0.07800000160932541,0,0.0,0.0
2021-04-14 00:00:00+02:00,0.07800000160932541,0.07800000160932541,0.07800000160932541,0.07800000160932541,0,0.0,0.0
2021-04-15 00:00:00+02:00,0.07750000059604645,0.07750000059604645,0.07750000059604645,0.07750000059604645,0,0.0,0.0
2021-04-16 00:00:00+02:00,0.07599999755620956,0.07599999755620956,0.07599999755620956,0.07599999755620956,0,0.0,0.0
2021-04-19 00:00:00+02:00,0.07750000059604645,0.07750000059604645,0.07750000059604645,0.07750000059604645,0,0.0,0.0
2021-04-20 00:00:00+02:00,0.07750000059604645,0.07750000059604645,0.07750000059604645,0.07750000059604645,0,0.0,0.0
2021-04-21 00:00:00+02:00,0.07599999755620956,0.07599999755620956,0.07599999755620956,0.07599999755620956,0,0.0,0.0
2021-04-22 00:00:00+02:00,0.07599999755620956,0.07599999755620956,0.07599999755620956,0.07599999755620956,0,0.0,0.0
2021-04-23 00:00:00+02:00,0.07699999958276749,0.07699999958276749,0.07699999958276749,0.07699999958276749,0,0.0,0.0
2021-04-26 00:00:00+02:00,0.07800000160932541,0.07800000160932541,0.07800000160932541,0.07800000160932541,0,0.0,0.0
2021-04-27 00:00:00+02:00,0.07800000160932541,0.07800000160932541,0.07800000160932541,0.07800000160932541,0,0.0,0.0
2021-04-28 00:00:00+02:00,0.07750000059604645,0.07750000059604645,0.07750000059604645,0.07750000059604645,0,0.0,0.0
2021-04-29 00:00:00+02:00,0.07999999821186066,0.07999999821186066,0.07999999821186066,0.07999999821186066,0,0.0,0.0
2021-04-30 00:00:00+02:00,0.07850000262260437,0.07850000262260437,0.07850000262260437,0.07850000262260437,0,0.0,0.0
2021-05-03 00:00:00+02:00,0.0794999971985817,0.0794999971985817,0.0794999971985817,0.0794999971985817,0,0.0,0.0
2021-05-04 00:00:00+02:00,0.0794999971985817,0.0794999971985817,0.0794999971985817,0.0794999971985817,0,0.0,0.0
2021-05-05 00:00:00+02:00,0.07999999821186066,0.07999999821186066,0.07999999821186066,0.07999999821186066,0,0.0,0.0
2021-05-06 00:00:00+02:00,0.08150000125169754,0.08150000125169754,0.08150000125169754,0.08150000125169754,0,0.0,0.0
2021-05-07 00:00:00+02:00,0.08150000125169754,0.08150000125169754,0.08150000125169754,0.08150000125169754,0,0.0,0.0
2021-05-10 00:00:00+02:00,0.08100000023841858,0.08100000023841858,0.08100000023841858,0.08100000023841858,0,0.0,0.0
2021-05-11 00:00:00+02:00,0.08100000023841858,0.08100000023841858,0.08100000023841858,0.08100000023841858,0,0.0,0.0
2021-05-12 00:00:00+02:00,0.08049999922513962,0.08049999922513962,0.08049999922513962,0.08049999922513962,0,0.0,0.0
2021-05-13 00:00:00+02:00,0.08049999922513962,0.08049999922513962,0.08049999922513962,0.08049999922513962,0,0.0,0.0
2021-05-14 00:00:00+02:00,0.08250000327825546,0.08250000327825546,0.08250000327825546,0.08250000327825546,0,0.0,0.0
2021-05-17 00:00:00+02:00,0.08100000023841858,0.08100000023841858,0.08100000023841858,0.08100000023841858,0,0.0,0.0
2021-05-18 00:00:00+02:00,0.08100000023841858,0.08100000023841858,0.08100000023841858,0.08100000023841858,0,0.0,0.0
2021-05-19 00:00:00+02:00,0.0794999971985817,0.0794999971985817,0.0794999971985817,0.0794999971985817,0,0.0,0.0
2021-05-20 00:00:00+02:00,0.08150000125169754,0.08150000125169754,0.08150000125169754,0.08150000125169754,0,0.0,0.0
2021-05-21 00:00:00+02:00,0.08049999922513962,0.08049999922513962,0.08049999922513962,0.08049999922513962,0,0.0,0.0
2021-05-25 00:00:00+02:00,0.07649999856948853,0.07649999856948853,0.07649999856948853,0.07649999856948853,0,0.0,0.0
2021-05-26 00:00:00+02:00,0.07699999958276749,0.07699999958276749,0.07699999958276749,0.07699999958276749,0,0.0,0.0
2021-05-27 00:00:00+02:00,0.07850000262260437,0.07850000262260437,0.07850000262260437,0.07850000262260437,0,0.0,0.0
2021-05-28 00:00:00+02:00,0.07900000363588333,0.07900000363588333,0.07900000363588333,0.07900000363588333,0,0.0,0.0
2021-05-31 00:00:00+02:00,0.07850000262260437,0.07850000262260437,0.07850000262260437,0.07850000262260437,0,0.0,0.0
2021-06-01 00:00:00+02:00,0.07750000059604645,0.07750000059604645,0.07750000059604645,0.07750000059604645,0,0.0,0.0
2021-06-02 00:00:00+02:00,0.07699999958276749,0.07800000160932541,0.07699999958276749,0.07800000160932541,0,0.0,0.0
2021-06-03 00:00:00+02:00,0.07699999958276749,0.07699999958276749,0.07699999958276749,0.07699999958276749,0,0.0,0.0
2021-06-04 00:00:00+02:00,0.07800000160932541,0.07800000160932541,0.07800000160932541,0.07800000160932541,0,0.0,0.0
2021-06-07 00:00:00+02:00,0.07800000160932541,0.07800000160932541,0.07800000160932541,0.07800000160932541,0,0.0,0.0
2021-06-08 00:00:00+02:00,0.07850000262260437,0.07850000262260437,0.07850000262260437,0.07850000262260437,0,0.0,0.0
2021-06-09 00:00:00+02:00,0.07900000363588333,0.07900000363588333,0.07900000363588333,0.07900000363588333,0,0.0,0.0
2021-06-10 00:00:00+02:00,0.07699999958276749,0.07699999958276749,0.07699999958276749,0.07699999958276749,0,0.0,0.0
2021-06-11 00:00:00+02:00,0.07750000059604645,0.07750000059604645,0.07750000059604645,0.07750000059604645,0,0.0,0.0
2021-06-14 00:00:00+02:00,0.07850000262260437,0.07850000262260437,0.07850000262260437,0.07850000262260437,0,0.0,0.0
2021-06-15 00:00:00+02:00,0.07750000059604645,0.07750000059604645,0.07750000059604645,0.07750000059604645,0,0.0,0.0
2021-06-16 00:00:00+02:00,0.07599999755620956,0.07599999755620956,0.07599999755620956,0.07599999755620956,0,0.0,0.0
2021-06-17 00:00:00+02:00,0.07750000059604645,0.07750000059604645,0.07750000059604645,0.07750000059604645,0,0.0,0.0
2021-06-18 00:00:00+02:00,0.07699999958276749,0.07699999958276749,0.07699999958276749,0.07699999958276749,0,0.0,0.0
2021-06-21 00:00:00+02:00,0.07800000160932541,0.07800000160932541,0.07800000160932541,0.07800000160932541,0,0.0,0.0
2021-06-22 00:00:00+02:00,0.07750000059604645,0.07750000059604645,0.07750000059604645,0.07750000059604645,0,0.0,0.0
2021-06-23 00:00:00+02:00,0.0754999965429306,0.0754999965429306,0.0754999965429306,0.0754999965429306,0,0.0,0.0
2021-06-24 00:00:00+02:00,0.07699999958276749,0.07699999958276749,0.07699999958276749,0.07699999958276749,0,0.0,0.0
2021-06-25 00:00:00+02:00,0.07699999958276749,0.07699999958276749,0.07699999958276749,0.07699999958276749,0,0.0,0.0
2021-06-28 00:00:00+02:00,0.07800000160932541,0.07800000160932541,0.07800000160932541,0.07800000160932541,0,0.0,0.0
2021-06-29 00:00:00+02:00,0.0754999965429306,0.0754999965429306,0.0754999965429306,0.0754999965429306,0,0.0,0.0
2021-06-30 00:00:00+02:00,0.07599999755620956,0.07599999755620956,0.07599999755620956,0.07599999755620956,0,0.0,0.0
2021-07-01 00:00:00+02:00,0.07599999755620956,0.07599999755620956,0.07599999755620956,0.07599999755620956,0,0.0,0.0
2021-07-02 00:00:00+02:00,0.07649999856948853,0.07649999856948853,0.07649999856948853,0.07649999856948853,0,0.0,0.0
2021-07-05 00:00:00+02:00,0.07649999856948853,0.07649999856948853,0.07649999856948853,0.07649999856948853,0,0.0,0.0
2021-07-06 00:00:00+02:00,0.07800000160932541,0.07800000160932541,0.07800000160932541,0.07800000160932541,0,0.0,0.0
2021-07-07 00:00:00+02:00,0.07800000160932541,0.07800000160932541,0.07800000160932541,0.07800000160932541,0,0.0,0.0
2021-07-08 00:00:00+02:00,0.07850000262260437,0.07850000262260437,0.07850000262260437,0.07850000262260437,0,0.0,0.0
2021-07-09 00:00:00+02:00,0.07750000059604645,0.07750000059604645,0.07750000059604645,0.07750000059604645,0,0.0,0.0
2021-07-12 00:00:00+02:00,0.07750000059604645,0.07750000059604645,0.07750000059604645,0.07750000059604645,0,0.0,0.0
2021-07-13 00:00:00+02:00,0.07699999958276749,0.07699999958276749,0.07699999958276749,0.07699999958276749,0,0.0,0.0
2021-07-14 00:00:00+02:00,0.07500000298023224,0.07500000298023224,0.07500000298023224,0.07500000298023224,0,0.0,0.0
2021-07-15 00:00:00+02:00,0.07800000160932541,0.07800000160932541,0.07800000160932541,0.07800000160932541,0,0.0,0.0
2021-07-16 00:00:00+02:00,0.07699999958276749,0.07699999958276749,0.07699999958276749,0.07699999958276749,0,0.0,0.0
2021-07-19 00:00:00+02:00,0.07699999958276749,0.07699999958276749,0.07699999958276749,0.07699999958276749,0,0.0,0.0
2021-07-20 00:00:00+02:00,0.07400000095367432,0.07400000095367432,0.07400000095367432,0.07400000095367432,0,0.0,0.0
2021-07-21 00:00:00+02:00,0.07400000095367432,0.07400000095367432,0.07400000095367432,0.07400000095367432,0,0.0,0.0
2021-07-22 00:00:00+02:00,0.07450000196695328,0.07450000196695328,0.07450000196695328,0.07450000196695328,0,0.0,0.0
2021-07-23 00:00:00+02:00,0.07400000095367432,0.07400000095367432,0.07400000095367432,0.07400000095367432,0,0.0,0.0
2021-07-26 00:00:00+02:00,0.07500000298023224,0.07500000298023224,0.07500000298023224,0.07500000298023224,0,0.0,0.0
2021-07-27 00:00:00+02:00,0.07450000196695328,0.07450000196695328,0.07450000196695328,0.07450000196695328,0,0.0,0.0
2021-07-28 00:00:00+02:00,0.07249999791383743,0.07249999791383743,0.07249999791383743,0.07249999791383743,0,0.0,0.0
2021-07-29 00:00:00+02:00,0.07150000333786011,0.07150000333786011,0.07150000333786011,0.07150000333786011,0,0.0,0.0
2021-07-30 00:00:00+02:00,0.07050000131130219,0.07050000131130219,0.07050000131130219,0.07050000131130219,0,0.0,0.0
2021-08-02 00:00:00+02:00,0.07100000232458115,0.07100000232458115,0.07100000232458115,0.07100000232458115,0,0.0,0.0
2021-08-03 00:00:00+02:00,0.07150000333786011,0.07150000333786011,0.07150000333786011,0.07150000333786011,0,0.0,0.0
2021-08-04 00:00:00+02:00,0.06499999761581421,0.06499999761581421,0.06499999761581421,0.06499999761581421,0,0.0,0.0
2021-08-05 00:00:00+02:00,0.07050000131130219,0.07050000131130219,0.07050000131130219,0.07050000131130219,0,0.0,0.0
2021-08-06 00:00:00+02:00,0.06350000202655792,0.06350000202655792,0.06350000202655792,0.06350000202655792,0,0.0,0.0
2021-08-09 00:00:00+02:00,0.06849999725818634,0.06849999725818634,0.06849999725818634,0.06849999725818634,0,0.0,0.0
2021-08-10 00:00:00+02:00,0.06599999964237213,0.06599999964237213,0.06599999964237213,0.06599999964237213,0,0.0,0.0
2021-08-11 00:00:00+02:00,0.06650000065565109,0.06650000065565109,0.06650000065565109,0.06650000065565109,0,0.0,0.0
2021-08-12 00:00:00+02:00,0.06650000065565109,0.06650000065565109,0.06650000065565109,0.06650000065565109,0,0.0,0.0
2021-08-13 00:00:00+02:00,0.06599999964237213,0.06599999964237213,0.06599999964237213,0.06599999964237213,0,0.0,0.0
2021-08-16 00:00:00+02:00,0.06400000303983688,0.06400000303983688,0.06400000303983688,0.06400000303983688,0,0.0,0.0
2021-08-17 00:00:00+02:00,0.06700000166893005,0.06700000166893005,0.06700000166893005,0.06700000166893005,0,0.0,0.0
2021-08-18 00:00:00+02:00,0.06849999725818634,0.06849999725818634,0.06849999725818634,0.06849999725818634,0,0.0,0.0
2021-08-19 00:00:00+02:00,0.06800000369548798,0.06800000369548798,0.06800000369548798,0.06800000369548798,0,0.0,0.0
2021-08-20 00:00:00+02:00,0.06499999761581421,0.06499999761581421,0.06499999761581421,0.06499999761581421,0,0.0,0.0
2021-08-23 00:00:00+02:00,0.06549999862909317,0.06549999862909317,0.06549999862909317,0.06549999862909317,0,0.0,0.0
2021-08-24 00:00:00+02:00,0.06549999862909317,0.06549999862909317,0.06549999862909317,0.06549999862909317,0,0.0,0.0
2021-08-25 00:00:00+02:00,0.06599999964237213,0.06599999964237213,0.06599999964237213,0.06599999964237213,0,0.0,0.0
2021-08-26 00:00:00+02:00,0.06549999862909317,0.06549999862909317,0.06549999862909317,0.06549999862909317,0,0.0,0.0
2021-08-27 00:00:00+02:00,0.06300000101327896,0.06300000101327896,0.06300000101327896,0.06300000101327896,0,0.0,0.0
2021-08-30 00:00:00+02:00,0.06400000303983688,0.06400000303983688,0.06400000303983688,0.06400000303983688,0,0.0,0.0
2021-08-31 00:00:00+02:00,0.06350000202655792,0.06350000202655792,0.06350000202655792,0.06350000202655792,0,0.0,0.0
2021-09-01 00:00:00+02:00,0.06350000202655792,0.06350000202655792,0.06350000202655792,0.06350000202655792,0,0.0,0.0
2021-09-02 00:00:00+02:00,0.06300000101327896,0.06300000101327896,0.06300000101327896,0.06300000101327896,0,0.0,0.0
2021-09-03 00:00:00+02:00,0.0625,0.0625,0.0625,0.0625,0,0.0,0.0
2021-09-06 00:00:00+02:00,0.06650000065565109,0.06650000065565109,0.06650000065565109,0.06650000065565109,0,0.0,0.0
2021-09-07 00:00:00+02:00,0.06499999761581421,0.06499999761581421,0.06499999761581421,0.06499999761581421,0,0.0,0.0
2021-09-08 00:00:00+02:00,0.06650000065565109,0.06650000065565109,0.06650000065565109,0.06650000065565109,0,0.0,0.0
2021-09-09 00:00:00+02:00,0.06599999964237213,0.06599999964237213,0.06599999964237213,0.06599999964237213,0,0.0,0.0
2021-09-10 00:00:00+02:00,0.06800000369548798,0.06800000369548798,0.06800000369548798,0.06800000369548798,0,0.0,0.0
2021-09-13 00:00:00+02:00,0.06750000268220901,0.06750000268220901,0.06750000268220901,0.06750000268220901,0,0.0,0.0
2021-09-14 00:00:00+02:00,0.06650000065565109,0.06650000065565109,0.06650000065565109,0.06650000065565109,0,0.0,0.0
2021-09-15 00:00:00+02:00,0.06700000166893005,0.06700000166893005,0.06700000166893005,0.06700000166893005,0,0.0,0.0
2021-09-16 00:00:00+02:00,0.0689999982714653,0.0689999982714653,0.0689999982714653,0.0689999982714653,0,0.0,0.0
2021-09-17 00:00:00+02:00,0.06750000268220901,0.06750000268220901,0.06750000268220901,0.06750000268220901,0,0.0,0.0
2021-09-20 00:00:00+02:00,0.06499999761581421,0.06499999761581421,0.06499999761581421,0.06499999761581421,0,0.0,0.0
2021-09-21 00:00:00+02:00,0.06949999928474426,0.06949999928474426,0.06949999928474426,0.06949999928474426,0,0.0,0.0
2021-09-22 00:00:00+02:00,0.07000000029802322,0.07000000029802322,0.07000000029802322,0.07000000029802322,0,0.0,0.0
2021-09-23 00:00:00+02:00,0.06650000065565109,0.06650000065565109,0.06650000065565109,0.06650000065565109,0,0.0,0.0
2021-09-24 00:00:00+02:00,0.06650000065565109,0.06650000065565109,0.06650000065565109,0.06650000065565109,0,0.0,0.0
2021-09-27 00:00:00+02:00,0.06650000065565109,0.06650000065565109,0.06650000065565109,0.06650000065565109,0,0.0,0.0
2021-09-28 00:00:00+02:00,0.06849999725818634,0.06849999725818634,0.06849999725818634,0.06849999725818634,0,0.0,0.0
2021-09-29 00:00:00+02:00,0.06700000166893005,0.06700000166893005,0.06700000166893005,0.06700000166893005,0,0.0,0.0
2021-09-30 00:00:00+02:00,0.06800000369548798,0.06800000369548798,0.06800000369548798,0.06800000369548798,0,0.0,0.0
2021-10-01 00:00:00+02:00,0.06750000268220901,0.06750000268220901,0.06750000268220901,0.06750000268220901,0,0.0,0.0
2021-10-04 00:00:00+02:00,0.06750000268220901,0.06750000268220901,0.06750000268220901,0.06750000268220901,0,0.0,0.0
2021-10-05 00:00:00+02:00,0.06800000369548798,0.06800000369548798,0.06800000369548798,0.06800000369548798,0,0.0,0.0
2021-10-06 00:00:00+02:00,0.06549999862909317,0.06549999862909317,0.06549999862909317,0.06549999862909317,0,0.0,0.0
2021-10-07 00:00:00+02:00,0.06650000065565109,0.06650000065565109,0.06650000065565109,0.06650000065565109,0,0.0,0.0
2021-10-08 00:00:00+02:00,0.06599999964237213,0.06599999964237213,0.06599999964237213,0.06599999964237213,0,0.0,0.0
2021-10-11 00:00:00+02:00,0.07050000131130219,0.07050000131130219,0.07050000131130219,0.07050000131130219,0,0.0,0.0
2021-10-12 00:00:00+02:00,0.06499999761581421,0.06499999761581421,0.06499999761581421,0.06499999761581421,0,0.0,0.0
2021-10-13 00:00:00+02:00,0.07000000029802322,0.07000000029802322,0.07000000029802322,0.07000000029802322,0,0.0,0.0
2021-10-14 00:00:00+02:00,0.07000000029802322,0.07000000029802322,0.07000000029802322,0.07000000029802322,0,0.0,0.0
2021-10-15 00:00:00+02:00,0.06300000101327896,0.06300000101327896,0.06300000101327896,0.06300000101327896,0,0.0,0.0
2021-10-18 00:00:00+02:00,0.06400000303983688,0.06400000303983688,0.06400000303983688,0.06400000303983688,0,0.0,0.0
2021-10-19 00:00:00+02:00,0.06199999898672104,0.06199999898672104,0.06199999898672104,0.06199999898672104,0,0.0,0.0
2021-10-20 00:00:00+02:00,0.06199999898672104,0.06199999898672104,0.06199999898672104,0.06199999898672104,0,0.0,0.0
2021-10-21 00:00:00+02:00,0.06199999898672104,0.06199999898672104,0.06199999898672104,0.06199999898672104,0,0.0,0.0
2021-10-22 00:00:00+02:00,0.06199999898672104,0.06199999898672104,0.06199999898672104,0.06199999898672104,0,0.0,0.0
2021-10-25 00:00:00+02:00,0.06449999660253525,0.06449999660253525,0.06449999660253525,0.06449999660253525,0,0.0,0.0
2021-10-26 00:00:00+02:00,0.06400000303983688,0.06400000303983688,0.06400000303983688,0.06400000303983688,0,0.0,0.0
2021-10-27 00:00:00+02:00,0.06599999964237213,0.06599999964237213,0.06599999964237213,0.06599999964237213,0,0.0,0.0
2021-10-28 00:00:00+02:00,0.06549999862909317,0.06549999862909317,0.06549999862909317,0.06549999862909317,0,0.0,0.0
2021-10-29 00:00:00+02:00,0.06350000202655792,0.06350000202655792,0.06350000202655792,0.06350000202655792,0,0.0,0.0
2021-11-01 00:00:00+01:00,0.06700000166893005,0.06700000166893005,0.06700000166893005,0.06700000166893005,0,0.0,0.0
2021-11-02 00:00:00+01:00,0.07500000298023224,0.07500000298023224,0.07500000298023224,0.07500000298023224,0,0.0,0.0
2021-11-03 00:00:00+01:00,0.07500000298023224,0.07500000298023224,0.07500000298023224,0.07500000298023224,0,0.0,0.0
2021-11-04 00:00:00+01:00,0.07500000298023224,0.07500000298023224,0.07500000298023224,0.07500000298023224,0,0.0,0.0
2021-11-05 00:00:00+01:00,0.07500000298023224,0.07500000298023224,0.07500000298023224,0.07500000298023224,0,0.0,0.0
2021-11-08 00:00:00+01:00,0.07500000298023224,0.07500000298023224,0.07500000298023224,0.07500000298023224,0,0.0,0.0
2021-11-09 00:00:00+01:00,0.07500000298023224,0.07500000298023224,0.07500000298023224,0.07500000298023224,0,0.0,0.0
2021-11-10 00:00:00+01:00,0.07500000298023224,0.07500000298023224,0.07500000298023224,0.07500000298023224,0,0.0,0.0
2021-11-11 00:00:00+01:00,0.07500000298023224,0.07500000298023224,0.07500000298023224,0.07500000298023224,0,0.0,0.0
2021-11-12 00:00:00+01:00,0.07500000298023224,0.07500000298023224,0.07500000298023224,0.07500000298023224,0,0.0,0.0
2021-11-15 00:00:00+01:00,0.07500000298023224,0.07500000298023224,0.07500000298023224,0.07500000298023224,0,0.0,0.0
2021-11-16 00:00:00+01:00,0.07500000298023224,0.07500000298023224,0.07500000298023224,0.07500000298023224,0,0.0,0.0
2021-11-17 00:00:00+01:00,0.07500000298023224,0.07500000298023224,0.07500000298023224,0.07500000298023224,0,0.0,0.0
2021-11-18 00:00:00+01:00,0.07500000298023224,0.07500000298023224,0.07500000298023224,0.07500000298023224,0,0.0,0.0
2021-11-19 00:00:00+01:00,0.07500000298023224,0.07500000298023224,0.07500000298023224,0.07500000298023224,0,0.0,0.0
2021-11-22 00:00:00+01:00,0.07500000298023224,0.07500000298023224,0.07500000298023224,0.07500000298023224,0,0.0,0.0
2021-11-23 00:00:00+01:00,0.07500000298023224,0.07500000298023224,0.07500000298023224,0.07500000298023224,0,0.0,0.0
2021-11-24 00:00:00+01:00,0.07500000298023224,0.07500000298023224,0.07500000298023224,0.07500000298023224,0,0.0,0.0
2021-11-25 00:00:00+01:00,0.07500000298023224,0.07500000298023224,0.07500000298023224,0.07500000298023224,0,0.0,0.0
2021-11-26 00:00:00+01:00,0.07500000298023224,0.07500000298023224,0.07500000298023224,0.07500000298023224,0,0.0,0.0
2021-11-29 00:00:00+01:00,0.07500000298023224,0.07500000298023224,0.07500000298023224,0.07500000298023224,0,0.0,0.0
2021-11-30 00:00:00+01:00,0.07500000298023224,0.07500000298023224,0.07500000298023224,0.07500000298023224,0,0.0,0.0
2021-12-01 00:00:00+01:00,0.06549999862909317,0.06549999862909317,0.06549999862909317,0.06549999862909317,0,0.0,0.0
2021-12-02 00:00:00+01:00,0.06549999862909317,0.06549999862909317,0.06549999862909317,0.06549999862909317,0,0.0,0.0
2021-12-03 00:00:00+01:00,0.06549999862909317,0.06549999862909317,0.06549999862909317,0.06549999862909317,0,0.0,0.0
2021-12-06 00:00:00+01:00,0.06400000303983688,0.06400000303983688,0.06400000303983688,0.06400000303983688,0,0.0,0.0
2021-12-07 00:00:00+01:00,0.06400000303983688,0.06400000303983688,0.06400000303983688,0.06400000303983688,0,0.0,0.0
2021-12-08 00:00:00+01:00,0.06350000202655792,0.06350000202655792,0.06350000202655792,0.06350000202655792,0,0.0,0.0
2021-12-09 00:00:00+01:00,0.06300000101327896,0.06300000101327896,0.06300000101327896,0.06300000101327896,0,0.0,0.0
2021-12-10 00:00:00+01:00,0.06400000303983688,0.06400000303983688,0.06400000303983688,0.06400000303983688,0,0.0,0.0
2021-12-13 00:00:00+01:00,0.06350000202655792,0.06350000202655792,0.06350000202655792,0.06350000202655792,0,0.0,0.0
2021-12-14 00:00:00+01:00,0.06350000202655792,0.06350000202655792,0.06350000202655792,0.06350000202655792,0,0.0,0.0
2021-12-15 00:00:00+01:00,0.06350000202655792,0.06350000202655792,0.06350000202655792,0.06350000202655792,0,0.0,0.0
2021-12-16 00:00:00+01:00,0.06350000202655792,0.06350000202655792,0.06350000202655792,0.06350000202655792,0,0.0,0.0
2021-12-17 00:00:00+01:00,0.06350000202655792,0.06350000202655792,0.06350000202655792,0.06350000202655792,0,0.0,0.0
2021-12-20 00:00:00+01:00,0.061500001698732376,0.061500001698732376,0.061500001698732376,0.061500001698732376,0,0.0,0.0
2021-12-21 00:00:00+01:00,0.06199999898672104,0.06199999898672104,0.06199999898672104,0.06199999898672104,0,0.0,0.0
2021-12-22 00:00:00+01:00,0.06650000065565109,0.06650000065565109,0.06650000065565109,0.06650000065565109,0,0.0,0.0
2021-12-23 00:00:00+01:00,0.0625,0.0625,0.0625,0.0625,0,0.0,0.0
2021-12-27 00:00:00+01:00,0.07000000029802322,0.07000000029802322,0.07000000029802322,0.07000000029802322,0,0.0,0.0
2021-12-28 00:00:00+01:00,0.05999999865889549,0.05999999865889549,0.05999999865889549,0.05999999865889549,0,0.0,0.0
2021-12-29 00:00:00+01:00,0.06350000202655792,0.06350000202655792,0.06350000202655792,0.06350000202655792,0,0.0,0.0
2021-12-30 00:00:00+01:00,0.061500001698732376,0.061500001698732376,0.061500001698732376,0.061500001698732376,0,0.0,0.0
2022-01-03 00:00:00+01:00,0.06300000101327896,0.06300000101327896,0.06300000101327896,0.06300000101327896,0,0.0,0.0
2022-01-04 00:00:00+01:00,0.0689999982714653,0.0689999982714653,0.0689999982714653,0.0689999982714653,0,0.0,0.0
2022-01-05 00:00:00+01:00,0.06350000202655792,0.06350000202655792,0.06350000202655792,0.06350000202655792,0,0.0,0.0
2022-01-06 00:00:00+01:00,0.06350000202655792,0.06350000202655792,0.06350000202655792,0.06350000202655792,0,0.0,0.0
2022-01-07 00:00:00+01:00,0.05999999865889549,0.05999999865889549,0.05999999865889549,0.05999999865889549,0,0.0,0.0
2022-01-10 00:00:00+01:00,0.06199999898672104,0.06199999898672104,0.06199999898672104,0.06199999898672104,0,0.0,0.0
2022-01-11 00:00:00+01:00,0.06350000202655792,0.06350000202655792,0.06350000202655792,0.06350000202655792,0,0.0,0.0
2022-01-12 00:00:00+01:00,0.0625,0.0625,0.0625,0.0625,0,0.0,0.0
2022-01-13 00:00:00+01:00,0.061000000685453415,0.061000000685453415,0.061000000685453415,0.061000000685453415,0,0.0,0.0
2022-01-14 00:00:00+01:00,0.05950000137090683,0.05950000137090683,0.05950000137090683,0.05950000137090683,0,0.0,0.0
2022-01-17 00:00:00+01:00,0.061000000685453415,0.061000000685453415,0.061000000685453415,0.061000000685453415,0,0.0,0.0
2022-01-18 00:00:00+01:00,0.061500001698732376,0.061500001698732376,0.061500001698732376,0.061500001698732376,0,0.0,0.0
2022-01-19 00:00:00+01:00,0.0625,0.0625,0.0625,0.0625,0,0.0,0.0
2022-01-20 00:00:00+01:00,0.06199999898672104,0.06199999898672104,0.06199999898672104,0.06199999898672104,0,0.0,0.0
2022-01-21 00:00:00+01:00,0.06350000202655792,0.06350000202655792,0.06350000202655792,0.06350000202655792,0,0.0,0.0
2022-01-24 00:00:00+01:00,0.0625,0.0625,0.0625,0.0625,0,0.0,0.0
2022-01-25 00:00:00+01:00,0.06199999898672104,0.06199999898672104,0.06199999898672104,0.06199999898672104,0,0.0,0.0
2022-01-26 00:00:00+01:00,0.06199999898672104,0.06199999898672104,0.06199999898672104,0.06199999898672104,0,0.0,0.0
2022-01-27 00:00:00+01:00,0.05649999901652336,0.05649999901652336,0.05649999901652336,0.05649999901652336,0,0.0,0.0
2022-01-28 00:00:00+01:00,0.05900000035762787,0.05900000035762787,0.05900000035762787,0.05900000035762787,0,0.0,0.0
2022-01-31 00:00:00+01:00,0.057999998331069946,0.057999998331069946,0.057999998331069946,0.057999998331069946,0,0.0,0.0
2022-02-01 00:00:00+01:00,0.057500001043081284,0.057500001043081284,0.057500001043081284,0.057500001043081284,0,0.0,0.0
2022-02-02 00:00:00+01:00,0.057500001043081284,0.057500001043081284,0.057500001043081284,0.057500001043081284,0,0.0,0.0
2022-02-03 00:00:00+01:00,0.05700000002980232,0.05700000002980232,0.05700000002980232,0.05700000002980232,0,0.0,0.0
2022-02-04 00:00:00+01:00,0.0560000017285347,0.0560000017285347,0.0560000017285347,0.0560000017285347,0,0.0,0.0
2022-02-07 00:00:00+01:00,0.05700000002980232,0.05700000002980232,0.05700000002980232,0.05700000002980232,0,0.0,0.0
2022-02-08 00:00:00+01:00,0.05849999934434891,0.05849999934434891,0.05849999934434891,0.05849999934434891,0,0.0,0.0
2022-02-09 00:00:00+01:00,0.057500001043081284,0.057500001043081284,0.057500001043081284,0.057500001043081284,0,0.0,0.0
2022-02-10 00:00:00+01:00,0.057500001043081284,0.057500001043081284,0.057500001043081284,0.057500001043081284,0,0.0,0.0
2022-02-11 00:00:00+01:00,0.057500001043081284,0.057500001043081284,0.057500001043081284,0.057500001043081284,0,0.0,0.0
2022-02-14 00:00:00+01:00,0.05900000035762787,0.05900000035762787,0.05900000035762787,0.05900000035762787,0,0.0,0.0
2022-02-15 00:00:00+01:00,0.05849999934434891,0.05849999934434891,0.05849999934434891,0.05849999934434891,0,0.0,0.0
2022-02-16 00:00:00+01:00,0.0560000017285347,0.0560000017285347,0.0560000017285347,0.0560000017285347,0,0.0,0.0
2022-02-17 00:00:00+01:00,0.0560000017285347,0.0560000017285347,0.0560000017285347,0.0560000017285347,0,0.0,0.0
2022-02-18 00:00:00+01:00,0.057500001043081284,0.057500001043081284,0.057500001043081284,0.057500001043081284,0,0.0,0.0
2022-02-21 00:00:00+01:00,0.05649999901652336,0.05649999901652336,0.05649999901652336,0.05649999901652336,0,0.0,0.0
2022-02-22 00:00:00+01:00,0.054499998688697815,0.054499998688697815,0.054499998688697815,0.054499998688697815,0,0.0,0.0
2022-02-23 00:00:00+01:00,0.05400000140070915,0.05400000140070915,0.05400000140070915,0.05400000140070915,0,0.0,0.0
2022-02-24 00:00:00+01:00,0.05249999836087227,0.05249999836087227,0.05249999836087227,0.05249999836087227,0,0.0,0.0
2022-02-25 00:00:00+01:00,0.05249999836087227,0.05249999836087227,0.05249999836087227,0.05249999836087227,0,0.0,0.0
2022-02-28 00:00:00+01:00,0.05299999937415123,0.05299999937415123,0.05299999937415123,0.05299999937415123,0,0.0,0.0
2022-03-01 00:00:00+01:00,0.052000001072883606,0.052000001072883606,0.052000001072883606,0.052000001072883606,0,0.0,0.0
2022-03-02 00:00:00+01:00,0.05000000074505806,0.05000000074505806,0.05000000074505806,0.05000000074505806,0,0.0,0.0
2022-03-03 00:00:00+01:00,0.050999999046325684,0.050999999046325684,0.050999999046325684,0.050999999046325684,0,0.0,0.0
2022-03-04 00:00:00+01:00,0.05050000175833702,0.05050000175833702,0.05050000175833702,0.05050000175833702,0,0.0,0.0
2022-03-07 00:00:00+01:00,0.050999999046325684,0.050999999046325684,0.050999999046325684,0.050999999046325684,0,0.0,0.0
2022-03-08 00:00:00+01:00,0.050999999046325684,0.050999999046325684,0.050999999046325684,0.050999999046325684,0,0.0,0.0
2022-03-09 00:00:00+01:00,0.04500000178813934,0.04500000178813934,0.04500000178813934,0.04500000178813934,0,0.0,0.0
2022-03-10 00:00:00+01:00,0.045499999076128006,0.045499999076128006,0.045499999076128006,0.045499999076128006,0,0.0,0.0
2022-03-11 00:00:00+01:00,0.04349999874830246,0.04349999874830246,0.04349999874830246,0.04349999874830246,0,0.0,0.0
2022-03-14 00:00:00+01:00,0.04149999842047691,0.04149999842047691,0.04149999842047691,0.04149999842047691,0,0.0,0.0
2022-03-15 00:00:00+01:00,0.0364999994635582,0.0364999994635582,0.0364999994635582,0.0364999994635582,0,0.0,0.0
2022-03-16 00:00:00+01:00,0.03799999877810478,0.03799999877810478,0.03799999877810478,0.03799999877810478,0,0.0,0.0
2022-03-17 00:00:00+01:00,0.03799999877810478,0.03799999877810478,0.03799999877810478,0.03799999877810478,0,0.0,0.0
2022-03-18 00:00:00+01:00,0.03999999910593033,0.03999999910593033,0.03999999910593033,0.03999999910593033,0,0.0,0.0
2022-03-21 00:00:00+01:00,0.039500001817941666,0.039500001817941666,0.039500001817941666,0.039500001817941666,0,0.0,0.0
2022-03-22 00:00:00+01:00,0.04699999839067459,0.04699999839067459,0.04699999839067459,0.04699999839067459,0,0.0,0.0
2022-03-23 00:00:00+01:00,0.04600000008940697,0.04600000008940697,0.04600000008940697,0.04600000008940697,0,0.0,0.0
2022-03-24 00:00:00+01:00,0.04450000077486038,0.04450000077486038,0.04450000077486038,0.04450000077486038,0,0.0,0.0
2022-03-25 00:00:00+01:00,0.04899999871850014,0.04899999871850014,0.04899999871850014,0.04899999871850014,0,0.0,0.0
2022-03-28 00:00:00+02:00,0.05050000175833702,0.05050000175833702,0.05050000175833702,0.05050000175833702,0,0.0,0.0
2022-03-29 00:00:00+02:00,0.052000001072883606,0.052000001072883606,0.052000001072883606,0.052000001072883606,0,0.0,0.0
2022-03-30 00:00:00+02:00,0.05050000175833702,0.05050000175833702,0.05050000175833702,0.05050000175833702,0,0.0,0.0
2022-03-31 00:00:00+02:00,0.050999999046325684,0.050999999046325684,0.050999999046325684,0.050999999046325684,0,0.0,0.0
2022-04-01 00:00:00+02:00,0.0494999997317791,0.0494999997317791,0.0494999997317791,0.0494999997317791,0,0.0,0.0
2022-04-04 00:00:00+02:00,0.05000000074505806,0.05000000074505806,0.05000000074505806,0.05000000074505806,0,0.0,0.0
2022-04-05 00:00:00+02:00,0.052000001072883606,0.052000001072883606,0.052000001072883606,0.052000001072883606,0,0.0,0.0
2022-04-06 00:00:00+02:00,0.05000000074505806,0.05000000074505806,0.05000000074505806,0.05000000074505806,0,0.0,0.0
2022-04-07 00:00:00+02:00,0.051500000059604645,0.051500000059604645,0.051500000059604645,0.051500000059604645,0,0.0,0.0
2022-04-08 00:00:00+02:00,0.05550000071525574,0.05550000071525574,0.05550000071525574,0.05550000071525574,0,0.0,0.0
2022-04-11 00:00:00+02:00,0.04749999940395355,0.04749999940395355,0.04749999940395355,0.04749999940395355,0,0.0,0.0
2022-04-12 00:00:00+02:00,0.04600000008940697,0.04600000008940697,0.04600000008940697,0.04600000008940697,0,0.0,0.0
2022-04-13 00:00:00+02:00,0.04800000041723251,0.04800000041723251,0.04800000041723251,0.04800000041723251,0,0.0,0.0
2022-04-14 00:00:00+02:00,0.04650000110268593,0.04650000110268593,0.04650000110268593,0.04650000110268593,0,0.0,0.0
2022-04-19 00:00:00+02:00,0.04699999839067459,0.04699999839067459,0.04699999839067459,0.04699999839067459,0,0.0,0.0
2022-04-20 00:00:00+02:00,0.0494999997317791,0.0494999997317791,0.0494999997317791,0.0494999997317791,0,0.0,0.0
2022-04-21 00:00:00+02:00,0.04699999839067459,0.04699999839067459,0.04699999839067459,0.04699999839067459,0,0.0,0.0
2022-04-22 00:00:00+02:00,0.045499999076128006,0.045499999076128006,0.045499999076128006,0.045499999076128006,0,0.0,0.0
2022-04-25 00:00:00+02:00,0.045499999076128006,0.045499999076128006,0.045499999076128006,0.045499999076128006,0,0.0,0.0
2022-04-26 00:00:00+02:00,0.04450000077486038,0.04450000077486038,0.04450000077486038,0.04450000077486038,0,0.0,0.0
2022-04-27 00:00:00+02:00,0.04800000041723251,0.04800000041723251,0.04800000041723251,0.04800000041723251,0,0.0,0.0
2022-04-28 00:00:00+02:00,0.04749999940395355,0.04749999940395355,0.04749999940395355,0.04749999940395355,0,0.0,0.0
2022-04-29 00:00:00+02:00,0.0494999997317791,0.0494999997317791,0.0494999997317791,0.0494999997317791,0,0.0,0.0
2022-05-02 00:00:00+02:00,0.05050000175833702,0.05050000175833702,0.05050000175833702,0.05050000175833702,0,0.0,0.0
2022-05-03 00:00:00+02:00,0.0494999997317791,0.0494999997317791,0.0494999997317791,0.0494999997317791,0,0.0,0.0
2022-05-04 00:00:00+02:00,0.051500000059604645,0.051500000059604645,0.051500000059604645,0.051500000059604645,0,0.0,0.0
2022-05-05 00:00:00+02:00,0.04749999940395355,0.04749999940395355,0.04749999940395355,0.04749999940395355,0,0.0,0.0
2022-05-06 00:00:00+02:00,0.04699999839067459,0.04699999839067459,0.04699999839067459,0.04699999839067459,0,0.0,0.0
2022-05-09 00:00:00+02:00,0.04650000110268593,0.04650000110268593,0.04650000110268593,0.04650000110268593,0,0.0,0.0
2022-05-10 00:00:00+02:00,0.04650000110268593,0.04650000110268593,0.04650000110268593,0.04650000110268593,0,0.0,0.0
2022-05-11 00:00:00+02:00,0.04650000110268593,0.04650000110268593,0.04650000110268593,0.04650000110268593,0,0.0,0.0
2022-05-12 00:00:00+02:00,0.05000000074505806,0.05000000074505806,0.05000000074505806,0.05000000074505806,0,0.0,0.0
2022-05-13 00:00:00+02:00,0.04899999871850014,0.04899999871850014,0.04899999871850014,0.04899999871850014,0,0.0,0.0
2022-05-16 00:00:00+02:00,0.04699999839067459,0.04699999839067459,0.04699999839067459,0.04699999839067459,0,0.0,0.0
2022-05-17 00:00:00+02:00,0.04600000008940697,0.04600000008940697,0.04600000008940697,0.04600000008940697,0,0.0,0.0
2022-05-18 00:00:00+02:00,0.04800000041723251,0.04800000041723251,0.04800000041723251,0.04800000041723251,0,0.0,0.0
2022-05-19 00:00:00+02:00,0.04600000008940697,0.04600000008940697,0.04600000008940697,0.04600000008940697,0,0.0,0.0
2022-05-20 00:00:00+02:00,0.04600000008940697,0.04600000008940697,0.04600000008940697,0.04600000008940697,0,0.0,0.0
2022-05-23 00:00:00+02:00,0.04600000008940697,0.04600000008940697,0.04600000008940697,0.04600000008940697,0,0.0,0.0
2022-05-24 00:00:00+02:00,0.04500000178813934,0.04500000178813934,0.04500000178813934,0.04500000178813934,0,0.0,0.0
2022-05-25 00:00:00+02:00,0.04500000178813934,0.04500000178813934,0.04500000178813934,0.04500000178813934,0,0.0,0.0
2022-05-26 00:00:00+02:00,0.04699999839067459,0.04699999839067459,0.04699999839067459,0.04699999839067459,0,0.0,0.0
2022-05-27 00:00:00+02:00,0.04600000008940697,0.04600000008940697,0.04600000008940697,0.04600000008940697,0,0.0,0.0
2022-05-30 00:00:00+02:00,0.04650000110268593,0.04650000110268593,0.04650000110268593,0.04650000110268593,0,0.0,0.0
2022-05-31 00:00:00+02:00,0.05000000074505806,0.05000000074505806,0.05000000074505806,0.05000000074505806,0,0.0,0.0
2022-06-01 00:00:00+02:00,0.05000000074505806,0.05000000074505806,0.05000000074505806,0.05000000074505806,0,0.0,0.0
2022-06-02 00:00:00+02:00,0.04749999940395355,0.04749999940395355,0.04749999940395355,0.04749999940395355,0,0.0,0.0
2022-06-03 00:00:00+02:00,0.04699999839067459,0.04699999839067459,0.04699999839067459,0.04699999839067459,0,0.0,0.0
2022-06-06 00:00:00+02:00,0.04699999839067459,0.04699999839067459,0.04699999839067459,0.04699999839067459,0,0.0,0.0
2022-06-07 00:00:00+02:00,0.05000000074505806,0.05000000074505806,0.05000000074505806,0.05000000074505806,0,0.0,0.0
2022-06-08 00:00:00+02:00,0.04800000041723251,0.04800000041723251,0.04800000041723251,0.04800000041723251,0,0.0,0.0
2022-06-09 00:00:00+02:00,0.04899999871850014,0.04899999871850014,0.04899999871850014,0.04899999871850014,0,0.0,0.0
2022-06-10 00:00:00+02:00,0.048500001430511475,0.048500001430511475,0.048500001430511475,0.048500001430511475,0,0.0,0.0
2022-06-13 00:00:00+02:00,0.05350000038743019,0.05350000038743019,0.05350000038743019,0.05350000038743019,0,0.0,0.0
2022-06-14 00:00:00+02:00,0.050999999046325684,0.050999999046325684,0.050999999046325684,0.050999999046325684,0,0.0,0.0
2022-06-15 00:00:00+02:00,0.05050000175833702,0.05050000175833702,0.05050000175833702,0.05050000175833702,0,0.0,0.0
2022-06-16 00:00:00+02:00,0.048500001430511475,0.048500001430511475,0.048500001430511475,0.048500001430511475,0,0.0,0.0
2022-06-17 00:00:00+02:00,0.04749999940395355,0.04749999940395355,0.04749999940395355,0.04749999940395355,0,0.0,0.0
2022-06-20 00:00:00+02:00,0.04699999839067459,0.04699999839067459,0.04699999839067459,0.04699999839067459,0,0.0,0.0
2022-06-21 00:00:00+02:00,0.04899999871850014,0.04899999871850014,0.04899999871850014,0.04899999871850014,0,0.0,0.0
2022-06-22 00:00:00+02:00,0.04899999871850014,0.04899999871850014,0.04899999871850014,0.04899999871850014,0,0.0,0.0
2022-06-23 00:00:00+02:00,0.04899999871850014,0.04899999871850014,0.04899999871850014,0.04899999871850014,0,0.0,0.0
2022-06-24 00:00:00+02:00,0.048500001430511475,0.048500001430511475,0.048500001430511475,0.048500001430511475,0,0.0,0.0
2022-06-27 00:00:00+02:00,0.05050000175833702,0.05050000175833702,0.05050000175833702,0.05050000175833702,0,0.0,0.0
2022-06-28 00:00:00+02:00,0.05000000074505806,0.05000000074505806,0.05000000074505806,0.05000000074505806,0,0.0,0.0
2022-06-29 00:00:00+02:00,0.05050000175833702,0.05050000175833702,0.05050000175833702,0.05050000175833702,0,0.0,0.0
2022-06-30 00:00:00+02:00,0.05050000175833702,0.05050000175833702,0.05050000175833702,0.05050000175833702,0,0.0,0.0
2022-07-01 00:00:00+02:00,0.05000000074505806,0.05000000074505806,0.05000000074505806,0.05000000074505806,0,0.0,0.0
2022-07-04 00:00:00+02:00,0.0494999997317791,0.0494999997317791,0.0494999997317791,0.0494999997317791,0,0.0,0.0
2022-07-05 00:00:00+02:00,0.0494999997317791,0.0494999997317791,0.0494999997317791,0.0494999997317791,0,0.0,0.0
2022-07-06 00:00:00+02:00,0.0494999997317791,0.0494999997317791,0.0494999997317791,0.0494999997317791,0,0.0,0.0
2022-07-07 00:00:00+02:00,0.05050000175833702,0.05050000175833702,0.05050000175833702,0.05050000175833702,0,0.0,0.0
2022-07-08 00:00:00+02:00,0.050999999046325684,0.050999999046325684,0.050999999046325684,0.050999999046325684,0,0.0,0.0
2022-07-11 00:00:00+02:00,0.05000000074505806,0.05000000074505806,0.05000000074505806,0.05000000074505806,0,0.0,0.0
2022-07-12 00:00:00+02:00,0.05000000074505806,0.05000000074505806,0.05000000074505806,0.05000000074505806,0,0.0,0.0
2022-07-13 00:00:00+02:00,0.0494999997317791,0.0494999997317791,0.0494999997317791,0.0494999997317791,0,0.0,0.0
2022-07-14 00:00:00+02:00,0.05050000175833702,0.05050000175833702,0.05050000175833702,0.05050000175833702,0,0.0,0.0
2022-07-15 00:00:00+02:00,0.04800000041723251,0.04800000041723251,0.04800000041723251,0.04800000041723251,0,0.0,0.0
2022-07-18 00:00:00+02:00,0.04749999940395355,0.04749999940395355,0.04749999940395355,0.04749999940395355,0,0.0,0.0
2022-07-19 00:00:00+02:00,0.04699999839067459,0.04699999839067459,0.04699999839067459,0.04699999839067459,0,0.0,0.0
2022-07-20 00:00:00+02:00,0.04800000041723251,0.04800000041723251,0.04800000041723251,0.04800000041723251,0,0.0,0.0
2022-07-21 00:00:00+02:00,0.04600000008940697,0.04600000008940697,0.04600000008940697,0.04600000008940697,0,0.0,0.0
2022-07-22 00:00:00+02:00,0.04699999839067459,0.04699999839067459,0.04699999839067459,0.04699999839067459,0,0.0,0.0
2022-07-25 00:00:00+02:00,0.045499999076128006,0.045499999076128006,0.045499999076128006,0.045499999076128006,0,0.0,0.0
2022-07-26 00:00:00+02:00,0.04399999976158142,0.04399999976158142,0.04399999976158142,0.04399999976158142,0,0.0,0.0
2022-07-27 00:00:00+02:00,0.04500000178813934,0.04500000178813934,0.04500000178813934,0.04500000178813934,0,0.0,0.0
2022-07-28 00:00:00+02:00,0.04349999874830246,0.04349999874830246,0.04349999874830246,0.04349999874830246,0,0.0,0.0
2022-07-29 00:00:00+02:00,0.045499999076128006,0.045499999076128006,0.045499999076128006,0.045499999076128006,0,0.0,0.0
2022-08-01 00:00:00+02:00,0.045499999076128006,0.045499999076128006,0.045499999076128006,0.045499999076128006,0,0.0,0.0
2022-08-02 00:00:00+02:00,0.04450000077486038,0.04450000077486038,0.04450000077486038,0.04450000077486038,0,0.0,0.0
2022-08-03 00:00:00+02:00,0.045499999076128006,0.045499999076128006,0.045499999076128006,0.045499999076128006,0,0.0,0.0
2022-08-04 00:00:00+02:00,0.045499999076128006,0.045499999076128006,0.045499999076128006,0.045499999076128006,0,0.0,0.0
2022-08-05 00:00:00+02:00,0.04600000008940697,0.04600000008940697,0.04600000008940697,0.04600000008940697,0,0.0,0.0
2022-08-08 00:00:00+02:00,0.05249999836087227,0.05249999836087227,0.05249999836087227,0.05249999836087227,0,0.0,0.0
2022-08-09 00:00:00+02:00,0.05249999836087227,0.05249999836087227,0.05249999836087227,0.05249999836087227,0,0.0,0.0
2022-08-10 00:00:00+02:00,0.04899999871850014,0.04899999871850014,0.04899999871850014,0.04899999871850014,0,0.0,0.0
2022-08-11 00:00:00+02:00,0.04650000110268593,0.04650000110268593,0.04650000110268593,0.04650000110268593,0,0.0,0.0
2022-08-12 00:00:00+02:00,0.04500000178813934,0.04500000178813934,0.04500000178813934,0.04500000178813934,0,0.0,0.0
2022-08-15 00:00:00+02:00,0.045499999076128006,0.045499999076128006,0.045499999076128006,0.045499999076128006,0,0.0,0.0
2022-08-16 00:00:00+02:00,0.04650000110268593,0.04650000110268593,0.04650000110268593,0.04650000110268593,0,0.0,0.0
2022-08-17 00:00:00+02:00,0.04800000041723251,0.04800000041723251,0.04800000041723251,0.04800000041723251,0,0.0,0.0
2022-08-18 00:00:00+02:00,0.048500001430511475,0.048500001430511475,0.048500001430511475,0.048500001430511475,0,0.0,0.0
2022-08-19 00:00:00+02:00,0.04600000008940697,0.04600000008940697,0.04600000008940697,0.04600000008940697,0,0.0,0.0
2022-08-22 00:00:00+02:00,0.04600000008940697,0.04600000008940697,0.04600000008940697,0.04600000008940697,0,0.0,0.0
2022-08-23 00:00:00+02:00,0.04749999940395355,0.04749999940395355,0.04749999940395355,0.04749999940395355,0,0.0,0.0
2022-08-24 00:00:00+02:00,0.04800000041723251,0.04800000041723251,0.04800000041723251,0.04800000041723251,0,0.0,0.0
2022-08-25 00:00:00+02:00,0.04749999940395355,0.04749999940395355,0.04749999940395355,0.04749999940395355,0,0.0,0.0
2022-08-26 00:00:00+02:00,0.04800000041723251,0.04800000041723251,0.04800000041723251,0.04800000041723251,0,0.0,0.0
2022-08-29 00:00:00+02:00,0.051500000059604645,0.051500000059604645,0.051500000059604645,0.051500000059604645,0,0.0,0.0
2022-08-30 00:00:00+02:00,0.051500000059604645,0.051500000059604645,0.051500000059604645,0.051500000059604645,0,0.0,0.0
2022-08-31 00:00:00+02:00,0.051500000059604645,0.051500000059604645,0.051500000059604645,0.051500000059604645,0,0.0,0.0
2022-09-01 00:00:00+02:00,0.052000001072883606,0.052000001072883606,0.052000001072883606,0.052000001072883606,0,0.0,0.0
2022-09-02 00:00:00+02:00,0.052000001072883606,0.052000001072883606,0.052000001072883606,0.052000001072883606,0,0.0,0.0
2022-09-05 00:00:00+02:00,0.052000001072883606,0.052000001072883606,0.052000001072883606,0.052000001072883606,0,0.0,0.0
2022-09-06 00:00:00+02:00,0.05050000175833702,0.05050000175833702,0.05050000175833702,0.05050000175833702,0,0.0,0.0
2022-09-07 00:00:00+02:00,0.045499999076128006,0.045499999076128006,0.045499999076128006,0.045499999076128006,0,0.0,0.0
2022-09-08 00:00:00+02:00,0.04500000178813934,0.04500000178813934,0.04500000178813934,0.04500000178813934,0,0.0,0.0
2022-09-09 00:00:00+02:00,0.045499999076128006,0.045499999076128006,0.045499999076128006,0.045499999076128006,0,0.0,0.0
2022-09-12 00:00:00+02:00,0.045499999076128006,0.045499999076128006,0.045499999076128006,0.045499999076128006,0,0.0,0.0
2022-09-13 00:00:00+02:00,0.05000000074505806,0.05000000074505806,0.05000000074505806,0.04500000178813934,0,0.0,0.0
2022-09-14 00:00:00+02:00,0.048500001430511475,0.048500001430511475,0.048500001430511475,0.05000000074505806,0,0.0,0.0
2022-09-15 00:00:00+02:00,0.0430000014603138,0.0430000014603138,0.0430000014603138,0.0430000014603138,0,0.0,0.0
2022-09-16 00:00:00+02:00,0.04349999874830246,0.04349999874830246,0.04349999874830246,0.04349999874830246,0,0.0,0.0
2022-09-19 00:00:00+02:00,0.045499999076128006,0.045499999076128006,0.045499999076128006,0.045499999076128006,0,0.0,0.0
2022-09-20 00:00:00+02:00,0.04500000178813934,0.04500000178813934,0.04500000178813934,0.04500000178813934,0,0.0,0.0
2022-09-21 00:00:00+02:00,0.045499999076128006,0.045499999076128006,0.045499999076128006,0.045499999076128006,0,0.0,0.0
2022-09-22 00:00:00+02:00,0.04650000110268593,0.04650000110268593,0.04650000110268593,0.04650000110268593,0,0.0,0.0
2022-09-23 00:00:00+02:00,0.04050000011920929,0.04050000011920929,0.04050000011920929,0.04050000011920929,0,0.0,0.0
2022-09-26 00:00:00+02:00,0.04399999976158142,0.04399999976158142,0.04399999976158142,0.04399999976158142,0,0.0,0.0
2022-09-27 00:00:00+02:00,0.041999999433755875,0.041999999433755875,0.041999999433755875,0.041999999433755875,0,0.0,0.0
2022-09-28 00:00:00+02:00,0.03750000149011612,0.03750000149011612,0.03750000149011612,0.03750000149011612,0,0.0,0.0
2022-09-29 00:00:00+02:00,0.03999999910593033,0.03999999910593033,0.03999999910593033,0.03999999910593033,0,0.0,0.0
2022-09-30 00:00:00+02:00,0.04149999842047691,0.04149999842047691,0.04149999842047691,0.04149999842047691,0,0.0,0.0
2022-10-03 00:00:00+02:00,0.04100000113248825,0.04100000113248825,0.04100000113248825,0.04100000113248825,0,0.0,0.0
2022-10-04 00:00:00+02:00,0.04050000011920929,0.04050000011920929,0.04050000011920929,0.04050000011920929,0,0.0,0.0
2022-10-05 00:00:00+02:00,0.03350000083446503,0.03350000083446503,0.03350000083446503,0.03350000083446503,0,0.0,0.0
2022-10-06 00:00:00+02:00,0.04699999839067459,0.04699999839067459,0.04699999839067459,0.04699999839067459,0,0.0,0.0
2022-10-07 00:00:00+02:00,0.04800000041723251,0.04800000041723251,0.04800000041723251,0.04800000041723251,0,0.0,0.0
2022-10-10 00:00:00+02:00,0.04050000011920929,0.04050000011920929,0.04050000011920929,0.04050000011920929,0,0.0,0.0
2022-10-11 00:00:00+02:00,0.04899999871850014,0.04899999871850014,0.04899999871850014,0.04899999871850014,0,0.0,0.0
2022-10-12 00:00:00+02:00,0.03849999979138374,0.03849999979138374,0.03849999979138374,0.03849999979138374,0,0.0,0.0
2022-10-13 00:00:00+02:00,0.03999999910593033,0.03999999910593033,0.03999999910593033,0.03999999910593033,0,0.0,0.0
2022-10-14 00:00:00+02:00,0.03999999910593033,0.03999999910593033,0.03999999910593033,0.03999999910593033,0,0.0,0.0
2022-10-17 00:00:00+02:00,0.0364999994635582,0.0364999994635582,0.0364999994635582,0.0364999994635582,0,0.0,0.0
2022-10-18 00:00:00+02:00,0.039000000804662704,0.039000000804662704,0.039000000804662704,0.039000000804662704,0,0.0,0.0
2022-10-19 00:00:00+02:00,0.03999999910593033,0.03999999910593033,0.03999999910593033,0.03999999910593033,0,0.0,0.0
2022-10-20 00:00:00+02:00,0.03550000116229057,0.03550000116229057,0.03550000116229057,0.03550000116229057,0,0.0,0.0
2022-10-21 00:00:00+02:00,0.039000000804662704,0.039000000804662704,0.039000000804662704,0.039000000804662704,0,0.0,0.0
2022-10-24 00:00:00+02:00,0.03550000116229057,0.03550000116229057,0.03550000116229057,0.03550000116229057,0,0.0,0.0
2022-10-25 00:00:00+02:00,0.03500000014901161,0.03500000014901161,0.03500000014901161,0.03500000014901161,0,0.0,0.0
2022-10-26 00:00:00+02:00,0.03449999913573265,0.03449999913573265,0.03449999913573265,0.03449999913573265,0,0.0,0.0
2022-10-27 00:00:00+02:00,0.03400000184774399,0.03400000184774399,0.03400000184774399,0.03400000184774399,0,0.0,0.0
2022-10-28 00:00:00+02:00,0.03449999913573265,0.03449999913573265,0.03449999913573265,0.03449999913573265,0,0.0,0.0
2022-10-31 00:00:00+01:00,0.03500000014901161,0.03500000014901161,0.03500000014901161,0.03500000014901161,0,0.0,0.0
2022-11-01 00:00:00+01:00,0.03449999913573265,0.03449999913573265,0.03449999913573265,0.03449999913573265,0,0.0,0.0
2022-11-02 00:00:00+01:00,0.03449999913573265,0.03449999913573265,0.03449999913573265,0.03449999913573265,0,0.0,0.0
2022-11-03 00:00:00+01:00,0.03400000184774399,0.03400000184774399,0.03400000184774399,0.03400000184774399,0,0.0,0.0
2022-11-04 00:00:00+01:00,0.042500000447034836,0.042500000447034836,0.042500000447034836,0.042500000447034836,0,0.0,0.0
2022-11-07 00:00:00+01:00,0.039500001817941666,0.039500001817941666,0.039500001817941666,0.039500001817941666,0,0.0,0.0
2022-11-08 00:00:00+01:00,0.03700000047683716,0.03700000047683716,0.03700000047683716,0.03700000047683716,0,0.0,0.0
2022-11-09 00:00:00+01:00,0.03750000149011612,0.03750000149011612,0.03750000149011612,0.03750000149011612,0,0.0,0.0
2022-11-10 00:00:00+01:00,0.03799999877810478,0.03799999877810478,0.03799999877810478,0.03799999877810478,0,0.0,0.0
2022-11-11 00:00:00+01:00,0.03799999877810478,0.03799999877810478,0.03799999877810478,0.03799999877810478,0,0.0,0.0
2022-11-14 00:00:00+01:00,0.04100000113248825,0.04100000113248825,0.04100000113248825,0.04100000113248825,0,0.0,0.0
2022-11-15 00:00:00+01:00,0.03999999910593033,0.03999999910593033,0.03999999910593033,0.03999999910593033,0,0.0,0.0
2022-11-16 00:00:00+01:00,0.039000000804662704,0.039000000804662704,0.039000000804662704,0.039000000804662704,0,0.0,0.0
2022-11-17 00:00:00+01:00,0.03849999979138374,0.03849999979138374,0.03849999979138374,0.03849999979138374,0,0.0,0.0
2022-11-18 00:00:00+01:00,0.0364999994635582,0.0364999994635582,0.0364999994635582,0.0364999994635582,0,0.0,0.0
2022-11-21 00:00:00+01:00,0.03799999877810478,0.03799999877810478,0.03799999877810478,0.03799999877810478,0,0.0,0.0
2022-11-22 00:00:00+01:00,0.03500000014901161,0.03500000014901161,0.03500000014901161,0.03500000014901161,0,0.0,0.0
2022-11-23 00:00:00+01:00,0.0364999994635582,0.0364999994635582,0.0364999994635582,0.0364999994635582,0,0.0,0.0
2022-11-24 00:00:00+01:00,0.05050000175833702,0.05050000175833702,0.05050000175833702,0.05050000175833702,0,0.0,0.0
2022-11-25 00:00:00+01:00,0.04650000110268593,0.04650000110268593,0.04650000110268593,0.04650000110268593,0,0.0,0.0
2022-11-28 00:00:00+01:00,0.050999999046325684,0.050999999046325684,0.050999999046325684,0.050999999046325684,0,0.0,0.0
2022-11-29 00:00:00+01:00,0.04149999842047691,0.04149999842047691,0.04149999842047691,0.04149999842047691,0,0.0,0.0
2022-11-30 00:00:00+01:00,0.04450000077486038,0.04450000077486038,0.04450000077486038,0.04450000077486038,0,0.0,0.0
2022-12-01 00:00:00+01:00,0.04699999839067459,0.04699999839067459,0.04699999839067459,0.04699999839067459,0,0.0,0.0
2022-12-02 00:00:00+01:00,0.04349999874830246,0.04349999874830246,0.04349999874830246,0.04349999874830246,0,0.0,0.0
2022-12-05 00:00:00+01:00,0.04699999839067459,0.04699999839067459,0.04699999839067459,0.04699999839067459,0,0.0,0.0
2022-12-06 00:00:00+01:00,0.0494999997317791,0.0494999997317791,0.0494999997317791,0.0494999997317791,0,0.0,0.0
2022-12-07 00:00:00+01:00,0.05050000175833702,0.05050000175833702,0.05050000175833702,0.05050000175833702,0,0.0,0.0
2022-12-08 00:00:00+01:00,0.051500000059604645,0.051500000059604645,0.051500000059604645,0.051500000059604645,0,0.0,0.0
2022-12-09 00:00:00+01:00,0.05000000074505806,0.05000000074505806,0.05000000074505806,0.05000000074505806,0,0.0,0.0
2022-12-12 00:00:00+01:00,0.05400000140070915,0.05400000140070915,0.05400000140070915,0.05400000140070915,0,0.0,0.0
2022-12-13 00:00:00+01:00,0.05350000038743019,0.05350000038743019,0.05350000038743019,0.05350000038743019,0,0.0,0.0
2022-12-14 00:00:00+01:00,0.04899999871850014,0.04899999871850014,0.04899999871850014,0.04899999871850014,0,0.0,0.0
2022-12-15 00:00:00+01:00,0.04899999871850014,0.04899999871850014,0.04899999871850014,0.04899999871850014,0,0.0,0.0
2022-12-16 00:00:00+01:00,0.04899999871850014,0.04899999871850014,0.04899999871850014,0.04899999871850014,0,0.0,0.0
2022-12-19 00:00:00+01:00,0.04399999976158142,0.04399999976158142,0.04399999976158142,0.04399999976158142,0,0.0,0.0
2022-12-20 00:00:00+01:00,0.045499999076128006,0.045499999076128006,0.045499999076128006,0.045499999076128006,0,0.0,0.0
2022-12-21 00:00:00+01:00,0.04500000178813934,0.04500000178813934,0.04500000178813934,0.04500000178813934,0,0.0,0.0
2022-12-22 00:00:00+01:00,0.04650000110268593,0.04650000110268593,0.04650000110268593,0.04650000110268593,0,0.0,0.0
2022-12-23 00:00:00+01:00,0.04650000110268593,0.04650000110268593,0.04650000110268593,0.04650000110268593,0,0.0,0.0
2022-12-27 00:00:00+01:00,0.0430000014603138,0.0430000014603138,0.0430000014603138,0.0430000014603138,0,0.0,0.0
2022-12-28 00:00:00+01:00,0.04500000178813934,0.04500000178813934,0.04500000178813934,0.04500000178813934,0,0.0,0.0
2022-12-29 00:00:00+01:00,0.04600000008940697,0.04600000008940697,0.04600000008940697,0.04600000008940697,0,0.0,0.0
2022-12-30 00:00:00+01:00,0.045499999076128006,0.045499999076128006,0.045499999076128006,0.045499999076128006,0,0.0,0.0
2023-01-02 00:00:00+01:00,0.04600000008940697,0.04600000008940697,0.04600000008940697,0.04600000008940697,0,0.0,0.0
2023-01-03 00:00:00+01:00,0.04500000178813934,0.04500000178813934,0.04500000178813934,0.04500000178813934,0,0.0,0.0
2023-01-04 00:00:00+01:00,0.04399999976158142,0.04399999976158142,0.04399999976158142,0.04399999976158142,0,0.0,0.0
2023-01-05 00:00:00+01:00,0.04650000110268593,0.04650000110268593,0.04650000110268593,0.04650000110268593,0,0.0,0.0
2023-01-06 00:00:00+01:00,0.04899999871850014,0.04899999871850014,0.04899999871850014,0.04899999871850014,0,0.0,0.0
2023-01-09 00:00:00+01:00,0.045499999076128006,0.045499999076128006,0.045499999076128006,0.045499999076128006,0,0.0,0.0
2023-01-10 00:00:00+01:00,0.04749999940395355,0.04749999940395355,0.04749999940395355,0.04749999940395355,0,0.0,0.0
2023-01-11 00:00:00+01:00,0.05000000074505806,0.05000000074505806,0.05000000074505806,0.05000000074505806,0,0.0,0.0
2023-01-12 00:00:00+01:00,0.0494999997317791,0.0494999997317791,0.0494999997317791,0.0494999997317791,0,0.0,0.0
2023-01-13 00:00:00+01:00,0.050999999046325684,0.050999999046325684,0.050999999046325684,0.050999999046325684,0,0.0,0.0
2023-01-16 00:00:00+01:00,0.05050000175833702,0.05050000175833702,0.05050000175833702,0.05050000175833702,0,0.0,0.0
2023-01-17 00:00:00+01:00,0.04899999871850014,0.04899999871850014,0.04899999871850014,0.04899999871850014,0,0.0,0.0
2023-01-18 00:00:00+01:00,0.05050000175833702,0.05050000175833702,0.05050000175833702,0.05050000175833702,0,0.0,0.0
2023-01-19 00:00:00+01:00,0.05050000175833702,0.05050000175833702,0.05050000175833702,0.05050000175833702,0,0.0,0.0
2023-01-20 00:00:00+01:00,0.0494999997317791,0.0494999997317791,0.0494999997317791,0.0494999997317791,0,0.0,0.0
2023-01-23 00:00:00+01:00,0.04899999871850014,0.04899999871850014,0.04899999871850014,0.04899999871850014,0,0.0,0.0
2023-01-24 00:00:00+01:00,0.04899999871850014,0.04899999871850014,0.04899999871850014,0.04899999871850014,0,0.0,0.0
2023-01-25 00:00:00+01:00,0.04899999871850014,0.04899999871850014,0.04899999871850014,0.04899999871850014,0,0.0,0.0
2023-01-26 00:00:00+01:00,0.05400000140070915,0.05400000140070915,0.05400000140070915,0.05400000140070915,0,0.0,0.0
2023-01-27 00:00:00+01:00,0.05350000038743019,0.05350000038743019,0.05350000038743019,0.05350000038743019,0,0.0,0.0
2023-01-30 00:00:00+01:00,0.05400000140070915,0.05400000140070915,0.05400000140070915,0.05400000140070915,0,0.0,0.0
2023-01-31 00:00:00+01:00,0.05050000175833702,0.05050000175833702,0.05050000175833702,0.05050000175833702,0,0.0,0.0
2023-02-01 00:00:00+01:00,0.048500001430511475,0.048500001430511475,0.048500001430511475,0.048500001430511475,0,0.0,0.0
2023-02-02 00:00:00+01:00,0.050999999046325684,0.050999999046325684,0.050999999046325684,0.050999999046325684,0,0.0,0.0
2023-02-03 00:00:00+01:00,0.050999999046325684,0.050999999046325684,0.050999999046325684,0.050999999046325684,0,0.0,0.0
2023-02-06 00:00:00+01:00,0.05299999937415123,0.05299999937415123,0.05299999937415123,0.05299999937415123,0,0.0,0.0
2023-02-07 00:00:00+01:00,0.051500000059604645,0.051500000059604645,0.051500000059604645,0.051500000059604645,0,0.0,0.0
2023-02-08 00:00:00+01:00,0.05000000074505806,0.05000000074505806,0.05000000074505806,0.05000000074505806,0,0.0,0.0
2023-02-09 00:00:00+01:00,0.05249999836087227,0.05249999836087227,0.05249999836087227,0.05249999836087227,0,0.0,0.0
2023-02-10 00:00:00+01:00,0.05249999836087227,0.05249999836087227,0.05249999836087227,0.05249999836087227,0,0.0,0.0
2023-02-13 00:00:00+01:00,0.05000000074505806,0.05000000074505806,0.05000000074505806,0.05000000074505806,0,0.0,0.0
2023-02-14 00:00:00+01:00,0.04899999871850014,0.04899999871850014,0.04899999871850014,0.04899999871850014,0,0.0,0.0
2023-02-15 00:00:00+01:00,0.04899999871850014,0.04899999871850014,0.04899999871850014,0.04899999871850014,0,0.0,0.0
2023-02-16 00:00:00+01:00,0.048500001430511475,0.048500001430511475,0.048500001430511475,0.048500001430511475,0,0.0,0.0
2023-02-17 00:00:00+01:00,0.04899999871850014,0.04899999871850014,0.04899999871850014,0.04899999871850014,0,0.0,0.0
2023-02-20 00:00:00+01:00,0.052000001072883606,0.052000001072883606,0.052000001072883606,0.052000001072883606,0,0.0,0.0
2023-02-21 00:00:00+01:00,0.0494999997317791,0.0494999997317791,0.0494999997317791,0.0494999997317791,0,0.0,0.0
2023-02-22 00:00:00+01:00,0.04899999871850014,0.04899999871850014,0.04899999871850014,0.04899999871850014,0,0.0,0.0
2023-02-23 00:00:00+01:00,0.04899999871850014,0.04899999871850014,0.04899999871850014,0.04899999871850014,0,0.0,0.0
2023-02-24 00:00:00+01:00,0.052000001072883606,0.052000001072883606,0.052000001072883606,0.052000001072883606,0,0.0,0.0
2023-02-27 00:00:00+01:00,0.054999999701976776,0.054999999701976776,0.054999999701976776,0.054999999701976776,0,0.0,0.0
2023-02-28 00:00:00+01:00,0.05249999836087227,0.05249999836087227,0.05249999836087227,0.05249999836087227,0,0.0,0.0
2023-03-01 00:00:00+01:00,0.05400000140070915,0.09300000220537186,0.05400000140070915,0.09300000220537186,2500,0.0,0.0
2023-03-02 00:00:00+01:00,0.054999999701976776,0.054999999701976776,0.054999999701976776,0.054999999701976776,0,0.0,0.0
2023-03-03 00:00:00+01:00,0.054999999701976776,0.054999999701976776,0.054999999701976776,0.054999999701976776,0,0.0,0.0
2023-03-06 00:00:00+01:00,0.057999998331069946,0.057999998331069946,0.057999998331069946,0.057999998331069946,0,0.0,0.0
2023-03-07 00:00:00+01:00,0.05900000035762787,0.05900000035762787,0.05900000035762787,0.05900000035762787,0,0.0,0.0
2023-03-08 00:00:00+01:00,0.05999999865889549,0.05999999865889549,0.05999999865889549,0.05999999865889549,0,0.0,0.0
2023-03-09 00:00:00+01:00,0.060499999672174454,0.060499999672174454,0.060499999672174454,0.060499999672174454,0,0.0,0.0
2023-03-10 00:00:00+01:00,0.05900000035762787,0.05900000035762787,0.05900000035762787,0.05900000035762787,0,0.0,0.0
2023-03-13 00:00:00+01:00,0.05700000002980232,0.05900000035762787,0.05700000002980232,0.05900000035762787,2500,0.0,0.0
2023-03-14 00:00:00+01:00,0.054999999701976776,0.054999999701976776,0.054999999701976776,0.054999999701976776,0,0.0,0.0
2023-03-15 00:00:00+01:00,0.0560000017285347,0.0560000017285347,0.0560000017285347,0.0560000017285347,0,0.0,0.0
2023-03-16 00:00:00+01:00,0.05400000140070915,0.05400000140070915,0.05400000140070915,0.05400000140070915,0,0.0,0.0
2023-03-17 00:00:00+01:00,0.05400000140070915,0.05400000140070915,0.05400000140070915,0.05400000140070915,0,0.0,0.0
2023-03-20 00:00:00+01:00,0.05550000071525574,0.05550000071525574,0.05550000071525574,0.05550000071525574,0,0.0,0.0
2023-03-21 00:00:00+01:00,0.054999999701976776,0.054999999701976776,0.054999999701976776,0.054999999701976776,0,0.0,0.0
2023-03-22 00:00:00+01:00,0.04800000041723251,0.04800000041723251,0.04800000041723251,0.04800000041723251,0,0.0,0.0
2023-03-23 00:00:00+01:00,0.05249999836087227,0.05249999836087227,0.05249999836087227,0.05249999836087227,0,0.0,0.0
2023-03-24 00:00:00+01:00,0.052000001072883606,0.052000001072883606,0.052000001072883606,0.052000001072883606,0,0.0,0.0
2023-03-27 00:00:00+02:00,0.054499998688697815,0.054499998688697815,0.054499998688697815,0.054499998688697815,0,0.0,0.0
2023-03-28 00:00:00+02:00,0.054999999701976776,0.054999999701976776,0.054999999701976776,0.054999999701976776,0,0.0,0.0
2023-03-29 00:00:00+02:00,0.05700000002980232,0.05700000002980232,0.05700000002980232,0.05700000002980232,0,0.0,0.0
2023-03-30 00:00:00+02:00,0.05550000071525574,0.07500000298023224,0.05550000071525574,0.07500000298023224,650,0.0,0.0
2023-03-31 00:00:00+02:00,0.0560000017285347,0.0560000017285347,0.0560000017285347,0.0560000017285347,0,0.0,0.0
2023-04-03 00:00:00+02:00,0.05849999934434891,0.05849999934434891,0.05849999934434891,0.05849999934434891,0,0.0,0.0
2023-04-04 00:00:00+02:00,0.05700000002980232,0.05700000002980232,0.05700000002980232,0.05700000002980232,0,0.0,0.0
2023-04-05 00:00:00+02:00,0.0560000017285347,0.0560000017285347,0.0560000017285347,0.0560000017285347,0,0.0,0.0
2023-04-06 00:00:00+02:00,0.054999999701976776,0.054999999701976776,0.054999999701976776,0.054999999701976776,0,0.0,0.0
2023-04-12 00:00:00+02:00,0.05299999937415123,0.05299999937415123,0.05299999937415123,0.05299999937415123,0,0.0,0.0
2023-04-13 00:00:00+02:00,0.05299999937415123,0.05299999937415123,0.05299999937415123,0.05299999937415123,0,0.0,0.0
2023-04-14 00:00:00+02:00,0.05550000071525574,0.05550000071525574,0.05550000071525574,0.05550000071525574,0,0.0,0.0
2023-04-17 00:00:00+02:00,0.04650000110268593,0.04650000110268593,0.04650000110268593,0.04650000110268593,0,0.0,0.0
2023-04-18 00:00:00+02:00,0.04600000008940697,0.04600000008940697,0.04600000008940697,0.04600000008940697,0,0.0,0.0
2023-04-19 00:00:00+02:00,0.05249999836087227,0.05249999836087227,0.05249999836087227,0.05249999836087227,0,0.0,0.0
2023-04-20 00:00:00+02:00,0.04349999874830246,0.04349999874830246,0.04349999874830246,0.04349999874830246,0,0.0,0.0
2023-04-21 00:00:00+02:00,0.04500000178813934,0.04500000178813934,0.04500000178813934,0.04500000178813934,0,0.0,0.0
2023-04-24 00:00:00+02:00,0.042500000447034836,0.042500000447034836,0.042500000447034836,0.042500000447034836,0,0.0,0.0
2023-04-25 00:00:00+02:00,0.04149999842047691,0.04149999842047691,0.04149999842047691,0.04149999842047691,0,0.0,0.0
2023-04-26 00:00:00+02:00,0.03999999910593033,0.03999999910593033,0.03999999910593033,0.03999999910593033,0,0.0,0.0
2023-04-27 00:00:00+02:00,0.04149999842047691,0.04149999842047691,0.04149999842047691,0.04149999842047691,0,0.0,0.0
2023-04-28 00:00:00+02:00,0.04500000178813934,0.04500000178813934,0.04500000178813934,0.04500000178813934,0,0.0,0.0
2023-05-02 00:00:00+02:00,0.04100000113248825,0.04100000113248825,0.04100000113248825,0.04100000113248825,0,0.0,0.0
2023-05-03 00:00:00+02:00,0.03999999910593033,0.03999999910593033,0.03999999910593033,0.03999999910593033,0,0.0,0.0
2023-05-04 00:00:00+02:00,0.04050000011920929,0.04050000011920929,0.04050000011920929,0.04050000011920929,0,0.0,0.0
2023-05-05 00:00:00+02:00,0.03849999979138374,0.03849999979138374,0.03849999979138374,0.03849999979138374,0,0.0,0.0
2023-05-08 00:00:00+02:00,0.035999998450279236,0.035999998450279236,0.035999998450279236,0.035999998450279236,0,0.0,0.0
2023-05-09 00:00:00+02:00,0.04050000011920929,0.04050000011920929,0.04050000011920929,0.04050000011920929,0,0.0,0.0
2023-05-10 00:00:00+02:00,0.04100000113248825,0.04100000113248825,0.04100000113248825,0.04100000113248825,0,0.0,0.0
2023-05-11 00:00:00+02:00,0.04100000113248825,0.04100000113248825,0.04100000113248825,0.04100000113248825,0,0.0,0.0
2023-05-12 00:00:00+02:00,0.04149999842047691,0.04149999842047691,0.04149999842047691,0.04149999842047691,0,0.0,0.0
2023-05-15 00:00:00+02:00,0.04149999842047691,0.04149999842047691,0.04149999842047691,0.04149999842047691,0,0.0,0.0
2023-05-16 00:00:00+02:00,0.04100000113248825,0.04100000113248825,0.04100000113248825,0.04100000113248825,0,0.0,0.0
2023-05-17 00:00:00+02:00,0.04100000113248825,0.04100000113248825,0.04100000113248825,0.04100000113248825,0,0.0,0.0
2023-05-18 00:00:00+02:00,0.04500000178813934,0.04500000178813934,0.04500000178813934,0.04500000178813934,0,0.0,0.0
2023-05-19 00:00:00+02:00,0.04899999871850014,0.04899999871850014,0.04899999871850014,0.04899999871850014,0,0.0,0.0
2023-05-22 00:00:00+02:00,0.05249999836087227,0.05249999836087227,0.05249999836087227,0.05249999836087227,0,0.0,0.0
2023-05-24 00:00:00+02:00,0.05350000038743019,0.05350000038743019,0.05350000038743019,0.05350000038743019,0,0.0,0.0
2023-05-25 00:00:00+02:00,0.054499998688697815,0.054499998688697815,0.054499998688697815,0.054499998688697815,0,0.0,0.0
2023-05-26 00:00:00+02:00,0.054499998688697815,0.054499998688697815,0.054499998688697815,0.054499998688697815,0,0.0,0.0
2023-05-29 00:00:00+02:00,0.05299999937415123,0.05299999937415123,0.05299999937415123,0.05299999937415123,0,0.0,0.0
2023-05-30 00:00:00+02:00,0.051500000059604645,0.051500000059604645,0.051500000059604645,0.051500000059604645,0,0.0,0.0
2023-05-31 00:00:00+02:00,0.05249999836087227,0.05249999836087227,0.05249999836087227,0.05249999836087227,0,0.0,0.0
2023-06-02 00:00:00+02:00,0.05249999836087227,0.05249999836087227,0.05249999836087227,0.05249999836087227,0,0.0,0.0
2023-06-05 00:00:00+02:00,0.05649999901652336,0.05649999901652336,0.05649999901652336,0.05649999901652336,0,0.0,0.0
2023-06-06 00:00:00+02:00,0.05849999934434891,0.05849999934434891,0.05849999934434891,0.05849999934434891,0,0.0,0.0
2023-06-07 00:00:00+02:00,0.05550000071525574,0.05550000071525574,0.05550000071525574,0.05550000071525574,0,0.0,0.0
2023-06-08 00:00:00+02:00,0.054999999701976776,0.054999999701976776,0.054999999701976776,0.054999999701976776,0,0.0,0.0
2023-06-09 00:00:00+02:00,0.054499998688697815,0.054499998688697815,0.054499998688697815,0.054499998688697815,0,0.0,0.0
2023-06-13 00:00:00+02:00,0.054999999701976776,0.054999999701976776,0.054999999701976776,0.054999999701976776,0,0.0,0.0
2023-06-14 00:00:00+02:00,0.0560000017285347,0.0560000017285347,0.0560000017285347,0.0560000017285347,0,0.0,0.0
2023-06-15 00:00:00+02:00,0.05849999934434891,0.05849999934434891,0.05849999934434891,0.05849999934434891,0,0.0,0.0
2023-06-16 00:00:00+02:00,0.054999999701976776,0.054999999701976776,0.054999999701976776,0.054999999701976776,0,0.0,0.0
2023-06-19 00:00:00+02:00,0.05350000038743019,0.05350000038743019,0.05350000038743019,0.05350000038743019,0,0.0,0.0
2023-06-20 00:00:00+02:00,0.05299999937415123,0.05299999937415123,0.05299999937415123,0.05299999937415123,0,0.0,0.0
2023-06-21 00:00:00+02:00,0.05299999937415123,0.05299999937415123,0.05299999937415123,0.05299999937415123,0,0.0,0.0
2023-06-22 00:00:00+02:00,0.052000001072883606,0.052000001072883606,0.052000001072883606,0.052000001072883606,0,0.0,0.0
2023-06-23 00:00:00+02:00,0.05000000074505806,0.05000000074505806,0.05000000074505806,0.05000000074505806,0,0.0,0.0
2023-06-26 00:00:00+02:00,0.050999999046325684,0.050999999046325684,0.050999999046325684,0.050999999046325684,0,0.0,0.0
2023-06-27 00:00:00+02:00,0.05400000140070915,0.05400000140070915,0.05400000140070915,0.05400000140070915,0,0.0,0.0
2023-06-28 00:00:00+02:00,0.05299999937415123,0.05299999937415123,0.05299999937415123,0.05299999937415123,0,0.0,0.0
2023-06-29 00:00:00+02:00,0.0560000017285347,0.0560000017285347,0.0560000017285347,0.0560000017285347,0,0.0,0.0
2023-06-30 00:00:00+02:00,0.05550000071525574,0.05550000071525574,0.05550000071525574,0.05550000071525574,0,0.0,0.0
2023-07-03 00:00:00+02:00,0.054999999701976776,0.054999999701976776,0.054999999701976776,0.054999999701976776,0,0.0,0.0
2023-07-04 00:00:00+02:00,0.05400000140070915,0.05400000140070915,0.05400000140070915,0.05400000140070915,0,0.0,0.0
2023-07-05 00:00:00+02:00,0.0560000017285347,0.0560000017285347,0.0560000017285347,0.0560000017285347,0,0.0,0.0
2023-07-06 00:00:00+02:00,0.05050000175833702,0.05050000175833702,0.05050000175833702,0.05050000175833702,0,0.0,0.0
2023-07-07 00:00:00+02:00,0.057999998331069946,0.057999998331069946,0.057999998331069946,0.057999998331069946,0,0.0,0.0
2023-07-10 00:00:00+02:00,0.05400000140070915,0.05400000140070915,0.05400000140070915,0.05400000140070915,0,0.0,0.0
2023-07-11 00:00:00+02:00,0.05000000074505806,0.05000000074505806,0.05000000074505806,0.05000000074505806,0,0.0,0.0
2023-07-12 00:00:00+02:00,0.05050000175833702,0.05050000175833702,0.05050000175833702,0.05050000175833702,0,0.0,0.0
2023-07-13 00:00:00+02:00,0.0494999997317791,0.0494999997317791,0.0494999997317791,0.0494999997317791,0,0.0,0.0
2023-07-14 00:00:00+02:00,0.04899999871850014,0.04899999871850014,0.04899999871850014,0.04899999871850014,0,0.0,0.0
2023-07-17 00:00:00+02:00,0.05000000074505806,0.05000000074505806,0.05000000074505806,0.05000000074505806,0,0.0,0.0
2023-07-18 00:00:00+02:00,0.052000001072883606,0.052000001072883606,0.052000001072883606,0.052000001072883606,0,0.0,0.0
2023-07-19 00:00:00+02:00,0.04899999871850014,0.04899999871850014,0.04899999871850014,0.04899999871850014,0,0.0,0.0
2023-07-20 00:00:00+02:00,0.051500000059604645,0.051500000059604645,0.051500000059604645,0.051500000059604645,0,0.0,0.0
2023-07-21 00:00:00+02:00,0.04899999871850014,0.04899999871850014,0.04899999871850014,0.04899999871850014,0,0.0,0.0
2023-07-24 00:00:00+02:00,0.04349999874830246,0.04349999874830246,0.04349999874830246,0.04349999874830246,0,0.0,0.0
2023-07-25 00:00:00+02:00,0.05350000038743019,0.05350000038743019,0.05350000038743019,0.05350000038743019,0,0.0,0.0
2023-07-26 00:00:00+02:00,0.052000001072883606,0.052000001072883606,0.052000001072883606,0.052000001072883606,0,0.0,0.0
2023-07-27 00:00:00+02:00,0.05249999836087227,0.05249999836087227,0.05249999836087227,0.05249999836087227,0,0.0,0.0
2023-07-28 00:00:00+02:00,0.054999999701976776,0.054999999701976776,0.054999999701976776,0.054999999701976776,0,0.0,0.0
2023-07-31 00:00:00+02:00,0.054999999701976776,0.054999999701976776,0.054999999701976776,0.054999999701976776,0,0.0,0.0
2023-08-01 00:00:00+02:00,0.05550000071525574,0.05550000071525574,0.05550000071525574,0.05550000071525574,0,0.0,0.0
2023-08-02 00:00:00+02:00,0.05649999901652336,0.05649999901652336,0.05649999901652336,0.05649999901652336,0,0.0,0.0
2023-08-03 00:00:00+02:00,0.05550000071525574,0.05550000071525574,0.05550000071525574,0.05550000071525574,0,0.0,0.0
2023-08-04 00:00:00+02:00,0.052000001072883606,0.052000001072883606,0.052000001072883606,0.052000001072883606,0,0.0,0.0
2023-08-08 00:00:00+02:00,0.05350000038743019,0.05350000038743019,0.05350000038743019,0.05350000038743019,0,0.0,0.0
2023-08-09 00:00:00+02:00,0.05299999937415123,0.05299999937415123,0.05299999937415123,0.05299999937415123,0,0.0,0.0
2023-08-10 00:00:00+02:00,0.050999999046325684,0.050999999046325684,0.050999999046325684,0.050999999046325684,0,0.0,0.0
2023-08-11 00:00:00+02:00,0.05350000038743019,0.05350000038743019,0.05350000038743019,0.05350000038743019,0,0.0,0.0
2023-08-14 00:00:00+02:00,0.054499998688697815,0.054499998688697815,0.054499998688697815,0.054499998688697815,0,0.0,0.0
2023-08-15 00:00:00+02:00,0.05400000140070915,0.05400000140070915,0.05400000140070915,0.05400000140070915,0,0.0,0.0
2023-08-16 00:00:00+02:00,0.05350000038743019,0.05350000038743019,0.05350000038743019,0.05350000038743019,0,0.0,0.0
2023-08-17 00:00:00+02:00,0.054999999701976776,0.054999999701976776,0.054999999701976776,0.054999999701976776,0,0.0,0.0
2023-08-18 00:00:00+02:00,0.05299999937415123,0.05299999937415123,0.05299999937415123,0.05299999937415123,0,0.0,0.0
2023-08-21 00:00:00+02:00,0.054499998688697815,0.054499998688697815,0.054499998688697815,0.054499998688697815,0,0.0,0.0
2023-08-22 00:00:00+02:00,0.05400000140070915,0.05400000140070915,0.05400000140070915,0.05400000140070915,0,0.0,0.0
2023-08-23 00:00:00+02:00,0.05299999937415123,0.05299999937415123,0.05299999937415123,0.05299999937415123,0,0.0,0.0
2023-08-24 00:00:00+02:00,0.054999999701976776,0.054999999701976776,0.054999999701976776,0.054999999701976776,0,0.0,0.0
2023-08-25 00:00:00+02:00,0.05550000071525574,0.05550000071525574,0.05550000071525574,0.05550000071525574,0,0.0,0.0
2023-08-28 00:00:00+02:00,0.05700000002980232,0.05700000002980232,0.05700000002980232,0.05700000002980232,0,0.0,0.0
2023-08-29 00:00:00+02:00,0.0560000017285347,0.0560000017285347,0.0560000017285347,0.0560000017285347,0,0.0,0.0
2023-08-30 00:00:00+02:00,0.054499998688697815,0.054499998688697815,0.054499998688697815,0.054499998688697815,0,0.0,0.0
2023-08-31 00:00:00+02:00,0.054999999701976776,0.054999999701976776,0.054999999701976776,0.054999999701976776,0,0.0,0.0
2023-09-01 00:00:00+02:00,0.05999999865889549,0.05999999865889549,0.05999999865889549,0.05999999865889549,0,0.0,0.0
2023-09-04 00:00:00+02:00,0.05700000002980232,0.05700000002980232,0.05700000002980232,0.05700000002980232,0,0.0,0.0
2023-09-05 00:00:00+02:00,0.05700000002980232,0.05700000002980232,0.05700000002980232,0.05700000002980232,0,0.0,0.0
2023-09-06 00:00:00+02:00,0.05700000002980232,0.05700000002980232,0.05700000002980232,0.05700000002980232,0,0.0,0.0
2023-09-07 00:00:00+02:00,0.05900000035762787,0.05900000035762787,0.05900000035762787,0.05900000035762787,0,0.0,0.0
2023-09-08 00:00:00+02:00,0.05000000074505806,0.05000000074505806,0.05000000074505806,0.05000000074505806,0,0.0,0.0
2023-09-11 00:00:00+02:00,0.057999998331069946,0.057999998331069946,0.057999998331069946,0.057999998331069946,0,0.0,0.0
2023-09-12 00:00:00+02:00,0.057999998331069946,0.057999998331069946,0.057999998331069946,0.057999998331069946,0,0.0,0.0
2023-09-13 00:00:00+02:00,0.05849999934434891,0.05849999934434891,0.05849999934434891,0.05849999934434891,0,0.0,0.0
2023-09-14 00:00:00+02:00,0.05849999934434891,0.05849999934434891,0.05849999934434891,0.05849999934434891,0,0.0,0.0
2023-09-15 00:00:00+02:00,0.05849999934434891,0.05849999934434891,0.05849999934434891,0.05849999934434891,0,0.0,0.0
2023-09-18 00:00:00+02:00,0.057999998331069946,0.057999998331069946,0.057999998331069946,0.057999998331069946,650,0.0,0.0
